Sec,RR_Intervals,QRS_Duration,QRS_Duration_Avg,RR_Entropy,QRS_Area,R_Amp,QRSPPK,Qdur,QRSdur1,TransQRSMaxMacA,TransQRSMaxMacB,QRS_Front_Axis,APC_Incr_P,APC_Incr_RR,Std_LineaIso_R,Std_LineaIso_P,APC_Detectado,VarRR,VarQRSPPK,VarRAmp,PNN10,PNN50,PNN100
1.9157987689615876,0.8158282741926128,0.15382106345941016,,,0.059176561430503614,1.668607620218194,2.4898893734485013,0.008364917067484469,0.09826838187180835,,0.0009432183380052104,-84.906974929403,0.0,-6.54579832376342,0.23664345633277023,,0,,,,,,
2.6801992794487655,0.8100475611740585,0.11816452027671069,,,0.05326436416921749,1.7359263762404078,2.235529250430098,0.003620377287675972,0.09582821036976723,,0.004192360382727827,-79.60392476953531,0.0,-1.5628857728676622,0.24679304028164095,,0,,,,,,
3.4605914324147546,0.8212709321692342,0.096963121318614,,,0.04836333259812186,1.6597002513423287,2.2219129133889144,0.005019704692778519,0.09828671078315383,,0.013820851306482381,-82.1720613046185,0.0,-1.5568366228160575,0.23365336355738914,,0,,,,,,
4.247380242372269,0.8246911497145506,0.07832725155872512,,,0.043647870975854264,1.7418987059875564,2.2390416578888486,0.006663836051697222,0.10055169058994837,,0.023824242071346535,-80.22420819244708,0.0,1.9358028545795554,0.2528766692947981,,0,,,,,,
5.027772395338258,0.8172222002435288,0.07427143807831979,,,0.04271755311807339,1.651215681343201,2.225106027535638,0.004998651749942341,0.09690032965792184,,0.021801311695601892,-80.62165628096079,0.0,-0.8404767988451842,0.22779861109313673,,0,,,,,,
5.820957862287296,0.8213339460722242,0.07712288658330249,,,0.043979695675518495,1.564833376225455,2.2267032885306457,0.006570004138268002,0.10060156137158499,,0.02153803406206402,-80.33689272449473,0.0,0.4524662527702959,0.23582389103016754,,0,,,,,,
6.562970073304138,0.8169192872424921,0.08761828950497098,0.11868081926712998,,0.04606164532408843,1.5229558449639071,2.2545323935774086,0.006861052283229745,0.09973489196215077,0.6717426744600451,0.023155163942317484,-83.74666271665421,0.0,0.9490070704787251,0.2245802578987861,,0,,,,,,
7.394535482202324,0.8185191260372793,0.08775367774688321,0.11841077794062847,,0.0440653868614984,1.4858606419239508,2.2339553744842005,0.0068256680781803815,0.09991626802994436,0.6430576043740915,0.021618346317558657,-84.74363003719046,0.0,0.2863872467849096,0.23865311391962207,,0,,,,,,
8.197315934638647,0.8291877786157138,0.08620800372877652,0.1183704316903062,,0.04376868029183628,1.5167782703047556,2.21557363230957,0.006519995427645442,0.09999017830498737,0.6796649399550817,0.023184482298601514,-83.26761273441572,0.0,3.1944130150046717,0.23308074910827728,,0,,,,,,
8.98410474459616,0.816225832227869,0.08716731947060069,0.11787001496658171,,0.04661883213666473,1.521557775525676,2.201771927828758,0.0067162799183761055,0.09954891560867105,0.7685901033844064,0.022296591050643064,-83.28366741036496,0.0,3.4925516414000914,0.21715072937114593,,0,,,,,,
9.770893554553675,0.809397609835068,0.0864033371823912,0.12132126402075626,,0.0462634714750884,1.7422218384090318,2.2693775018932896,0.006487059309831333,0.0988836182432419,0.7649692441465502,0.023166375941536824,-80.38210882484499,0.0,-4.8689972367304835,0.22825282694882632,,0,0.09967444344688882,0.09179067979210861,0.053685552634994506,70.57935310383009,22.529806947336287,6.349438414351461
10.551285707519664,0.7764184136848659,0.08595963246729463,0.12070107654652847,,0.043337520095016964,1.7394426244632568,2.279501948376795,0.006693073331112813,0.10045450322569728,0.7296360760517953,0.025953229370088756,-77.96662311855064,0.0,-5.070095561244766,0.2230325434178728,,0,0.04765231899651714,0.08115550091766567,0.050626032586773714,72.01365614758332,18.05228304619798,2.359623694526273
11.302892904023793,0.7955979615053546,0.08852365024919384,0.11810909607214909,,0.04600756294126957,1.7390769783959987,2.3598719107497375,0.006525724155280112,0.09883017986637967,0.7722127499348673,0.026369667110095526,-80.08891067989049,0.0,2.3016756105455456,0.2247718139543823,,0,-0.005108980833019987,0.07004655279253365,0.05272118859655826,71.46102346583358,14.747827087553063,-0.49238166112717735
12.035310129553347,0.7826531386164647,0.09148713559101829,0.12020739971267816,,0.046515434561762006,1.744275968408115,2.361515392029099,0.0066273888564148415,0.09978082249163256,0.7118291324809902,0.026805982930186573,-77.80513781977287,0.0,-2.375597333216421,0.22352131909535417,,0,0.0008658594990531972,0.07064322535510333,0.05190711201524496,72.2197216421664,13.36732821591725,0.48726359151981674
12.77732234057019,0.7814206379719074,0.09604037404189016,0.11971435954738964,,0.046327340188503194,1.742535532896906,2.3742243446405387,0.006684876651531224,0.10862252598074831,0.6776018312629322,0.026565124634821368,-77.9728209498375,0.0,-2.542407902139633,0.2205420954081824,,0,-0.012699035383910949,0.07115973537531821,0.052191626949230296,70.94411741544845,14.811843798353689,-2.0440529074643257
13.503342909108222,0.7754386548970724,0.09141845380051877,0.12120224924147782,,0.04633534515482248,1.752459656844855,2.3675251359374316,0.006493983326996438,0.10776418103991028,0.6693736875768485,0.02685657275302488,-77.98926297244958,0.0,-0.8973323090441901,0.21367750682954717,,0,0.006429624802258857,0.06690512834899384,0.05203259930384731,70.94295625674481,19.224595321063532,-1.1580118131685215
14.232561806142016,0.7775738577406321,0.09415263492930874,0.12087088243257677,,0.04701498831920249,1.7451505408578722,2.3567162334493146,0.0067248387601874455,0.10747832714292237,0.6831620242490632,0.02658609725529154,-77.1089048469615,0.0,2.306961569048816,0.2197552605330597,,0,-0.017133271162166574,0.0697558647333545,0.05196370139940897,73.85059372439585,14.380403854480011,-0.9877270869861803
14.996962316629192,0.7764401550470504,0.10976476617143888,0.11927433782494985,,0.05148494355915977,1.7388691838733514,2.3847327859628704,0.0067761496236869116,0.104833160921361,0.7469009190544106,0.027438095937265167,-77.18632020770409,0.0,-2.1480963336842165,0.21100363137757666,,0,0.027832622834198073,0.06304826505620288,0.04840782129082204,71.64886141920447,14.566437448143864,-0.833714239571496
15.700594585696887,0.7708595027278714,0.10872801364419608,0.11770041698763828,,0.051433163095169834,1.7519668123856482,2.3700137153229117,0.00667474220408707,0.1078568130745822,0.736243938447776,0.028017771626293927,-77.80974019690703,0.0,5.648078981276588,0.2181492104657946,,0,-0.005261808068710483,0.06943760752708251,0.04699450889273833,71.80465299889467,15.205235132489813,-0.3427829318776784
16.449003453705256,0.7853809084851558,0.09237030660482584,0.11825234051039847,,0.046420316684135064,1.744348188667976,2.3666890843741233,0.006825256094984648,0.10061540644287066,0.6950972386627066,0.027687708141896212,-78.10327103502533,0.0,-7.1982300501186645,0.2127243481323411,,0,-0.01698203454359582,0.07188685621296888,0.04632254656076233,70.39651248309927,14.426645212654352,1.3587371499282803
17.207007307200907,0.7818548431144398,0.09293571468254841,0.12013619950745248,,0.04406074682933362,1.705211441921905,2.260539870665376,0.0066391798368104155,0.09830299004249744,0.6870151222982268,0.02752381416631604,-77.58768227733277,0.0,3.9489754189973127,0.14849673604721467,,0,0.03222576594832023,0.0690047390630387,0.042562890533054704,71.52678738378495,13.205159234339106,1.6273367677189254
17.971407817688085,0.7794647773976121,0.08131329331253541,0.12054824714805223,,0.04233362356082749,1.6534578016478498,2.2478938303061704,0.006732805458292981,0.09990534779476506,0.6246891807827641,0.027437201973152626,-78.48932241236606,0.0,0.4240031485124295,0.1517738624301149,,0,-0.0028099467922551085,0.07028644952236561,0.04397399102637335,71.73803648853148,15.055050906809244,0.12432031456629863
18.7581966276456,0.7916709899400132,0.08175665372395793,0.11797096671180243,,0.040015138006170806,1.6571256552678708,2.2440859615761757,0.006890081547805061,0.0998849226067807,0.640190577338573,0.02868844958430082,-77.55994676613409,0.0,0.840029055374474,0.21476747507095467,,0,-0.015993413700126,0.07382235436564778,0.04342486065136014,79.90265001010968,13.740939992894328,0.5601625697294002
19.49381218167091,0.7799954668498599,0.06960766867286276,0.11898408247517335,,0.03915703713957456,1.6640640680441332,2.2627618509188774,0.006747206124977209,0.09989057566259456,0.6150275722513585,0.02723022767823457,-77.92662715310539,0.0,3.9731624102735306,0.20250462815884923,,0,-0.012027112547778294,0.0744441723108607,0.04391550277360001,79.44068117220272,13.767664918784723,0.4454655920621005
20.248617706670807,0.7800729507278157,0.07059590403226781,0.11117310627085156,,0.03859402740715173,1.665756424132285,2.195774060056869,0.0067243307794873294,0.09966365209075242,0.59609845047833,0.02803605522607386,-77.2208479930033,0.0,2.0138221669001317,0.20679783823075465,,0,0.006017649848967229,0.0652182822504988,0.044065969393246876,79.75286024528316,14.760723316845791,0.6319238297421778
20.984233260696126,0.7688176080539233,0.08016155028827276,0.11126833679151497,,0.04013596541760196,1.6643863473537754,2.1916128804542296,0.003284491183991655,0.10017331836919434,0.6346856718501571,0.027490988773732888,-78.24011724998239,0.0,1.9473053484429301,0.2166730738678613,,0,0.010629765031020703,0.06988938418688317,0.04372877332819432,78.75172460688037,15.156088529348809,-0.6509489524963147
21.451189221077414,0.7641522461898609,0.08056353981279032,0.10125720771526914,,0.03945128110902159,1.6137073557148325,2.2154400718208307,0.0032719739265495906,0.1000804073742954,0.6710470544164461,0.026106767921394453,-78.10880570671875,0.0,1.4058902249996397,0.20483182103836117,,0,-0.012770249023544095,0.0682199874175363,0.04291970941996456,84.58357076398434,13.040079301789953,0.14008348002961699
22.433076069276424,0.7725623572117705,0.07979745758091136,0.0939291513470175,,0.03964629901055404,1.6135598941394578,2.1672362353079886,0.0032855700737910317,0.09983232035911233,0.6428066397098167,0.02673703293957815,-77.39695314725982,0.0,3.8779870236525906,0.2139149937442492,,0,0.0075168864509424435,0.11232635108127546,0.12190548321219548,85.96670136216146,22.476419566531415,7.3793347077060565
23.165493294805977,0.7637678164053409,0.08045499237810401,0.08993228945278826,,0.03955258384474587,1.6570834315701417,2.178140546311456,0.003390716951040845,0.10061732608408765,0.6333293726944454,0.026311372151026868,-77.22587767665264,0.0,-0.9491372702117937,0.1993665364775326,,0,0.00668275812349867,0.11135290146382902,0.12217130507088284,87.88383384619887,28.33488396254734,14.860494858449549
23.872323892369437,0.7597516466980716,0.08079830973438097,0.08683467498969108,,0.03946967912167205,1.5629755875958031,2.148823278531316,0.0034362547467406755,0.09999673209624668,0.6725755759676214,0.026732914380036346,-78.465575655461,0.0,1.223927206116252,0.16977690467549153,,0,0.019226055427627814,0.11096519663163598,0.1209131228313016,85.6120693459922,26.610050282179294,23.825342209934973
24.60474111789899,0.7656719123956216,0.07931752374676702,0.08359805325014105,,0.040082473395173096,1.6567678811102902,2.2023008361828107,0.0035970283322540085,0.0989033540235044,0.6560696992335111,0.026464743637156844,-77.62700212174057,0.0,1.2752704870418186,0.18478030684799737,,0,-0.002249912786631867,0.10963473466915333,0.12080631493587515,85.92974354042367,27.859303963678435,21.904389510300508
25.327563357941262,0.7660848720789257,0.08041511011915428,0.08291107300676472,,0.04260329334003245,1.6579085504295508,2.1802483999372546,0.0032349328276282427,0.0975278030369457,0.7228286265297847,0.027581488126376855,-77.76528141554289,0.0,-2.686600852161448,0.18757805219635146,,0,0.01844293221157556,0.1061411436497663,0.12462017009358574,86.76200312299798,29.040381197232005,20.483874647506678
26.06637724046234,0.7646333721614521,0.07903125801326105,0.08188536305613213,,0.04528926975233871,1.662077182991629,2.197023816586101,0.003452304079249978,0.0976592486354891,0.7537646658102497,0.028308239108194494,-77.68901951388888,0.0,3.9095289503926627,0.20103230864632113,,0,0.009156082147027424,0.11127271473421653,0.12219880488893241,94.0150792454649,31.334971092783952,21.694262074228757
26.79559613749613,0.7567762688582405,0.0817328016087979,0.08299943585737907,,0.04492382170069527,1.5970405487895918,2.177136747776818,0.003433246700130167,0.09642017880461108,0.75960852270538,0.02847222793165012,-77.01482297620854,0.0,0.17300198862150185,0.1618726620654496,,0,0.007494449739234835,0.10831849534526006,0.12253638509384147,92.05087889934197,28.44015336293161,19.969649312326112
27.53121169152145,0.7701283079892701,0.0783284457220351,0.08394180719542457,,0.04522769729843947,1.5871489543462085,2.1745378486916227,0.0032940836375501634,0.0962821403971215,0.7532351266335169,0.027980409301431267,-77.34526626380722,0.0,0.06356077672202731,0.10598413473610349,,0,0.01899810013053855,0.09789567598226634,0.11392404845517332,92.14149340785052,31.246977776032278,20.43415803941501
28.279620559529818,0.7745623560501899,0.08264029730877927,0.08453761164518712,0.35056180947290055,0.04541764959794909,1.5551132844776019,2.153153033361942,0.0032632062297517582,0.09824254499942574,0.7692421881514028,0.02783048944475332,-80.44322939321556,0.0,0.7184950012632767,0.11844518118917245,,0,0.010013839066213634,0.10166868119435894,0.11541826044061763,92.46203478326021,28.224087068247524,20.44150765908311
29.037624413025465,0.7859867005110635,0.11745353355052775,0.08619003404633195,0.7251234024359235,0.048229251741176316,1.5496013913115136,2.1478963804775373,0.0032812381115020018,0.09735678861127428,0.9076352911600841,0.028059099428959317,-80.90009082400333,0.0,-2.2444123619436245,0.11056545871801268,,0,0.02485264402344721,0.09704754900663141,0.1148868646656283,92.76693487118052,27.160294352230167,22.77878209773782
29.802024923512647,0.7962290276898343,0.1200193898492395,0.0873544673606155,0.9352108614751504,0.05014866320590923,1.596730483546904,2.1725475305910265,0.003222489705818376,0.09762300286121245,0.9199861941564867,0.02828879279514354,-78.20785002512481,0.0,2.6049220750156943,0.10160968523824794,,0,0.003875326346566966,0.08456773702399634,0.11434650325709622,83.38234029412354,29.22508996639037,23.758296364685368
30.57282209099135,0.7949570471079244,0.1234986792425951,0.08983275241280528,0.8798529644497978,0.04995143876605393,1.58865672730188,2.174244659095673,0.0067081355776634636,0.09678847047099366,0.9205453484614873,0.0290170116389702,-74.87687366608957,0.0,0.6692122708229307,0.11193386038022274,,0,0.0053723584573424485,0.08252548580666776,0.11717089939071917,88.1727350421552,22.166845988679047,20.981392529050897
31.337222601478526,0.8056253153082985,0.12167566067419594,0.09177722143140525,0.9716481327949795,0.05296806639624346,1.5897676814116146,2.194325554857748,0.006678754345394001,0.09479490705332352,0.9740744639973865,0.029155121321909297,-79.86472652081481,0.0,1.6446684927811452,0.1624312233810744,,0,-0.006718797882592532,0.07868306134940169,0.11459495833930568,79.55317055802779,21.286560396957803,20.10087674670693
32.111218097453,0.8021771067655704,0.12139981650879939,0.09366822748520803,0.9129100985805847,0.049790833724145264,1.7114480973131478,2.3483295997817026,0.006681767232954422,0.09559254532029572,0.9283504569263907,0.028054349770580075,-80.85043283489856,0.0,5.351673140274331,0.16512455332520729,,0,0.035070148898213256,0.08266625908378726,0.11471912459078833,71.75977426983877,22.480122526680866,21.11183086791913
32.91399854988932,0.8083462397533818,0.13097469761612748,0.09169439914962325,0.8498201019782339,0.04986913184664803,1.587686647417528,2.185929281979332,0.006760757558460617,0.09539468424689194,0.9165196170773077,0.028378740301128053,-81.4733825790523,0.0,4.086267761803997,0.15963235346833146,,0,0.029008133707505455,0.08155006134933061,0.1126232196524335,71.42713955464085,15.630294713931697,15.50252478349238
33.684795717368026,0.8143526147299597,0.13389174653921668,0.09677224490455101,0.9603672075405699,0.04979113628144017,1.7224885431970898,2.45203363440702,0.0065190310901392405,0.09649944454344765,0.9007583884366627,0.02958715684375755,-79.4281748031633,0.0,3.7486997141255682,0.19614151956458784,,0,0.00958567646905549,0.06743512305075149,0.036251899457439674,71.61878726126656,7.9317005447328786,8.039196557088957
34.46518787033401,0.8178565107725756,0.13316856656786996,0.10131845856139077,0.8932070313602233,0.050500641187591344,1.7106097085495628,2.4861495925666137,0.006889852558273732,0.09635891527627041,0.9007891483416542,0.02905326150316016,-80.98038414671986,0.0,-0.14795341758114655,0.2026779782712288,,0,-0.013148598039514032,0.062486154986324455,0.03483069924985884,70.14216691649386,0.04624544122981721,1.00020880216564
35.258373337283054,0.8196683897147484,0.133015247300598,0.11091141002001144,0.8981229523749147,0.05021656956249069,1.716060249656046,2.4920360364289014,0.006500693839102553,0.09645791814601729,0.9145946382055974,0.029432594280391626,-81.70831896843173,0.0,-1.1815268576406956,0.21051880407493948,,0,0.0005827450414615665,0.06477822018956768,0.032577758308188993,71.65324946024738,0.3771666910788341,0.04018062657965365
36.04516214724057,0.8143734042069738,0.13116318888160822,0.11556212037401062,0.9068853199140361,0.049667425453045554,1.6141440781827527,2.478821265245725,0.006563923606931947,0.09613920791391765,0.9045158052189,0.02880520726014773,-81.47340646287617,0.0,0.5621494709541158,0.24558953778206596,,0,0.0007930815142843608,0.0656066387593586,0.034669140962131056,70.11813757648439,0.7711585746551942,0.1821071465386304
36.82875262870231,0.8271184711912721,0.1312988254057258,0.11427371766209053,0.9325752205281053,0.048683976338353384,1.620066341787583,2.4935508182960833,0.006844676664047554,0.09856738751797985,0.8917119500502199,0.029255357759376696,-81.02022962033786,0.0,3.707958029776584,0.25754421633099345,,0,0.006853459768653766,0.07006675922994436,0.03531764109193356,65.75675161178165,0.5888363889438091,0.38398073916486064
37.615541438659825,0.8199058164940247,0.13361695417426683,0.1165106923114075,0.8470519981020326,0.05015269724065912,1.5510010061241142,2.498592754169221,0.006662223505786721,0.09613821207986344,0.8810616909114913,0.02774217817091189,-83.25007388466791,0.0,-3.4347453106055514,0.25717085743329654,,0,-0.014061875541444351,0.07003101223179792,0.0341992242681471,63.65455210286828,-0.33397803975465423,1.483610145851996
39.88315634215527,0.8167114089751852,0.11539221644848281,0.11722860397253859,0.8139475431881651,0.04902331478515242,1.5006899646679457,2.5080444518579186,0.0068111113845897835,0.0932795465252651,0.8539231366578043,0.012631046915458775,-94.20338290621991,0.0,1.1324902029569466,0.3289330283305205,,0,0.01973100862190843,0.07361227833955789,0.03449484961645611,63.44223968159384,-0.5497730022299704,-0.5342995568071575
40.775489992472934,0.820734227123001,0.10042760453634275,0.11721236703635479,0.3132886926878634,0.04823830964638063,1.4751783228659063,2.510657367332744,0.006773466375933095,0.09369880700191618,0.4054454330781536,0.007841261030156924,-100.60771633696577,0.0,0.3945581589888112,0.424401377460984,,0,0.14246412194792513,0.06852139163855125,0.042391007075625396,64.82010862384224,6.629853730323903,6.424658886362823
41.49511390401944,0.8197004139236242,0.06412174169072472,0.11662769319667392,0.3055221607473582,0.03994859354599555,1.4688159037114834,2.4762432872647233,0.006620471733678067,0.09265910715042949,0.2623618013330948,0.007291922943199228,-100.89976732232492,0.0,-0.3568893564791775,0.48004695417832977,,0,0.1345740357783957,0.07360337549378324,0.04300042231949935,64.55964022548959,14.75472935884711,13.855371441934
42.176357873616794,0.8201262077731061,0.06577683072530643,0.11766376858102344,0.25530303695602496,0.04027654041939988,1.4697851416706995,2.4681721566071637,0.006511449713669042,0.09253268962451641,0.27295145161358636,0.007644766508438851,-100.62148385863507,0.0,1.8344931148906019,0.6255918714926051,,0,0.14945526684530205,0.07068523679580169,0.042246028619368096,63.50145503327796,23.01428254923473,21.0685940849965
43.039906567472606,0.8201171081104001,0.06228234525221828,0.11729272008066538,0.24260465677801862,0.03944983539665415,1.45895505587004,2.4829477246128917,0.0063652810696256425,0.094231064438487,0.2566378635207373,0.007244832299714088,-100.22342385209691,0.0,4.731513935833311,0.6951676214142978,,0,0.15063790362663193,0.06951847171208933,0.04778959492234733,64.06622097739711,21.61657250918523,21.599287729511826
43.78831543548097,0.8767618441107655,0.06307636275964473,0.11606424110276514,0.256749462799715,0.04009322982643098,1.4655528041963375,2.4607414436330814,0.006684626645414211,0.09305431187865876,0.25950719609270584,0.0074242410036576695,-100.31626609546339,0.0,9.786960233299414,0.7119414397941058,,0,0.16570054196696407,0.06825366912187203,0.07181768475558753,70.77829394952882,28.980169906796192,28.786491757431854
47.42481493516265,0.8431133389375229,0.06413394996218431,0.11080369401751136,0.22110816637430797,0.040089053713564124,1.4845910755157767,2.4795822797807383,0.006649804652309221,0.09319449545827595,0.2630889507637166,0.010432010574984394,-99.12968253826999,0.0,6.1409632280899915,0.6785029113764257,,0,0.14285628388396535,0.07387677910391072,0.06798427472953823,77.53898104634588,35.2847240345428,36.61875951883286
48.262777001052356,0.8163106510541074,0.0929506012754238,0.10146108377910097,0.25351725045389967,0.05080987510510286,1.4653317293456563,2.4770473516536584,0.006615251432548718,0.0930883033922183,0.3430606712258241,0.010816809592093071,-99.24284009960536,0.0,6.977060577151447,0.7080850006517403,,0,0.6464738911105818,0.07456627113911247,0.0707608472246011,79.28495392591141,44.31312292078503,43.25024695210502
49.04316915401835,0.8445056794939987,0.09281425406015563,0.10164521709070028,0.23706024551315574,0.050922668843553724,1.4811458513172107,2.6033510198515892,0.00672016875369717,0.09227629874144605,0.3852230704407765,0.010258338830433662,-100.12981592324311,0.0,6.657384342885892,0.6929555018775992,,0,0.6371919726439859,0.07108441219192724,0.07382051402921444,79.20593882138434,49.855924271076326,50.24927008667587
49.74040476609452,0.8430749998209777,0.09492533792293566,0.09854451727317087,0.29527462731856513,0.05109734152888107,1.5018612790268566,2.6574372144060225,0.006722249546091083,0.09024687024245732,0.390123974320314,0.010796322907588547,-95.02449689528805,0.0,3.274098810438069,0.7125164528800099,,0,0.6775082195813381,0.07079520385747244,0.07794294124515655,78.09147139883285,56.95774031276836,50.20537643599073
52.76922185158137,0.8173825568581694,0.09290996972021069,0.09538951523881956,0.25675302106499276,0.05072100245295886,1.5052383238532103,2.657635968696146,0.006718963181115977,0.09380043727829081,0.44390651612102805,0.014801934471249459,-94.16632678971116,0.0,10.097836624172718,0.7068620044887394,,0,0.64571089271188,0.07119882399950045,0.07896977969056497,79.79625412936167,63.16468086311449,50.921806930772874
53.57839896100922,0.8355381894480619,0.09337259201608662,0.09360086479013059,0.30351112276508185,0.05090903914578478,1.6299273957997802,2.717878655526927,0.0068135752369010314,0.09207202762265575,0.4413954767772883,0.0143867341053767,-94.8416888784567,0.0,8.78135193027334,0.7025079723691101,,0,0.9189662084995515,0.07263138500166672,0.07964245635655624,78.136003877859,70.240827391412,56.34758134605839
54.2148663316659,0.8140074665628056,0.09402809571906393,0.09434825478686598,0.3187729148587293,0.06254963827758836,1.6359943700363972,2.753484040979991,0.006799481717655248,0.08965495218148938,0.446824122321909,0.01645214009750533,-95.04953574643574,0.0,14.373124242437996,0.6905830119479633,,0,0.8983047647275453,0.07188449554315436,0.08554824762588908,85.82546344504982,77.82097438938492,65.6187431114824
56.61361270348759,0.8182675894808983,0.09359524964013367,0.09344494526089354,0.324068831376824,0.06289571775093325,1.6379725323246377,2.771271513010656,0.006570213765756494,0.09338375363388275,0.46046789225642565,0.016054329646136616,-100.0044175660187,0.0,10.793900078302984,0.6809910632697516,,0,0.9159201533457776,0.08481575858695507,0.07982013335217839,94.35880082968521,84.98468602785644,72.08009011668071
57.25967505963157,0.7548723624637478,0.09442592658122818,0.09648061528206191,0.29492985181265596,0.06277448947469884,1.627447432924298,2.7775443214966935,0.0067817036359813666,0.09287450021231737,0.4540016333427497,0.015866742944762723,-101.96002789120747,0.0,9.544926771985846,0.6800899881577422,,0,0.9409006640921996,0.09824347581888691,0.08344619909590302,99.34316472657352,92.33663902714865,72.16664123806852
57.985695628169594,0.7577324563906978,0.09391000353022826,0.09572644398766321,0.3690508190067695,0.05758915299771402,1.6309358662308968,2.80347445831469,0.006584516539018256,0.09305560153249556,0.45118815320070016,0.011162496757416682,-101.8247537829091,0.0,8.110514353896999,0.6066460617498052,,0,0.9351285693952407,0.09896414788555676,0.08965755089320701,99.64658638796891,92.9031571662962,72.9042805681246
58.8332526795466,0.7564197548187765,0.0928514977506226,0.0989652231534565,0.3018040936009597,0.05161110102248715,1.6202952309350376,2.7909421422453544,0.00669241347437456,0.09162723351151854,0.46316027179216757,0.008291323725998433,-102.15801717048404,0.0,4.599598935755006,0.3830350543570925,,0,0.9486547522568514,0.10939182516195987,0.09704318184740167,99.38636008602332,94.12799579930667,71.91622004944477
59.463323393211766,0.7417749372042173,0.0950082401288146,0.09408811795691313,0.35694305191953246,0.04595545247783041,1.5071571261219923,2.780477500170498,0.0065744318487872405,0.0932321391444423,0.43359854376720364,0.008066470966729113,-101.5485697299007,0.0,14.914008148881965,0.5130661792054455,,0,0.9478541440800546,0.10986455165642073,0.09543486173536186,99.0899621469925,91.03630050918652,73.31659458663071
60.31727710158028,0.7599253623106714,0.09335281193860762,0.09060599340165666,0.3709203211193191,0.03962688315297506,1.5075583651815392,2.616879968064823,0.006684694889447302,0.09367568896862344,0.46117418965810186,0.010735994366845454,-99.01865584395682,0.0,15.687775034978104,0.3910527415368721,,0,0.9529786518110449,0.12904786766011223,0.0962786538781866,100.56408824615824,92.46378752982189,71.84024947859473
61.00811605666493,0.7607419422662368,0.09506276297142537,0.09284599595279673,0.3384167653661154,0.04002511706939597,1.4526764535775405,2.516675554322742,0.006654435288282957,0.09556376399967237,0.48233698511220136,0.012135637074943986,-96.93193787191447,0.0,18.545287398708787,0.3934099768552383,,0,0.973019640566552,0.12363623811903197,0.0972836945179766,99.8121854577977,93.71283572004232,71.8368656931459
61.71174832573262,0.7659400230685139,0.09360188916386145,0.09295226939651871,0.33444176511913937,0.044189577027223634,1.4564171030831679,2.5218001211348104,0.006511182168698278,0.0923686575595631,0.4927507624248292,0.012109625019223526,-96.75015727962963,0.0,15.75160197249079,0.3273649057402452,,0,0.955150510959424,0.1527039112943833,0.09267726438383089,99.95530326524747,93.4537020782122,70.6967060764983
62.46975217922828,0.7634496693596858,0.08501325274297505,0.0918165055797483,0.31715245539169595,0.04143722769920456,1.4484893630985947,2.4396512977133344,0.006605212344487096,0.0928514974698101,0.516802756019019,0.012125468068047937,-97.35502848890971,0.0,20.664674543123425,0.25511542861259984,,0,0.9277545634281238,0.16567615812824496,0.09337256873766442,99.98821191945225,92.18791652923338,72.32621414371326
63.17978110528749,0.7592160044876562,0.09488358480637012,0.09066722867104668,0.3868817135463035,0.0437994910118878,1.4505100926941323,2.1888480574579128,0.006723875059467015,0.09220887805918926,0.5089086768380978,0.012451580628828809,-93.1690780655114,0.0,13.46973264843091,0.24511737379206808,,0,0.5297184076806439,0.1664538222208884,0.08944851199527186,100.40130952913665,93.02397925456758,71.88911640537572
64.66060719882542,0.7656180494962447,0.08835202013523755,0.0901941039165177,0.3562595918827108,0.04148889843518804,1.4558880339780353,2.1955094365327565,0.006764724073017487,0.09389282505268585,0.5212743021734476,0.011911211831437212,-87.22326143109662,0.0,18.566789591702737,0.24337025768805348,,0,0.5245293386652661,0.16869254572719494,0.08234823400132237,100.71845937463486,92.57841211286399,72.3402567499666
65.39302442435498,0.7615647503686933,0.08731085204453773,0.08994891385493826,0.44902486584036516,0.041401159435898074,1.4555428758889688,2.192753195335058,0.006548313912236941,0.09301686082947028,0.5389825305978408,0.02339098693920506,-81.8959894157418,0.0,11.526688695821246,0.24819185462402793,,0,0.5103747840994268,0.20722360790694594,0.07903038716863324,100.63466965696429,92.341556372412,63.26109208490087
66.15742493484215,0.7650994712117919,0.09285975478556915,0.08933691777959678,0.4966489149892109,0.04431932598789389,1.4567062846719618,2.212034215948934,0.006656767001072128,0.09254100840234883,0.5660953766494429,0.02456351216104155,-81.59644302135158,0.0,18.80231892186156,0.21145040069443577,,0,0.5116017173266895,0.2268361015190891,0.08179352814038364,99.70524543508893,92.07628703375298,65.25685115181597
66.88344550338017,0.7828827462863334,0.08617843458093295,0.09065999967362526,0.461454180095481,0.0418483373968036,1.4563732365872866,2.200657012236247,0.006574553970366749,0.09323380491184594,0.5654318225903825,0.024270995869938004,-80.82770714078809,0.0,18.615782888971506,0.20691576652406415,,0,0.21998179697975004,0.23161904233576563,0.07863359466587484,99.26183350107638,83.72128208432841,63.20626158880463
67.60306941492668,0.7864705995405918,0.08646461201224664,0.08997228514291122,0.4740931667710172,0.04146634478556785,1.4550258133478757,2.19920016829138,0.006561199021956852,0.09314328844064737,0.562493163739289,0.024800366200742347,-80.8761834405467,0.0,17.492227903246608,0.1824700973470346,,0,0.19615097963494718,0.22707165279380237,0.07776543814926776,100.2518114609474,80.30201638331698,58.51659031088708
68.338684968952,0.7835035233965001,0.08582176913669044,0.09091905529024022,0.5365321941645295,0.04274379434557229,1.4525721883500038,2.185981847643969,0.006725426568196251,0.09399624550843166,0.649129678532382,0.024388272268717166,-80.34376397210303,0.0,18.14567088631295,0.14294872774759257,,0,0.226450716674622,0.22371497521067565,0.07530840817513539,93.62382185864233,71.08535198714272,49.66543826589489
69.08709383696036,0.7760506638814486,0.07678148554935359,0.0930044658912384,0.4730749184132499,0.0427724006225024,1.457865286299621,2.191829713773817,0.006628332058013222,0.09266686224562333,0.6355477165681755,0.0254290187454062,-80.12043935576133,0.0,19.06959629515499,0.14232766725233367,,0,0.05463067976756453,0.2321646145271959,0.07511073037748313,94.12992474940758,64.9010405109767,41.96873652019836
69.84509769045603,0.7768249174597465,0.07128557124558817,0.09151984916072597,0.5087038470525905,0.04117915727434108,1.5331275630803873,2.1926723418069276,0.006681762619875814,0.09370411874804098,0.6508266908177739,0.025099098215906133,-79.89101071028536,0.0,19.779193447901164,0.14791280188580525,,0,0.05488911691943896,0.2274086605343882,0.0701599429879804,91.7564933120548,58.90844879233103,42.539932083284434
70.5935065584644,0.7814206226097163,0.0691006538377903,0.09125068776701602,0.48986674368613375,0.04182223514648142,1.5385233417751873,2.192178062377094,0.006719638162793924,0.09244268170495086,0.7232293336010943,0.025565014075453935,-77.2843846663803,0.0,15.36971194240038,0.15778740548669723,,0,0.029047492468781737,0.22234382665205316,0.07337563642599726,93.4376504486554,49.90062654201712,34.91669482150474
71.36110539744733,0.789706269806804,0.0771559308678969,0.0920910197720428,0.5217988861445257,0.042951504799645435,1.4542442580429624,2.133681637255936,0.0032868408732746107,0.09354328489524008,0.7849012337684583,0.025209221452373334,-77.22486527460289,0.0,23.29580053248783,0.1780711400963371,,0,0.04384484443910005,0.21470212529596983,0.0662639390820064,92.05493995104447,41.848032322088,27.113239596425455
72.1095142654557,0.7902704695969301,0.07580724754300809,0.09242983270903976,0.4715482031552936,0.04266229885650192,1.5361958431080642,2.1373061071020527,0.0034003760146354527,0.09383562517798807,0.7772312839550396,0.026088530213657042,-78.09963792282385,0.0,15.482073226574478,0.1804265230300533,,0,0.035991529328301505,0.1786063763326427,0.06049495122179009,91.5758877061919,36.590277709990325,20.04395450941615
72.86431979045558,0.7958679645139475,0.09275490956540679,0.0920369957314567,0.4909578900739356,0.04267014393514948,1.535019818230801,2.136286896712374,0.003345999576372952,0.09396817379766988,0.7807482601193473,0.027654155540528073,-76.59520139706446,0.0,15.741382725470565,0.18828076698404766,,0,0.023696190331504885,0.15965933083391382,0.06204743725846715,92.03570537717201,31.017607849679173,14.000274594779928
73.63191862943853,0.8037249102490285,0.09145398065044015,0.09076854401176843,0.44916304377407784,0.04308830869375349,1.543568051322904,2.126300678690497,0.0034043511486778655,0.09316538980736101,0.773982701950562,0.026885879541783213,-77.46222644528075,0.0,11.23819738616023,0.2066098657302449,,0,0.03454546589125584,0.1653833955444547,0.059461439889971844,85.75177869940394,30.049720630107174,14.820265343244051
74.40271579691724,0.7989055856472533,0.09334767942909399,0.09276650754895241,0.4336419669875889,0.043031374217753715,1.4592354508608565,2.1360764188982433,0.0034089280122348155,0.09242325140906653,0.7741964015715281,0.025307711706567777,-77.20200957612283,0.0,18.49314630496636,0.18682758988972262,,0,0.05301497838389729,0.1543959067510262,0.059218845498593534,87.25692047613501,22.270103810559284,13.856127052262412
75.17351296439593,0.8072383297607476,0.13196315114126186,0.09244884840313838,0.496181692300087,0.046868238780616814,1.4359263321145153,1.9817870561028639,0.0032513868571966567,0.09711260528430027,0.8331260050682169,0.02575520172584039,-80.50707453507637,0.0,15.569795067057367,0.22909570010100913,,0,0.012279152688590256,0.15308229377620408,0.05143013575766874,80.44306879831501,14.44480700598983,13.668374380834093
75.9475084603704,0.80225646716005,0.13241383030693804,0.09042077568536161,0.4732716313007332,0.05043855449337706,1.4318783907325092,2.081222884460944,0.003158574099259406,0.09781331379229272,0.8453729500477404,0.026021234069251574,-80.15822029059055,0.0,19.276898619275876,0.23417210193051596,,0,0.04522517723001793,0.13612096636308166,0.051782573608474276,70.44249541649036,6.657998692139847,7.046638190746669
76.72150395634486,0.8037526837972006,0.15182071782991544,0.09092997600841055,0.32838317206419243,0.051005351109815654,1.4358673455597488,1.977018654915041,0.0032604776848498595,0.10020889211212415,0.8268907813222925,0.025154893409470913,-80.40868685680115,0.0,16.90121458987101,0.23040999594922454,,0,-0.005272115534964717,0.13298044675449888,0.05167876104260082,63.76688904162173,1.7124021985619637,-1.0941578902026325
77.50509443780662,0.8003087026716349,0.14897649057760787,0.09880771649069789,0.36486156399854597,0.053032409642391816,1.4600942331859108,2.080663767991824,0.003497550457994242,0.09634068594332218,0.8860312627008159,0.025140115011211668,-81.90864345325166,0.0,16.26835756836861,0.2461596235768153,,0,-0.01101248228851928,0.12512528197724337,0.048545446454576625,66.18677627145647,-1.145041133274192,1.6974757115323882
78.27908993378108,0.8063795605889333,0.15014898678375457,0.09806803433732325,0.32637738158431895,0.05339240614167239,1.4366429546127686,2.0833556269959774,0.003496780087992224,0.09760025338240497,0.8774193708580998,0.022075609943126805,-81.45635691878846,0.0,22.00506485621885,0.2502347680029288,,0,0.007498552636836787,0.11884797695170206,0.04452725048947579,57.0993598684744,0.5969657961095586,0.25460822638510555
79.04988710125978,0.8057354313894204,0.1483094385878801,0.10489106503044865,0.3753669245190158,0.05396084369892723,1.4345376539883583,2.074219657555133,-0.00011687580835491901,0.10019651131483542,0.8746765644976168,0.02259512887294667,-82.09318025948912,0.0,19.799360635676184,0.23523470526173718,,0,0.011860134691728471,0.11337066286750476,0.04374116710941346,57.17591654176701,-1.331742506269712,-0.3866420809152438
79.7855026552851,0.8050236867629014,0.14925544374286898,0.11206036323522568,0.31826744142281665,0.05320595798616542,1.457994540185424,2.1662666935741353,0.0032393708750967703,0.1009904797873133,0.8854683796069411,0.022992687805713438,-82.43417277632985,0.0,14.897052955471176,0.1918610497440037,,0,-0.015276929685388393,0.11390957405905025,0.04565378077122812,57.31139767926425,0.5745227965022355,-0.12310238303295928
80.65224967763668,0.8171458300845138,0.150332936695745,0.11281721273662897,0.2935595213643304,0.05294668940484017,1.4337484569251973,2.1708120181638506,0.0032470166333308133,0.09979018423684415,0.8981024989971448,0.02295799798235104,-82.3627092519909,0.0,22.058244097603353,0.19775020227783,,0,-0.006991339737336693,0.11143009319117977,0.043238800583024505,58.667245725328044,0.7067237645644738,0.12770899749696393
81.41025353113233,0.8216965064634714,0.15058942552875085,0.11811173704047923,0.31769974780528093,0.053128061657563064,1.439234525502022,2.1793973104778446,0.003181389242187882,0.09960628639826186,0.876882533579482,0.022336693252376895,-81.76377918749498,0.0,18.3246316829038,0.13130189412786278,,0,-0.006638458223653147,0.0970240915840001,0.03227187753184952,58.265903744879765,5.894702476168548,8.257246280839102
82.2002406695856,0.804907428080283,0.15027633120214676,0.1256915070533519,0.3362241407735223,0.0527930281758729,1.432840520453313,2.1489911249961926,0.003481115369791396,0.09998991324674923,0.8825146295289641,0.023862345031797242,-82.45366685352327,0.0,12.126734848768168,0.11297085952067878,,0,-0.00988517350980376,0.10105862033001126,0.03479226663819352,57.573887645050384,11.135185290040425,15.799171046574898
82.99342613653464,0.8133229949089859,0.1439121631481361,0.13328941232819094,0.2711812316400876,0.051070440488993195,1.440515120724122,2.091593883161255,0.003339033847344923,0.10316879626773452,0.8254860326047224,0.025591188717025166,-82.22424740741178,0.0,15.624381298535493,0.18759805422421327,,0,-0.0016241437896708964,0.09670107365808578,0.027506382016066817,56.98824118960831,11.518194792510489,13.92146513691067
83.77381828950062,0.8156793588383289,0.13298373114088002,0.13445403519288274,0.2922210843519949,0.05093074780289061,1.4556636496464546,2.1585893312167834,0.0033727094040834,0.10850023051079148,0.815301882951633,0.023872048829647486,-81.88273959507193,0.0,13.402836372393391,0.19572239770765837,,0,0.0004226911966491571,0.09503753485974428,0.024228326609423628,56.289347353457444,14.805564565674349,14.63266682056923
84.55421044246661,0.8106668983366968,0.1164555603080069,0.1341574360978297,0.2673207529792259,0.04941792300959204,1.5825752301585607,2.1611319253641046,0.003461292486026647,0.10702270862840155,0.8104313071161863,0.025452432931523872,-81.316607556768,0.0,20.80314065381301,0.207502440786845,,0,-0.008581370518795485,0.09689003634897528,0.0279102748253744,56.067696575548936,14.333785879143422,15.507327780470913
85.30261931047498,0.7900646192724702,0.10149921843596718,0.1329421681887083,0.2806318948451336,0.05001153731170223,1.6249601491240757,2.1825774716143074,0.0032746587587484267,0.10570948554694137,0.8101059378466442,0.025503902736315927,-82.69687683741931,0.0,17.261081007304227,0.20672293630248975,,0,-0.006111106264140458,0.08236354409967085,0.026702802381088783,56.755662908423766,15.346265920188767,15.293168259878476
86.0382348645003,0.7818690695410032,0.10385122701417054,0.13336257309402205,0.30059742477983004,0.04849142476524293,1.665016438416217,2.1748782678827587,0.003123933233141474,0.10694740810128965,0.7952726817231447,0.02538220887516132,-81.8816836689624,0.0,15.527912318489726,0.1956735934539563,,0,-0.004282628619627395,0.07341872525204028,0.024463792431576294,56.850419763869134,13.206094980433248,15.336901007802386
87.5126643010467,0.7809301168869952,0.10041887622975981,0.13163568985379565,0.3474493107986141,0.04679574715492781,1.6711336191877801,2.1865173814197365,0.0033502781101568,0.10561534532198925,0.7612883147105963,0.025461839498858704,-81.34816843624033,0.0,12.200313699000612,0.18768186522232527,,0,0.012909925977253867,0.06258899814850832,0.02845137768969531,62.55399168138335,14.608873767397897,15.158655971912477
88.26427149755082,0.7729304855592385,0.10040110724574257,0.13249839739958805,0.3011452263496776,0.04590233067134333,1.6586933860310582,2.203028724183964,0.003276538700838216,0.10545448352981236,0.7533088031580417,0.023801917168348743,-80.02514070909763,0.0,13.64829492186552,0.20714243417045833,,0,0.00339834265406928,0.05809040497713702,0.027454340448754985,72.02752813249795,20.72371012679807,21.31342071614008
89.00628370856766,0.772360809802865,0.09988721731311273,0.1253042114706576,0.3396988167513715,0.04301669811482912,1.6243006173796455,2.1974133920620305,0.0031946231702588423,0.10703430297941859,0.704480093997135,0.023852729188970936,-80.73103490800987,0.0,14.709531521315476,0.22022349913133357,,0,0.039234450063136216,0.041101143055733785,0.025479170721210562,70.33305791178219,20.778647030896295,21.181231956085597
89.73870093409724,0.7636490081478198,0.09983692869519226,0.12221854519239551,0.3242084307329348,0.042427725404447066,1.6342999366508166,2.18526024327881,0.003355770058321886,0.10564467887157525,0.704147863911231,0.02417388174838521,-80.19885957659535,0.0,17.91906422528169,0.2204450396710309,,0,0.02256408227563999,0.042859792622694314,0.02662597216127976,72.41205818843122,21.813500614818814,20.37859521554506
90.47431648812254,0.7633825244484398,0.09897197976524792,0.11615625034223939,0.42758373594895155,0.04062199285479125,1.6651448126156416,2.180229506045023,0.006807062913761696,0.1073843546155675,0.6997710820788369,0.023518828755895928,-78.60032581592255,0.0,15.479401361483793,0.21618396456085476,,0,0.03351337974261081,0.04413734618960904,0.027928401424675037,70.75551873372194,20.123369846285968,20.525534460636106
91.20033705666057,0.7643250420627978,0.06841190991553042,0.11019461673311463,0.39024971435070155,0.04107464342679071,1.674826653166227,2.296193882705339,0.006626409815311705,0.10632195765947441,0.7017026528193189,0.025359560943741834,-78.38197369853708,0.0,20.18794604969493,0.21389827051782784,,0,0.029324218111282836,0.04518424822529632,0.024238846696301115,79.09226170510217,20.872837190192328,21.301938797631312
91.92635762519862,0.7614431618850259,0.07054089556689157,0.10648909769252753,0.35996167270589985,0.04060821049945554,1.6824838432973392,2.3090131603976682,0.006559947140683374,0.10483948153663408,0.695057150741323,0.02529153960892402,-78.56625494948005,0.0,18.637952028369288,0.22222891603859005,,0,0.025697379913157906,0.03475779187125306,0.02956376231794374,78.82438943499814,22.771177484027245,21.084013663375202
92.66197317922392,0.7540964202874622,0.10041890789723859,0.09934207532981912,0.4486713310392837,0.04076358187164281,1.682244497454386,2.139742761176866,0.006932039004195386,0.10668068339322365,0.6961366916480743,0.02544442430701667,-78.4715044280693,0.0,16.220916929850876,0.21200198467479053,,0,0.04720744852388085,0.04612731415999355,0.03132610110372382,78.98987849641506,20.1803606933364,21.896790835816617
93.3847954192662,0.7565350956463556,0.08918520572889287,0.09812510462157088,0.4202938423216176,0.04023665632084052,1.6890494209324263,2.1199059222456986,0.006641509636315323,0.10655900600113595,0.697019757535777,0.025493636461144765,-77.19501935868936,0.0,25.19159973436398,0.21273853299410814,,0,0.03260064160182852,0.046838990063145174,0.03043269037519478,71.1341092429268,14.260277636094854,13.788383612913018
94.11721264479574,0.7549180373154486,0.08911712034912511,0.08870507777103163,0.37696338618321346,0.040297700624872326,1.6666018786799455,2.119193537449896,0.0065500440318149245,0.10637527208319,0.7181134824100209,0.02501113430074365,-76.6287480344814,0.0,23.36440085948759,0.20899826898670415,,0,0.02539059730811461,0.04610502795247198,0.030016745717536587,71.34813134100084,15.513030402280942,14.47406275492237
94.84323321333378,0.7532592222590222,0.09102110576986648,0.08508581040494012,0.3670193357849673,0.043403199471790194,1.66714320957564,2.117450501008798,0.006698826754923715,0.1066990494938108,0.7592684199608328,0.026586049828297716,-77.87948026164763,0.0,16.665793690074462,0.2242250234388306,,0,0.04511279923236089,0.04197791221530654,0.028247594215615346,71.50249662355681,15.014332280852814,15.174721583732651
95.56285712488028,0.7590865290331686,0.09033500784173343,0.08259593209221723,0.3764481062239983,0.04190920788303548,1.628985615319108,2.1260489372721034,0.003519828585851255,0.10693320823321026,0.844468631024947,0.026794356138859454,-78.22159682101105,0.0,16.303788829664782,0.221596584185162,,0,0.035658555624042014,0.04986885150084205,0.03178247723807434,72.17395038369341,14.48198981084381,12.76128475408536
96.29207602191408,0.756834812511039,0.0964150791195206,0.08284176468649901,0.37587037887642505,0.04281294354199065,1.6237604603669964,2.1164276588409985,0.0032328126133475193,0.10706482079462531,0.8597171319739509,0.026638557646615536,-77.21021715402401,0.0,16.528640720535993,0.21810605419796808,,0,0.017982771028169007,0.0538771386026627,0.028022806098676894,71.24525769225149,13.734542181735769,14.29925576193819
97.01169993346059,0.7538239199391035,0.09103643469227433,0.08281938931584741,0.3912483468111104,0.0432929835311519,1.6612051937567949,2.1091439223086086,0.003269228244160963,0.10742603686063384,0.8622150585626811,0.027113920114068525,-77.6831007864583,0.0,19.584966704626563,0.22767916135483937,,0,0.050850199486455076,0.0537797160199289,0.02289483393835887,71.65903789706246,15.290959971701362,14.6874840145923
97.7377205019986,0.7646557978154931,0.09062945468432532,0.08492468675029512,0.4647906428208223,0.043104801403173285,1.6564443848412895,2.1160835690513777,0.0033489654450117156,0.10650850321601449,0.877372151440198,0.027149996843351534,-77.27847078741706,0.0,16.76044518772143,0.19548645342882118,,0,0.04576254636736827,0.053495732354697796,0.026788959301668414,71.30305982106042,13.71625895608696,15.233656136435235
98.4925260269985,0.7771601404484885,0.09073988107162526,0.08306626381356297,0.37929916668401487,0.043403911262232794,1.5940081637732884,2.1403337512800937,0.0032977495473191587,0.10745235440639533,0.8786518180186861,0.02703060654011463,-77.7734796295318,0.0,16.38344851677837,0.1948516539378792,,0,0.044177020373563365,0.05232295148975779,0.027194632133375682,64.63052208046916,4.401046558145062,7.423680380906362
99.25052988049416,0.7824791733841967,0.097393202343739,0.08339150976598639,0.347768721689916,0.04421109132806456,1.563134887642031,2.0359842775331862,0.0034211499902362403,0.10554351048310409,0.8689591030239805,0.026843949944698322,-78.83687273150686,0.0,13.776764702498824,0.19482902509451033,,0,0.018035626583287834,0.061817360005749465,0.027298973548972993,65.47631661982808,-0.35239149674460424,-0.09698564839852422
99.992542091511,0.7756886101724481,0.08952209556361657,0.08399166966623234,0.41506678210385983,0.04281752454637989,1.5711568801917968,2.0396855988247893,0.006703432063172606,0.10782560379576354,0.85838016786817,0.030055560581493803,-76.95642400887681,0.0,19.352487965822103,0.19620884484177067,,0,0.0037581464871864717,0.06083485027142345,0.02562210978429296,64.0306463738804,0.39778593165207654,0.9100416709799124
100.74414928801514,0.7754001335873105,0.09166460140753742,0.08309300445676057,0.37880376327306853,0.04310429459386521,1.5605704250644101,2.0143956124119047,0.006487818404126323,0.10616091110979387,0.8484292463690718,0.026662666721945553,-78.39971426673291,0.0,12.847891951185321,0.18493930121947008,,0,-0.014377297960002729,0.05885941038813572,0.027723189285487653,63.61979155789472,-0.6428109723292069,1.5219125898871324
101.48616149903197,0.7751212756238713,0.09698289977968574,0.08278401918371292,0.4388869496718005,0.04309907453776714,1.5652462554144404,2.0446586028907223,0.006796445725927002,0.10638508111086896,0.875484430428831,0.02738953364284261,-78.21942708064859,0.0,17.66542532974971,0.17447979510760026,,0,-0.020683060436747978,0.10263397552558924,0.02698442694430335,63.844997148529615,0.3470888560610003,0.8096761100291137
102.22817371004881,0.7785742149731641,0.09729390249641916,0.08493942949515498,0.37396322801094284,0.04294291897744864,1.5356525778750085,2.0493732864786534,0.00663405401773777,0.1081742172355999,0.8619998993560717,0.02729633142100904,-79.445269083857,0.0,20.92734459371002,0.18145899981099647,,0,-0.0059528271900494605,0.10859217056414813,0.03291330291470594,63.97313286217812,0.32113629850623154,0.0479682735910891
102.88063272318429,0.7719798039305328,0.09657767813261693,0.08319567094270157,0.452442803338606,0.04234396311605172,1.5295006290051607,2.0747885653053557,0.00671079260221293,0.10826602492049876,0.8514000235252429,0.02735972884648128,-78.91212196755721,0.0,16.538405520253725,0.18592552144803978,,0,0.012494078826136517,0.10807236530264501,0.02626735241835295,64.76655303855802,-2.6673621908406866,-0.999687273306854
103.69620648960368,0.7746688319654682,0.09708944548243456,0.08855847652360589,0.4392012318823224,0.04308201706067496,1.5242579717551494,2.122612270272222,0.006514291394939538,0.1059072496050992,0.8574128312663046,0.026849377373118023,-79.193724080905,0.0,10.620965235365077,0.18473131483163513,,0,-0.010649004551472727,0.11164875263507994,0.02915220886349432,65.52362342672407,7.48375949296159,0.8790790057976974
104.42542538663746,0.7745646002817758,0.1169625536792614,0.08865578073151117,0.4730912620481671,0.04820138295211202,1.527982293453224,2.0941905376980032,0.00676114773376967,0.10737924770614542,0.8077160303841107,0.029254349804930982,-80.15981212902342,0.0,20.53532411356654,0.17134881092678642,,0,-0.005345073606271914,0.11420637976229234,0.03368336843976189,64.5698452856642,16.172394497005286,8.878744663680953
105.1514459551755,0.7726838735583834,0.11701603032525297,0.09440238449925403,0.39211439704154183,0.048310459325975746,1.5269266734998455,2.0998673617513957,0.006765518734181754,0.10789573216228676,0.7296227969198835,0.02945593993048912,-79.76736704189494,0.0,25.283671990288088,0.1763259770170939,,0,-0.006151218824913976,0.11967525992968156,0.03558572656789951,63.957368128055165,22.226477481319908,5.429128381792623
105.87746652371354,0.7751702772120935,0.11712073110416496,0.09687772924556982,0.47117872041351155,0.04865531598733126,1.5032900073467272,2.091964058669702,0.006545588154431652,0.10746674353633885,0.7293712644869725,0.029771334262794012,-80.38431143723841,0.0,18.10745859889207,0.16988529377863326,,0,-0.013019526388575786,0.11508200620908944,0.03739329126438947,63.16207450316497,21.259839581483302,8.15836160366402
106.6098837492431,0.7811131555603974,0.11486531659220045,0.10077779972224837,0.4410149507885135,0.05032376379608398,1.5016467611581745,2.12287860054808,0.0032784799337795983,0.10587603784130459,0.7346023272401072,0.02960978407515565,-79.75785326605794,0.0,16.578021084426695,0.19304990814386527,,0,-0.02239062988079539,0.11318300215990168,0.03645845553107156,65.17304100681793,22.14377904246516,5.225170960620772
107.3614909457472,0.7809598171356166,0.11640466645972322,0.10380280726707708,0.4035309757061578,0.050138545560169355,1.550843423662436,2.1113788474515367,0.0035499249031297597,0.10568932848400636,0.7252872328271872,0.029092658504786373,-79.22676962197211,0.0,13.527012767386712,0.20812801655744978,,0,0.020123557618099988,0.11519915546562204,0.03890616091037881,57.14667092717422,21.739598551025853,6.475858326866972
108.11629647074712,0.7912999880093119,0.11534478075903838,0.10611310298963093,0.4554780741397099,0.050296764231696656,1.5455801039502155,2.115254116734781,0.0033413935487628128,0.10698107326880678,0.7324892339016973,0.027915385147762744,-80.12793126982943,0.0,22.0637328463784,0.2020238005594815,,0,-0.005669461552357285,0.11508895604768692,0.03625158874913679,57.7179463168229,22.951444252598876,6.935335729447461
108.86790366725124,0.7842629116766692,0.11673942858657586,0.10893647241822758,0.3936062770379237,0.04800503190606587,1.5430253286304432,2.1043993136206454,0.003256779284556527,0.10679558826188007,0.68397238005169,0.027800250128821185,-80.35680331890062,0.0,16.956113563928096,0.20541445356368565,,0,-0.010167476073470117,0.11583288187733523,0.03382969180699859,56.263511199274454,20.841730664310006,5.857117238309632
109.63230417773842,0.7972952678896588,0.11594676745599694,0.10902710822417175,0.42413771110670906,0.04670539745949146,1.5393175922325386,2.1162908817881116,0.0036358764479290217,0.10757220062841802,0.6836089497968693,0.02821048171363229,-79.91269491238808,0.0,23.150255669619565,0.2003222558672508,,0,0.004170775139057432,0.11008812083075249,0.03712999806843716,58.813834417591174,21.808438994109885,6.53272993782324
110.38710970273833,0.7926550175271901,0.11664004089236334,0.1088274922514227,0.4481205379930688,0.04962317827546579,1.5252938738309267,2.131220348658731,0.003313914131567443,0.10838122953584475,0.7249566664280862,0.02944951729051128,-81.51887897792459,0.0,21.01230097294824,0.20114840364423742,,0,-0.010196596545303983,0.11521299177595648,0.037023573331616585,55.98558467852428,22.261973776933274,8.166771769926743
111.14191522773818,0.790959781566894,0.1165157494153478,0.1092481745729366,0.40030768381735865,0.04783015195937768,1.5126430697089766,2.120759822170848,0.00335448394140738,0.10473068171564863,0.6808634667017727,0.028721583644254263,-82.48021899505417,0.0,20.383019271172174,0.15047507964267778,,0,0.009554893298178274,0.11199239383394151,0.03712623508809003,51.285154390351245,20.182102630188744,6.5401738328408605
111.91271239521693,0.8063335190159097,0.09677402704281393,0.10881980865418749,0.36370442524903945,0.043559901866011566,1.6030478651257456,2.139976303743768,0.003585516629586117,0.10721728484782493,0.6626204479188157,0.028513190024296347,-80.74574420912585,0.0,17.062218497244206,0.1525221888338663,,0,0.006133174027987679,0.11040397038541165,0.03858478879030278,50.194467603501714,22.246309093959262,6.9811804569752285
112.68670789119135,0.8069593381837534,0.09725546963601296,0.10804576685213901,0.39501560700072236,0.043090959100153675,1.611319457097001,2.206956436963507,0.0033828244595636584,0.10584109128504833,0.6513195380003002,0.026674379555455957,-80.3811919731355,0.0,14.701396695684005,0.16244345920647305,,0,-0.010864248013324394,0.08023311890175272,0.029052716791048545,50.33642266240383,21.557485677828275,6.6815651404548815
113.4575050586701,0.8031916054503182,0.09636035005602855,0.10641244197255478,0.41733068629786785,0.043702179858834886,1.6148311488046616,2.3175181929338615,0.0034622994022864765,0.10538697568371676,0.6458768524701399,0.026717074555706596,-80.69996963462802,0.0,17.736716148236418,0.155483037804609,,0,0.00959610568328806,0.07854375198251676,0.028360757708691193,51.3276111119484,20.72671321652655,7.093790119949101
114.24429386862758,0.8001023639460748,0.11032917243067203,0.10737622274541815,0.406554323837485,0.04341499812373229,1.6706575463039686,2.4087097338450043,0.003353195494851036,0.10683795496265476,0.7301305569913649,0.026212379934040683,-81.13048519496958,0.0,14.199064779500592,0.14095213039093193,,0,-0.02237042981504759,0.06946663224263828,0.027485273252727455,49.57168459505804,14.506012040919334,7.485892284100668
115.03428100708086,0.8031750894607496,0.09746464263002187,0.10287314316787706,0.3984226487096197,0.043708083451421506,1.6193288110885689,2.3980404789999383,0.006658280540658846,0.10745622350610413,0.7894228527457433,0.02583895203186332,-80.48045710185781,0.0,18.784194996610818,0.15168990223225484,,0,-0.00167283957851271,0.0734716486902159,0.022719574157878876,50.22739719923874,7.008626598010574,-0.6217311040376263
115.8114748315511,0.8055960356732776,0.11275198047407765,0.10205851337645422,0.4351461516206739,0.04578527448076585,1.6065583029582504,2.4161556027114797,0.0067626248119052506,0.10855722807318838,0.7987429623588672,0.026680467870583945,-81.33384833225288,0.0,22.663157002161903,0.14709710355307304,,0,0.010733959380049542,0.06884068068754877,0.024329189003668348,48.79139085107916,5.000025724958972,0.6581910046645787
116.58547032752554,0.7984052404666887,0.11664797273562792,0.09951169998106929,0.415267791558326,0.047279250491176074,1.6080772054296888,2.4151983887433235,0.006801481517950029,0.10811798735280778,0.8122005013476957,0.02613913291814146,-81.94548095046908,0.0,19.112149169458437,0.15526837512734107,,0,-0.007855850272541015,0.07069893967979082,0.027486242869968577,50.43497838347188,6.696121253616333,-0.19109016783260108
117.34667250951696,0.8073011139358272,0.11699852147645445,0.10013456935731603,0.3997780103851749,0.04780815351043221,1.5915925452169692,2.330977664751448,0.0033703642734873394,0.1059917425895778,0.8273001118293056,0.026977524069627445,-80.94829189760488,0.0,21.157591823903896,0.15955312082628664,,0,-0.0024919800292292236,0.07294453457518033,0.026873631545515624,51.19292583447673,7.660728834773435,0.8347630699471934
118.09508137752533,0.793238846857122,0.115402388581706,0.09905583702787231,1.822251179179271,0.04728864412141878,1.5523251396439433,2.263384122413644,0.003314312603617308,0.10530137425499606,0.8259693661912555,0.026445519697004562,-81.4199658861007,0.0,13.750884166736942,0.1602065449585175,,0,-0.0012616686468989418,0.07859729473112766,0.028587217622943376,49.760554402643336,7.975689160298814,1.0791167958167918
118.77952367561846,0.7834166387466408,0.11423893374151947,0.1012211335534187,1.9596726828657103,0.04703152188407141,1.5991191562703493,2.340916536491977,0.0033992726472071217,0.10527814147089401,0.8612511438176117,0.026153091220950313,-80.70646798380626,0.0,16.827841297316045,0.13935115899717093,,0,-0.015953927059309984,0.07530321383898356,0.02589101798089941,50.487464531493394,6.004151538923699,1.323284804277627
119.56951081407172,0.7690922089186553,0.11484123343330664,0.09958575227192683,1.8724582343778218,0.0478756671247182,1.6597894734644365,2.438102890201348,0.003377827705093439,0.1072768816916406,0.8777834631949123,0.02623413884201966,-81.33425248185877,0.0,20.972101467985365,0.12851182933482982,,0,0.012775213410166625,0.06380549790974746,0.024876084794864573,57.42395434406148,6.889192579936097,-1.4813744438449128
120.29553138260975,0.7668294682984987,0.11326720812718645,0.09901243894160472,1.8788575346959127,0.048135006092422994,1.6287328966682102,2.3231506143100336,0.006788051920810974,0.10742494812349612,0.8540148988412143,0.024685043303394136,-81.42203317300464,0.0,16.81279323248619,0.13832374666079575,,0,-0.0004713309603690425,0.06951031649703224,0.02545808434179954,56.80534564047917,14.1268672491886,7.401126395820443
121.02155195114779,0.7633720405878063,0.11640055790203994,0.10650720471448666,1.9141673838945166,0.04926903551301433,1.636319466227228,2.2764502806115936,0.0068688281819991705,0.10632356474497494,0.8336114435198358,0.024206828176560582,-78.83321625666493,0.0,17.847007784148502,0.136570788985304,,0,0.015204279429467667,0.06800589352687844,0.022251435679412648,56.89606289321927,19.606033803046852,7.731647646312997
121.7571675051731,0.7584436040017001,0.11307927656299484,0.10650077978879444,1.9609166019189765,0.04742467258654322,1.6331114389031205,2.1677482587469017,0.0033290117995657016,0.10829411075835406,0.828963044541765,0.024780749362140704,-78.71626234006138,0.0,19.680275418997887,0.16303852012345954,,0,0.0018932855183875943,0.06889081539798873,0.019727863085033374,57.636422413621304,22.11427984021618,6.701282509452414
122.48638640220692,0.7615674670044801,0.1134348770749686,0.10622026123231385,2.025437776697242,0.04723292577748882,1.6289816858861024,2.187834855580053,0.0033047432252185267,0.10678780661747202,0.827108048424733,0.027555006334800486,-78.10536202757771,0.0,19.726734665878684,0.1711800329536801,,0,-0.017929419850262987,0.06700667969701989,0.024120282235669883,65.18339019489459,20.66310043494883,6.576362881289528
123.21880362773645,0.7601430009025253,0.11579799557258047,0.10689305220357137,2.0370115128515147,0.047437832677675894,1.6444268752409372,2.1790230633148604,0.003346014736908526,0.10708080484644732,0.8216542544933709,0.02412218713861081,-78.87728215278958,0.0,15.592587081835813,0.14031780604935318,,0,-0.003692486468848809,0.07154743759855063,0.025541081912721433,64.90222936439677,21.426193348840215,7.652256404781312
123.89684926883808,0.7603792233755786,0.10124617913981251,0.10734960271957232,2.0750779374512542,0.04110876222958763,1.6317209146413998,2.113358650913215,0.003324482513646401,0.10495641974556576,0.6854780603871583,0.023995050629363256,-78.57139065821507,0.0,16.61601153853436,0.1367209203515437,,0,-0.006786704680989477,0.06712663542080015,0.021887584012047556,63.174792216234664,19.910455177918756,6.262874801850973
124.64845646534218,0.7564223404270501,0.07145475043666345,0.10669381067654486,2.056887429419896,0.04057221863969541,1.63120306759326,2.114625569469845,0.003381116519047308,0.10673722006587921,0.683814333037349,0.024321003893662183,-79.3366522805319,0.0,18.15979533207208,0.13600002368685307,,0,-0.005522359929716403,0.07458990090096601,0.022009024728502784,65.66259375305977,29.368020760548667,6.0007618755333105
125.37447703388021,0.7604525409306647,0.07540684408268881,0.10574680650180632,2.4439082412878466,0.04198871895025579,1.6356813548013645,2.121599343234491,0.003576929469424009,0.10573877428831975,0.7007711204442574,0.025353576982586418,-78.62405037875281,0.0,17.188456707988177,0.13323398211483292,,0,0.012341846831986643,0.06966433435713848,0.023622297940307867,63.733066088921774,35.48829512961032,7.772122012874266
126.08770428843519,0.7576178481280916,0.07550443329717885,0.10640475200432871,2.4768512813312715,0.04190645900184272,1.6360952171237733,2.1587613425987295,0.00306070133771789,0.10681294551554923,0.6921659560254704,0.0244338192562245,-79.0303540888567,0.0,20.47661090048811,0.12391734320366099,,0,0.0033244581833513902,0.06682534215985264,0.021865196940562,72.4714294646843,34.911864371271236,7.677262786091958
126.81052652847747,0.7604077815700988,0.07464950631902639,0.10526975259662119,2.5041583365384015,0.04024788725846615,1.6391229304098398,2.117933669512135,0.0032127347704808194,0.10777578383629371,0.6858242234776137,0.02392594846235439,-78.65089495053249,0.0,22.797446808086146,0.16084297036345285,,0,0.004807039479521059,0.06154633105802472,0.02333147346313311,71.27707911441804,36.17823976167013,8.751296435799974
127.54934041099855,0.7628712414889971,0.07415018323196712,0.1030553477459548,2.430818522089551,0.04084452104280461,1.6121918595962288,2.1249307883927937,0.0033914558791759853,0.10834826981774423,0.6847842781134551,0.0239939020596817,-78.4509741323566,0.0,17.72339021042104,0.16179280671754936,,0,0.0038810010448187796,0.0643556950037493,0.022463311466940035,77.68042178811343,35.26422668958207,7.4886758686169905
128.26256766555355,0.7856544954040954,0.07286024110520939,0.09760759003476667,2.49352546747449,0.04076873328633672,1.5858812750035096,2.1709451273765263,0.003352719028490344,0.10647608348672792,0.6846446826531056,0.023817921694725366,-79.35356153663815,0.0,15.06795666834035,0.16482694194797678,,0,-0.007561519981267084,0.06566712525928284,0.020335309709917697,79.10110105245992,34.09087638622146,5.087901439311208
129.03976149002378,0.7881391084986258,0.07028654567098977,0.09484769579164329,2.4889883325351,0.040476211188224136,1.5764269068304613,2.1295962715474257,0.00331202584545101,0.10702652887821631,0.6954530902793952,0.024741676667670867,-78.02377157716666,0.0,18.897299922319014,0.15449003173924356,,0,-0.020012086892652808,0.06452322746980421,0.02157974618038153,78.6023154303355,35.37653102177187,7.998961775041721
129.7913686865279,0.7902469199246731,0.06263302985805265,0.0919357825085861,2.42100642956635,0.03982040091457768,1.5700891122788476,2.120407107259239,0.0033479040431910086,0.10476140917840054,0.6648366666403556,0.025262743993995092,-77.69540923575957,0.0,19.230298517818643,0.1515247728776835,,0,-0.016782924799117516,0.06847836535641545,0.02076970746270528,78.71310078139244,33.863063657338415,7.626323435166824
130.55576919701505,0.7885861022648349,0.06304279868521508,0.08986352937638153,2.4912334109263035,0.03946047639396993,1.5801036309612508,2.1317188009108015,0.0066289445681839065,0.10758412421349348,0.6687075672512971,0.02395603284076159,-79.60268528464799,0.0,14.713835456862089,0.1848225026051389,,0,-0.0059701376379044015,0.056876806764904524,0.02235761902524498,77.81932653407718,28.258286721278537,-0.06986712419077591
131.3137730505107,0.7917023604733894,0.07473738371393451,0.0907914486682051,2.4837436736357117,0.04191131448506685,1.5774217038262572,2.1946123039839494,0.006627815238883379,0.10666666573332773,0.7010339309827054,0.024953688550947623,-78.94185695013226,0.0,21.82574276230179,0.1816806400241721,,0,0.013960341094009949,0.06290101824231459,0.019832729576938997,78.61811729275892,22.430867632730852,0.7343526678222962
132.07177690400638,0.7907958308394905,0.0723334706369942,0.0895803131378607,1.8813424899720803,0.041878343691516065,1.605304062493282,2.227555292871812,0.006562480781984556,0.10667447558117822,0.7045083877531777,0.0253534635213273,-79.42966327638624,0.0,17.26212182509595,0.15128623364603974,,0,0.006516444809000625,0.06385924150440582,0.02350224533821173,77.89966519132129,20.880581373085032,1.8481934242497322
132.83297908599778,0.7919096256582727,0.07058942191788146,0.09131008060466614,1.6122288016315383,0.041704770520270586,1.6029476167162422,2.266943463686169,0.003387787094931058,0.10880050507146463,0.666702434296957,0.024954554735186017,-79.71012389625054,0.0,21.19017731631902,0.12000913074468973,,0,-0.00825279647164136,0.0635349828731218,0.024318915625694566,71.39426039562636,21.082506571239005,0.10269675190687357
133.5941812679892,0.7972372710393443,0.07143700564632016,0.09182919641605158,1.600278494229839,0.041174305233538315,1.6119769131214539,2.25185235338953,0.0034136631036871122,0.10633980003762078,0.6547484581320765,0.02564147556142513,-79.50774358744255,0.0,22.625069287304687,0.131972162387779,,0,-0.001425885576335579,0.05896678169420021,0.02479405167651079,72.32235023883882,21.09078936416842,-0.12186481334536375
134.3713750924594,0.7894023039763297,0.06654004651517816,0.09511149043830655,1.5554442669490538,0.039594069851829054,1.6512004633093853,2.2748842113005425,0.0033694981545264206,0.10612574984463534,0.6455186047381718,0.025432240621327058,-78.31421123819564,0.0,20.49333091594743,0.2138865158865843,,0,0.004931731438854644,0.06146674297121721,0.027024730407973253,70.39362741421893,23.169729697667,-0.4419716243714162
135.1293789459551,0.7913557387207736,0.0700159963806838,0.09168371304181266,1.4950912200809086,0.04116397299307341,1.6799823078107237,2.263542096550573,0.00338545551696818,0.10829500060761674,0.6491059379612742,0.025348554923477738,-78.44284394089357,0.0,18.837675161630603,0.20120909296943837,,0,0.0066833282333649095,0.08852686853323717,0.023510738609432594,72.0655312224837,13.91671443751989,0.5359096962905714
135.87778781396347,0.7781373620802926,0.06843596286320089,0.09424395208129818,1.45506969073477,0.040466083203320735,1.6757939252814302,2.2830367685762356,0.003200692065871408,0.10780950381555897,0.6432370323338934,0.02535455891675786,-79.23066411558906,0.0,19.545649345188416,0.22450456969107815,,0,0.003720215916582972,0.0959922587017932,0.019839563313295592,71.07027136401022,6.619097572135438,-1.3335808646992409
136.6070067109972,0.7535733040058495,0.0666679424471602,0.09779228704987238,1.511697107251818,0.04075369818008069,1.6991118459318697,2.498401017347132,0.0032093525604670486,0.10745944595170562,0.6422124991896985,0.026021315608290435,-78.34988383324779,0.0,15.723327380477432,0.21681832225065092,,0,0.004037010503757975,0.10291042132968553,0.022831776336051438,71.20637678173031,8.717445464714116,-0.972321571489443
137.32663062254372,0.7668918378989648,0.07080929988826805,0.09477514611494399,1.4753337293141235,0.04087836641899252,1.7151086970855727,2.5366182514082882,0.003248697837429005,0.10669071579880798,0.6065387165813861,0.02574454913889888,-77.37869909507054,0.0,21.423127313808212,0.18641363025088292,,0,0.02364101631664748,0.10125329315357331,0.024841123284438646,71.2153583582188,8.134704878940653,-0.6329091621615488
138.04625453409022,0.7564413278337876,0.06930374165567081,0.09515760340256126,1.5287002635339486,0.0416105599371012,1.716927172974495,2.5483447446243335,0.0032851819669400127,0.10619115927918638,0.623735309337456,0.025144101659428975,-78.12133294049539,0.0,19.179129169228844,0.13132970576149203,,0,0.010393009542759861,0.11134585962992179,0.025301170572113472,71.96302888574859,5.019205086320098,-0.09924132469548265
138.77227510262827,0.7576345147446548,0.06928934375333755,0.09598821642095053,1.532496763500792,0.0415917525637979,1.7118223399744776,2.5439546514376423,0.0031371203912632867,0.10669700990599644,0.6081301335350618,0.025356104011112237,-78.8575647688977,0.0,15.054315211199679,0.12614500922812905,,0,0.01067132612940525,0.11208147040032908,0.025178556799322575,65.46719315501325,9.464523183415434,0.30885432971455284
139.49829567116632,0.7604938521633781,0.07163533771710018,0.09429328991526108,1.6584002383638887,0.04095854965425979,1.676427925763132,2.539454532815439,0.0034285497792537222,0.10843884461678989,0.5988881823180405,0.02473507692481695,-77.9023317942758,0.0,15.421667496624567,0.17531733679929792,,0,0.004701142250347181,0.10576973171798466,0.020764408700461114,56.186418686940875,7.104783169184109,-0.3735623424358956
140.22751456820012,0.7543118148449796,0.07015316212329194,0.09077520365563478,1.664340968700676,0.04151084780569675,1.6666717973841403,2.536446001609941,0.0033759416983047963,0.10647716675214418,0.6050099879984031,0.025352373834364016,-78.26682989565727,0.0,19.18178479534868,0.1899751783690548,,0,0.005092898115130585,0.11266582158667014,0.023194137319806084,50.55586259864467,-0.8475633979381157,-0.4079047327604613
140.95353513673814,0.754060423959974,0.071978456992421,0.08820472472595131,1.705309001455744,0.04145780737570226,1.6484548640545154,2.522608287878842,0.0031595422327340993,0.10680740600116219,0.5869617371029753,0.025382753162067888,-78.84297613374848,0.0,17.545699179185405,0.1812330740288134,,0,0.0291505149671914,0.11454630660650206,0.026788634634943527,49.621101865897195,-3.1084979435041435,-0.666930914137272
141.695547347755,0.757054441079441,0.06977856969838107,0.08880117392077613,1.6596960332199164,0.04240143200560887,1.6642865277556778,2.543503000256562,0.003335660115039391,0.10737618081167259,0.5931915656750888,0.025716576537010802,-79.11854094847737,0.0,16.188444330686988,0.11956667641615232,,0,-0.02433658853209669,0.11717735095051804,0.022850376995426108,50.24777368270858,2.396344812484261,1.6943540054655106
142.4151712593015,0.7617658087119414,0.06987102133378065,0.08895209977242981,1.6683633430453344,0.04216946689707304,1.6836846480435972,2.5629972949925315,0.0034592562484512803,0.10746393071796778,0.6040072423547241,0.02545103655264733,-80.68399953818093,0.0,20.413771382588504,0.12473787934650184,,0,-0.0013054557910866136,0.1145725445609478,0.0237951069915022,51.016087770167736,-0.7960413384399301,0.3686423920665409
143.134795170848,0.7630210759490959,0.06963162478442196,0.08801850862076054,1.7307295084994576,0.04129360427258891,1.6896939992242557,2.565647252944235,0.0033461657547929507,0.10709799756841219,0.5837669882815697,0.02621664607514318,-79.3962784617075,0.0,11.943048854776633,0.11708055898731981,,0,0.00048132259719861967,0.1249328034174383,0.024926011743878596,50.51473399401994,-0.3451022395103063,0.9422297815653321
143.87680738186484,0.7574929584532558,0.07010128697006489,0.0889638507613763,1.7620277817298475,0.042251196091905446,1.6859680115076328,2.532357496055546,0.0032711553399076545,0.10632129883370255,0.6071609232554585,0.025809416535852097,-80.47514147234436,0.0,15.28081703531782,0.12611611732278327,,0,0.008504312328967388,0.11949960900162458,0.022185955099562244,50.15062671275956,0.8230711660553179,-0.30647765481542966
144.6092246073944,0.760726260819961,0.069196612057348,0.08705961328936908,1.7014717413318585,0.04167354418849196,1.67000435799713,2.4199890523119563,0.0033944069793680467,0.10823293208060547,0.6036432481781792,0.02640027964303659,-80.9475432852502,0.0,18.12816052252779,0.12252284260433073,,0,0.0119579995783078,0.11628076326952157,0.03162531553584699,50.73608880559137,0.9244692886188739,-1.3978219954049822
145.33844350442817,0.7622539829331856,0.07760238714941338,0.0847022078093442,1.7445078492609314,0.043999462764906905,1.6694021837325828,2.383069217591062,0.003046477923731271,0.10631372672788116,0.6590594015846316,0.02665105945576188,-81.16118666668063,0.0,23.733475787082348,0.11905479848511247,,0,-0.018518521209988092,0.11067616793052863,0.02791430101013767,50.13255950565319,0.2565977507102784,-1.1269381075415825
146.80647628398305,0.7676944701365868,0.089562918931605,0.08582124934843832,1.7743038042738932,0.04344627425370101,1.6675239166039653,2.3738971489188376,0.003150871592931841,0.10583815249537899,0.6718841199026055,0.026591121112574077,-81.12540611529462,0.0,20.309986669941296,0.1320776213839587,,0,0.01185522571697089,0.11887140560757009,0.027602142303189487,50.60809049919334,2.7583201531612263,-1.615066073756832
147.5484884949999,0.7802107972869107,0.08979713374182542,0.08648327070741553,0.3859450328427705,0.043851805806034046,1.667079847265898,2.385720598290274,0.0033489976304944416,0.1064809084643912,0.6663164384991352,0.02775197120631759,-81.10489822341317,0.0,19.85776839512547,0.1360269342251374,,0,0.04667130425369219,0.11484015428478232,0.02729139904591537,49.57998138612657,6.9624625197527426,9.008462532943042
148.27450906353792,0.7682821653432717,0.08900276721502398,0.08576125594650327,0.39269397349009716,0.0433253167885589,1.678050807363322,2.3678723704098017,0.0033894211018755498,0.10623233816188808,0.6829974443007395,0.027983241809861316,-80.87302222606148,0.0,16.007693482485912,0.13183230476046484,,0,0.04218928654769555,0.11707955805073035,0.02818331223635245,58.53294622624875,14.335440791930877,14.089691162837271
149.01012461756326,0.7685504275570516,0.0904906543651522,0.08535516251394161,0.3518234452209243,0.04332553085300917,1.660680340716698,2.126555019414086,0.0034702218022447623,0.10600520826141849,0.6891547785285416,0.026294161653513465,-80.09484287798355,0.0,16.91596972354157,0.15484253901256617,,0,0.032378822275097884,0.11238235693443352,0.027326990714847992,55.92380508891523,12.22546617198342,15.341334641444725
149.75533515707585,0.7791808683886955,0.09172248961784438,0.08298938402876585,0.34360217856503633,0.0437306148060144,1.664154235615552,2.126331667206465,0.0067258676259476825,0.10791333664760376,0.6650131866079071,0.026798964713531975,-80.27273210152086,0.0,15.802796943538672,0.1752622242480321,,0,0.04218539417183092,0.12250617408496353,0.0278557672950996,57.60497668359981,14.954260603152761,12.33123137770487
150.50694235358,0.783679987692807,0.07069098461043671,0.0840750975716153,0.3717955413499961,0.04082930531481269,1.6728307581604602,2.1075631086300946,0.006757593164114043,0.10566960497484527,0.7516820656425277,0.026996526533435206,-79.95036169016497,0.0,24.022626924082086,0.176199405566838,,0,0.04411509251001034,0.11840403041082993,0.02510997950722281,57.514017077827226,14.589106458812608,14.049765184659133
151.26494620707564,0.775141948882844,0.07704045280308522,0.084698796933649,0.37681359925889496,0.041755282814907035,1.6605018417661577,2.1049196561258636,0.0033401624414893635,0.1052935623464968,0.7574387165217573,0.02796715130957605,-77.9610585268797,0.0,19.425337852197647,0.21324983847842863,,0,0.0476392552565891,0.11555070724228622,0.02779844283529093,56.57134463586644,15.447691103467037,15.158282003039183
152.01655340357976,0.7848000595751745,0.07767338511566538,0.08330501425327948,0.2950518800205775,0.04065020313965168,1.668581684341427,2.088130283363744,0.0032171355088630484,0.10585832941658979,0.7691844908361192,0.027747748321554466,-79.03324773456963,0.0,20.474678823849597,0.21715596639161255,,0,0.029786326187224477,0.11873094828337742,0.028217672807855258,56.52877763333583,14.772189335376854,14.632107755058248
152.74577230061354,0.7807000190241337,0.07584517862776402,0.08324382320745044,0.3766662061476801,0.04083490206340798,1.6651844617981963,2.096989834603419,0.006659143197483121,0.10572788086605947,0.7787902486000918,0.027924227217833223,-78.75750671896031,0.0,14.406174780728373,0.20914491926744144,,0,0.03850692751346098,0.11994232495691703,0.02876046923685353,56.6121890365427,15.702312809834384,12.707089570680395
153.50057782561345,0.7867130270938272,0.07718551164573534,0.08600436578106187,0.391478066804299,0.040904197840614054,1.6074600560778516,2.1250393350801002,0.00654181459619386,0.10237975568174869,0.7740677743002622,0.0278951756050335,-79.73276673387699,0.0,18.005293248329433,0.20715936072191368,,0,0.029800233525127996,0.11136827017316091,0.030246833290411557,57.82216091223543,14.832039610565472,13.945333820428601
154.2585816791091,0.7876542147235873,0.07106074805132345,0.08386495509969452,0.4006487952813935,0.04089615456640912,1.6058392103041312,2.0785645795115415,0.0033397042995477236,0.10473644250109754,0.7701743460413396,0.02599312767963587,-80.27876651987845,0.0,15.517805559644142,0.21560733600497867,,0,0.02815241219215723,0.11536579362868936,0.03489508777378779,57.2966909764175,14.253989243792061,15.21336248942004
154.95581729118527,0.7829986192281656,0.06959085674808606,0.08350293073637097,0.40238400326725315,0.04090726527628689,1.5949377722728517,2.0956050766497434,0.003279451145662318,0.10419112198680121,0.788855568398363,0.025983288544013904,-79.9615806994532,0.0,12.407154564035771,0.21635295699816642,,0,0.03319226843393157,0.10481651675730012,0.03651668078331366,56.25493266047697,13.511695480737139,14.804607187078721
155.72021780167245,0.7697898961908477,0.06981049804693064,0.08385962655273264,0.4004298234437859,0.040075697460083444,1.59475124719248,2.1053995319470657,0.00324290714663843,0.10325376080475394,0.7754211654640962,0.02516714209620335,-78.56116219898266,0.0,20.09464611420418,0.20780798938949313,,0,0.03811356425078638,0.10105739308935156,0.03417612456091216,57.012543823951745,21.49737635436015,14.474361267068465
156.3502885153376,0.7795750965776307,0.06992418512157375,0.0835642102159372,0.3377702014468451,0.040781510051347676,1.5924070074804946,2.2888071560016616,0.006509043683249875,0.10282010065074881,0.7778294932535168,0.02179444406015117,-79.1451401901466,0.0,15.634806272113607,0.2170605958287528,,0,0.0313761084757813,0.08925173120648773,0.03731959610023426,56.02042045063858,29.286630012347914,14.270817168150078
157.21063888069764,0.7743577306839996,0.06941016290722143,0.08340211682790821,0.41299277701808507,0.04016271066476949,1.5962545385771845,2.279061713218811,0.006587856586143941,0.10472938670076104,0.784248111158422,0.02147472149242929,-79.75411208319643,0.0,18.55510954530837,0.17901157536155954,,0,0.03690356533201726,0.07935045021373202,0.03578770555333908,58.492796657004035,35.090939834203326,21.088190401690778
157.9334611207399,0.7648791863932682,0.06963358552302565,0.08161609819964136,0.33285958384967407,0.04061164648250686,1.5915766687857658,2.323175057204298,0.0033965836507834912,0.1027752222580631,0.7758468305091623,0.022170096288625683,-80.78630157351182,0.0,24.083767850933494,0.14579057892444472,,0,0.0543539198159739,0.085932167403582,0.03778424744821162,64.2973087878368,35.7434165980924,21.07122507829095
158.672275003261,0.767329196033021,0.07963706675235711,0.08321961208550925,0.3210777282711008,0.04021327169434182,1.5921009333477096,2.311508921659843,0.006819356796177214,0.1039431534528148,0.7771725962138104,0.021368551961842206,-80.22142230006281,0.0,17.202502362451288,0.17872792993575726,,0,0.023917874055121094,0.07990551081878786,0.04415042291276954,63.63849902342662,35.977802442084425,21.63535006364016
159.4142872142779,0.7768103892506593,0.06931750773132231,0.08418139896106541,0.37449949575895275,0.03873285480643478,1.5196919664119033,2.259677787098728,0.00672585481271334,0.10330117882981077,0.7591176216573715,0.021670441763293552,-80.03707151968081,0.0,21.93250413397651,0.14126482278077104,,0,0.056676503593159955,0.08148626400730853,0.04716375275673996,63.46967909113059,34.99277563630986,22.161806826795818
161.5955472483877,0.7724495026203518,0.07182047472335865,0.08415723749185967,0.3556676732118217,0.038803854324126995,1.5212064369394067,2.278119058033233,0.006895037332112772,0.10286430579928912,0.7587565862576372,0.022098580202401637,-80.65871738263678,0.0,23.463166912270815,0.145854702295614,,0,0.05185940821046872,0.08068616181141615,0.047390062505628036,63.79429038561736,36.1357860419923,20.814180558406246
162.33116280241302,0.7709191570750633,0.0696588030112844,0.08350722625091565,0.2070446564055196,0.038898751257477666,1.558629837528767,2.2634834543623508,0.0066564340523490055,0.10213801327461156,0.7607387336570101,0.021879366957623658,-79.89142830291628,0.0,25.00866711277006,0.13701376152093006,,0,0.16015152007122774,0.08246570452704556,0.0493987157464809,65.28566146931333,43.81276852307621,29.28601122521476
163.05078671395952,0.7729973134251373,0.06845649743533416,0.08349840358025301,0.24639487628840787,0.038597445878559365,1.514338775813603,2.062922545117906,0.006658758342076389,0.10438107861135576,0.7444980041474446,0.02137994813062639,-80.44003515904426,0.0,24.695495261444268,0.13719565859304475,,0,0.1545967928880756,0.07688165987690371,0.04928320789113088,71.89749720194243,52.40357002555335,37.02960175892587
163.79279892497638,0.779422559449211,0.07700647019328775,0.08224916948933764,0.2801667203691807,0.038706092226232926,1.555540755745409,2.2715334007051196,0.006782407819175861,0.10342195430216125,0.7601034105696334,0.02399307261277574,-79.92829940081398,0.0,20.94362847281764,0.10993607696364457,,0,0.14678324295773165,0.08214358664340787,0.04352667811126582,77.39834885512775,49.12912228512112,37.20490353200748
164.54120779298475,0.7857379184672872,0.07522834875162902,0.08310606262146324,0.1721359729551286,0.03848797809362935,1.5591012793878027,2.166064714638844,0.0066444600433697085,0.10255087845649458,0.7536728311012688,0.02435682840724478,-79.98229045030466,0.0,22.33668507935015,0.11263691000816797,,0,0.1524363201161491,0.08319032578662516,0.045557452703791454,78.76923768695468,51.56205305099118,35.64900811180073
165.2992116464804,0.7847399928826517,0.07645709862087242,0.0846574798172201,0.2544917756436641,0.04118776975406195,1.5657480451707786,2.1788164223771034,0.006835457645649593,0.10303063546911143,0.7302588157983454,0.021989360173504183,-79.81202146312506,0.0,20.193115130340303,0.11120342059491369,,0,0.13882793988539033,0.08089534835275697,0.04313582640201895,78.51104291117475,49.15793613615975,35.71285132089891
166.8056243679844,0.7847246657433391,0.07988221228690226,0.0830470857768102,0.22216897328916277,0.04118706872258263,1.5510133855079264,2.084846613906369,0.0066078373773904575,0.10321724950405235,0.7356071652177003,0.023747593192350223,-80.82008098329268,0.0,27.342696493156843,0.11427554895132315,,0,0.1581306404017403,0.07545786205818274,0.04546216052399741,79.07153058998503,47.921665318432304,34.545667385527246
168.3504170314376,0.7846692733139381,0.08037741820311033,0.08351870105375596,0.34445193374603006,0.0412656614725136,1.5489896048778902,2.065385531098474,0.006641105889094492,0.10424885896818198,0.7194187887922497,0.024029281967939957,-79.94253452455486,0.0,25.980935320640025,0.15693849666185164,,0,0.1722183020263873,0.08337799884118582,0.04760820508827194,78.49880503370039,49.735015988640306,35.3354284199165
169.10842088493322,0.7904857851918556,0.07561453908009198,0.08447810220868622,0.27256460778958636,0.04057854333701446,1.5566926475406275,2.072560446849739,0.006425200437456308,0.10315880315655244,0.6900550057077045,0.0228847311014206,-80.02468958510089,0.0,22.775321598361906,0.16207354630840373,,0,0.1902960159337647,0.0811735306814436,0.03840754535837265,77.1224605182484,50.45258256325552,37.2179749246787
169.8664247384289,0.7886478874844811,0.07183817731008979,0.08318006354968924,0.35403925840718914,0.041139880751299936,1.498508017338471,2.075552405631932,0.006454119343792692,0.10451025481715025,0.6554654005532409,0.022749725287429197,-80.4217403021107,0.0,24.0509546239503,0.13910919080944417,,0,0.20326977281038466,0.07911896804433323,0.03294100922556026,77.67257239241783,50.37706216637846,37.33741603576489
170.63722190590758,0.7912839572919441,0.07420250706024811,0.08575766330633763,0.3325204751586209,0.041022429176387445,1.5581016476533613,2.071551249480727,0.006697609823405564,0.10293369812990691,0.6861852787303268,0.022008159243190422,-82.1523097886001,0.0,28.305663220267604,0.18121328944210705,,0,0.17715918546172799,0.07360307682289129,0.0329672988919448,78.43978113072552,42.63223622195885,37.46679184140101
171.41121740188206,0.7878349853299904,0.07344917864731872,0.08717684178271894,0.2917893141508266,0.04195635300325811,1.5835877531908231,2.163598227321648,0.006682786233095204,0.10266891959821123,0.6726438055598383,0.022095908410212764,-82.5800142952721,0.0,23.53069661444847,0.15870547817185546,,0,0.19497099291167136,0.07539856656700657,0.025638086629509265,79.17040019542408,37.361724871133596,36.184584928987945
172.15322961289888,0.7740356477835635,0.09184785878581289,0.08730974460941293,0.24951149419766552,0.04308760170139429,1.4893495799674674,2.1636091478020414,0.006721276595433334,0.10356110322307602,0.7013484581879983,0.021767950501065017,-82.49440507341932,0.0,32.374500589001634,0.14921006551213964,,0,0.20614387559377528,0.074530375567736,0.025294423101173778,69.64401500473383,30.623475341991547,29.76397580025313
172.89524182391574,0.7728639235720344,0.07376715334240003,0.08890713618078515,0.3416473402614064,0.041188147883589675,1.532376471901179,2.1980550949076227,0.006752646381671249,0.10326827921079287,0.6824067978496441,0.022723923206700046,-81.8495711986637,0.0,26.75137198183616,0.14098165174909383,,0,0.19090292708236617,0.0714232036015541,0.023753909999916677,70.48408078534038,28.180436547474635,28.77844488540542
173.61486573546225,0.763292025649391,0.07196687703985301,0.08805279606183608,0.3035663992491272,0.04160878937614185,1.5438507640633041,2.180297053252394,0.006734785331326465,0.10353962612754325,0.6887149994440416,0.022966324157900907,-82.51259869943442,0.0,27.910071858807473,0.1488758272111248,,0,0.1967616795436333,0.072723281710138,0.024501509610550504,70.25063609661309,28.2505475710428,28.79922470484114
174.331291318513,0.7613568150262564,0.07269419556931787,0.08819410113577358,0.3006467393805714,0.041321303322338895,1.6060159695673168,2.1811453675319528,0.006558849579116601,0.10284758886342221,0.681889195026306,0.023282073693279472,-80.71042408942758,0.0,32.7081167162388,0.1499581125347745,,0,0.18789832455716324,0.06950240152542662,0.024791173241121234,72.23414200214037,20.11521899536252,22.39334419367625
175.06051021554677,0.7641510715668769,0.07424327492974145,0.09012908512519498,0.28139732962355113,0.04144939109768322,1.5417136171343135,2.075067345964764,0.0066586835986156764,0.10431105515672208,0.7024313393651835,0.022751921855871094,-80.59887235138834,0.0,33.02677927226429,0.14120851443597598,,0,0.07813126036878905,0.06621642919009697,0.02429811791696121,64.29190687890797,15.660536574142473,13.678651566081236
175.78972911258057,0.763802786699791,0.07371984521106277,0.08999629581794634,0.332433635462104,0.04149080366491067,1.5385625454760727,2.10538430260787,0.0065991204860760344,0.1017902517567618,0.7121417251261641,0.022960448794179616,-82.59219433248573,0.0,33.058464081069374,0.12723409342364878,,0,0.09847159405784581,0.0626488765979474,0.022922456219130347,65.37005378463284,15.567246962985074,13.480454811807146
176.50935302412708,0.7451266878839197,0.06821087252740678,0.08915706613790733,0.3247195660386518,0.04097049023274288,1.5268449672290683,2.095497242552358,0.003450919127058065,0.10215678066585802,0.6846837522569823,0.021887336875440446,-80.80119865769879,0.0,30.563816991313157,0.1311242491084225,,0,0.07584145293413498,0.057541880717794494,0.022314264878527616,63.73572834780469,14.898549549904551,14.835662883709684
177.22577860717783,0.7505786772092197,0.0709943315297884,0.08734172984990173,0.29581075180297234,0.04088140084812417,1.5339060058793381,2.091248805825848,0.0031958680902491377,0.10207314243550551,0.6875767570511881,0.023127736822791584,-81.25291874007664,0.0,29.72170363453938,0.147791507694492,,0,0.08502636674114512,0.05407922716322054,0.026191509452326338,63.90172785209858,12.254030840103482,13.680053848995827
177.96779081819466,0.7526378480487003,0.0706811929590277,0.08592668445670318,0.321801590635073,0.04124671977124141,1.6129620111425094,2.177907154813297,0.0032974742750439294,0.10343258173143026,0.6729258738616883,0.02532226457659614,-81.28147409696155,0.0,27.59001921617198,0.18628823185010226,,0,0.06344047669255565,0.04019583377739338,0.023958691283217485,64.27892596255776,13.396636270492797,14.247377826575264
178.63624147380898,0.7518430733828433,0.06865003081953375,0.08474524396796804,0.3008783407652767,0.040838546190638626,1.5398173345439479,2.184361311760937,0.00340226108234696,0.10414314156550568,0.696482932946107,0.024806689973020705,-80.55437434684892,0.0,31.431520171617137,0.13451115479736342,,0,0.09752008239517512,0.045724102649500185,0.025338770187499516,64.42160483119153,14.890883375724355,6.426027869787547
179.39424532730462,0.7547399539920204,0.07034104200764665,0.08168986170827983,0.29486113169903405,0.040396217738689545,1.5384464589181999,2.1803590329576346,0.003180712595262767,0.10291884264856561,0.6741027550274908,0.025021583310804233,-80.33266916155068,0.0,31.894750002670293,0.13379588179143354,,0,0.028301293614815787,0.04515528039359102,0.02452478799652392,64.29117617399933,14.132678411248115,8.063680510674025
180.11386923885112,0.7499750499772969,0.07137864160017071,0.07961702245372597,0.29149306909638933,0.03976596515666974,1.5388608455023634,2.169653252467218,0.006600526720638476,0.1027466441882837,0.6633111685724322,0.022776808303260752,-80.25765987685783,0.0,30.884066313188427,0.1435259327739061,,0,0.004386276359963346,0.041078114819087325,0.02733849663543996,65.01481864611497,15.251956718885241,-0.07160154426067142
180.81750150791882,0.7651198524633301,0.07107926909727061,0.08245033898845819,0.2312268301840688,0.04042846540923702,1.5704225273953256,2.1767583702175544,0.006676462384854183,0.1029958659565646,0.6879128185957645,0.023973937210164418,-80.51684387091501,0.0,34.58500097163069,0.19000387657876552,,0,-0.0017356873616926867,0.042041818066843775,0.02192819205068501,63.887951914365566,13.864463203520648,1.6067489597065896
181.54032374796105,0.7700063780822826,0.0697286489710577,0.08065781908147458,0.2747157576388037,0.03976672547506456,1.528121164566183,2.1798307059637003,0.006421760520970212,0.10429445799490053,0.6518651504692462,0.022902349005744033,-81.08780589074713,0.0,32.59322810099133,0.179734918076326,,0,0.0013009081359350255,0.045532850393305326,0.031080626962903653,65.55458778836085,15.361166253922205,0.6461183189070367
182.27274097349064,0.7689161801747423,0.07016786968315412,0.07989686125825458,0.2710847299168729,0.0406318348553405,1.5183953885702741,2.169912855243547,0.0032437117989499564,0.10262509764556513,0.658309471355276,0.02231878390003404,-80.84988847681606,0.0,30.62499386345428,0.1886085645026745,,0,0.0071908112919200455,0.03742870764401356,0.03271935487135193,70.40320656265123,13.235394679818345,0.4493749998899766
183.01155485601174,0.7815854602177088,0.06962598066208986,0.0810153169039999,0.28440169060819653,0.04073340886548886,1.5633249441765467,2.1741019591716677,0.0034342461890805756,0.10293746657350422,0.6657372693370254,0.02428195336535332,-80.38163287920588,0.0,28.21087386776711,0.18537909735638697,,0,0.0047658017104204265,0.03816525404266386,0.032076074261048915,71.46013092005518,14.780114784195181,1.091192390141557
183.76316205251587,0.7794751677752857,0.07067757878615867,0.08154439336936238,0.27081575261183405,0.041838286698843985,1.6715137899764203,2.188886637037233,0.0032824425523947905,0.10354797937642748,0.6788032379100183,0.025394305488743416,-81.22218113463586,0.0,33.438338673549765,0.182953185676983,,0,-0.007339471530333287,0.041222628694091254,0.033655258282949824,70.72516956843697,15.011691887927824,1.205132123829888
184.51157092052424,0.7730922997593721,0.07046837337031106,0.08093545472346861,0.3110564638657563,0.04181225841132638,1.6673512651348954,2.3324557386359976,0.003194529971249206,0.10269309434882247,0.6844715360551888,0.025348678434189746,-81.27958002785537,0.0,34.58763762461084,0.1811565430679381,,0,-0.012129356294628147,0.032745736775972215,0.03303121281401164,72.18433161524977,15.070783724131354,0.03284474487545136
185.28556641649865,0.7950825849001167,0.0701181227557348,0.08105515151127249,0.2818192463916143,0.04192994263999822,1.663125258582166,2.326585911139482,0.006685975444525644,0.1032542697953264,0.6912084881242154,0.024629639387904037,-80.72700816063764,0.0,33.51174060983848,0.18116931489825355,,0,-0.015611182342676546,0.0422477810192914,0.03236579366539564,71.37557843062966,13.072680680908626,0.5626384726890702
187.60115624743057,0.7991776916310616,0.06829084178463078,0.08092756872281488,0.26106684188013884,0.04251292390804889,1.5815069499982612,2.22701069063207,0.006532404226992197,0.10349081924034863,0.707064554695558,0.02367758038179302,-82.27367680395524,0.0,34.69390112584529,0.16762910989580154,,0,-0.006213362267879578,0.04294553974789891,0.03353914181698299,70.3703124732293,15.747854243549954,-0.3729016537577803
188.3815484003965,0.7948525909244322,0.06944168537765853,0.08157345788927783,0.2704567447908175,0.0427657102545759,1.5699990256002556,2.164848626270207,0.006626089650157941,0.10211203773964163,0.7174201120863343,0.02517597002361937,-82.6878842173903,0.0,26.860347576281924,0.16963407025832422,,0,0.16610969469776815,0.04688268584383179,0.03175450140999766,71.93653467533292,12.786041214667296,6.809789114419351
189.16833721035403,0.7874350186228634,0.07235260123276825,0.08134097811345174,0.25242992841398904,0.04323811993586133,1.554337130336877,2.1870103650906683,0.006882921551867878,0.10408847683057693,0.7668602551035311,0.025197165920991787,-82.29085971892724,0.0,32.73580054082348,0.17832819137771408,,0,0.1748666488195605,0.04891356284443411,0.0349716463888441,70.8264297682936,13.882121220242897,15.246129286715304
189.93913437783277,0.7957379701445325,0.07448826778412466,0.08583595217660045,0.25030526047061047,0.043171367976641596,1.5520083693791096,2.182034548857899,0.003232107486908418,0.10277199780877953,0.7418382260541081,0.024798642473641802,-82.23426961973473,0.0,37.24658423413675,0.17385991128065334,,0,0.14396151702271692,0.06982114194504446,0.03816829254182608,71.30796567044283,13.457442486663497,13.803323247453442
190.70353488831995,0.8019620585730146,0.07182678837957614,0.08662539616930376,0.2728914535746433,0.04288302510914172,1.5612767339182303,2.1638530845225485,0.0033887876899512115,0.10350036775721597,0.7484794311602565,0.024973419390761045,-81.72269263428073,0.0,37.21201818527153,0.18748014420836318,,0,0.1679804255982195,0.06803975464715503,0.034377206914691164,70.3374910007263,22.118635783742146,15.003293250434808
191.46793539880713,0.8012662253678479,0.0719427975499461,0.08765402208267431,0.21815194884751285,0.04328351817196881,1.6108378543447182,2.1731907424050325,0.003248608987786729,0.10252757432606133,0.7448746022189424,0.025187067250174593,-81.68988207568543,0.0,32.73067473661201,0.1740108019076422,,0,0.16626234642362336,0.0745108414780611,0.03373526791004627,70.81384095994243,20.869375165919262,14.508007639577833
192.2163442668155,0.796364966416822,0.07283548122474959,0.09245388877499212,0.24185611140330782,0.043179079065955736,1.5574847107986385,2.1638194683498964,0.00299267315126308,0.10294806138114444,0.7173019887959463,0.02471171041069034,-82.9741276751591,0.0,35.264181485806205,0.16924672359251566,,0,0.16391805493606204,0.07191493345083227,0.04123794890674995,72.6403931192844,21.45637470865818,12.74072981894959
192.9807447773027,0.797322878776115,0.0736948464863167,0.09094145676861833,0.2900663415361182,0.04313791910996314,1.5246553147853872,2.171477359061773,0.006536657058705095,0.10299422758310271,0.7497332160955071,0.024996305374376766,-82.98846811902604,0.0,37.14397487961194,0.15137822610844215,,0,0.15408579862473562,0.07450185866186815,0.04334795618697358,66.01387451169127,28.748815107725257,14.416331453876712
193.66518707539578,0.7878224766949832,0.07226686572405913,0.09179965726800106,0.2964947172157089,0.041113389472046735,1.5295778709006367,2.1585026879631073,0.006672153209869812,0.10231887291567608,0.651194704194535,0.024595338104047272,-82.3804889653387,0.0,34.90808636428835,0.14913855304097562,,0,0.15897758811550397,0.07259468954633948,0.04398639897920038,64.52725363935964,28.011999771463998,14.651944101444656
194.4519758853533,0.7804690783320805,0.07199773664639347,0.09397073457468483,0.3115821640650864,0.042037512219522594,1.5259667165414923,2.150099348920277,0.006792504990330762,0.10345257580099053,0.6558978928564911,0.024449363568541924,-81.72952318690669,0.0,41.58831278926023,0.12729793245267615,,0,0.17204282400422374,0.07284861304905994,0.04599131250058446,64.9851682279604,26.815312664616716,13.41761615593441
195.20358308185743,0.7780704120880932,0.07317647561192306,0.09118178211519463,0.23626318580740324,0.04190442380905767,1.5141735879697948,2.1669064662377955,0.006767603543414804,0.10360430614553301,0.6428250196503794,0.022526323341633958,-82.81914611526598,0.0,36.706809840215236,0.15999932660181257,,0,0.15718855469936135,0.0745200487326807,0.044013748230105225,63.67099913210781,20.881970684137116,14.300839451975104
195.9583886068573,0.7828807822280623,0.07381159739360343,0.09281014897739913,0.2405618339590978,0.04129010216110997,1.5676922613349185,2.1633226943545276,0.006592985024441443,0.10138211018517226,0.6469884647099392,0.024102972461713106,-81.83125353877442,0.0,37.6540611637029,0.14885511488318215,,0,0.15748635944149086,0.0684897511617906,0.04110564361362411,64.11071063301084,22.489069627104872,13.859468751702854
196.68760750389112,0.7752999926074918,0.07656012170385218,0.09034552993184401,0.21968622298179954,0.043173033864786534,1.6009800510940124,2.212476219803959,0.006752349766925325,0.10359836662107012,0.6520110939196813,0.02287760556991383,-84.69475066763992,0.0,34.709717612595895,0.18605957898718675,,0,0.1566092757272129,0.07486858382125293,0.0446955070463563,69.19576392135983,27.17745301740012,22.501300045927437
197.43601637189948,0.7642902257936445,0.07533924839825995,0.09115608807147668,0.27896155465250455,0.04201649705496132,1.5979151123393045,2.245136383693294,0.006721183021918215,0.10270057592338014,0.6311014955326597,0.022369374486931742,-89.28082230766464,0.0,30.89949631730657,0.19779293038740467,,0,0.16272084030344358,0.0771283797364535,0.04394116748303448,71.19437694599023,28.756428769768142,21.606736668359755
198.15244195495023,0.7819620147958702,0.07002506234175239,0.08800665649621996,0.24828415805327445,0.041013092473437644,1.60063719208699,2.466413980542139,0.007009957316307826,0.10409507315926225,0.6113473509998183,0.021981976577794726,-90.22722915951206,0.0,38.34108142283457,0.19744714261134824,,0,0.17787651763185985,0.08518118121090273,0.04458676112094345,72.46428615944053,27.15647126292875,21.76129572243936
199.02558563429332,0.7644051560793274,0.07061972358309757,0.08446664279702984,0.2974618818666939,0.04064156491100348,1.629643837625456,2.5783879032462593,0.00667009997935097,0.10297326603102394,0.6149198078353324,0.015740208134308046,-90.07360647055339,0.0,35.006351221871604,0.24130016046335392,,0,0.16937314258838496,0.11438659740473123,0.042537195834685626,72.21741999708806,29.91173948311541,22.10344593719377
199.6172764060093,0.7587539437782886,0.07160877615907756,0.08309025794364401,0.2558005154319381,0.0407049647775035,1.590140401288523,2.855292556359001,0.006806891343029978,0.10426612938452674,0.6189565049271817,0.014862027382022126,-97.16588934784698,0.0,38.656549146931724,0.35349245491722614,,0,0.02373015135482155,0.11488193897162241,0.04220734020546269,71.8001338062073,28.451634649365527,21.799991387019503
200.3369003175558,0.7557204199806627,0.05288106080851594,0.08244629425455967,0.29699861229622504,0.03658604968907553,1.6351295037904974,2.9024454940724236,0.0067352496152134934,0.10155809221424555,0.5372748588718081,0.013879286277651658,-97.71693772024915,0.0,36.68265002088783,0.5003699296958813,,0,0.0012194469137198714,0.11402411977025553,0.044436365262890826,78.86090101935501,28.901651838315082,20.783520485908394
201.03413592963201,0.757860744857668,0.052936196866390284,0.08364216727187987,0.317372719519186,0.03644984791912155,1.6276325995102856,2.905980519646116,0.006598661151752526,0.10359719274167749,0.5341217142213183,0.011368144360894696,-100.49776556063566,0.0,34.51518679903715,0.48382930903794114,,0,-0.011528631042849078,0.14619918775836435,0.04391562704734717,78.97022137077587,36.127052857449925,28.417399749225016
201.8369163820683,0.7587200361970405,0.09545127224811065,0.08340661699312665,0.37347371148498265,0.04913235960524223,1.5968211053774504,2.9009097129281236,0.006630611252908739,0.10162568547063097,0.663909785851258,0.00839305695192102,-103.41616798865833,0.0,39.57565211243846,0.49034096513553616,,0,-0.0026625055353652906,0.19640409737404793,0.053583288354162206,83.74726056470944,35.368394447044444,29.0881665205795
202.56293695060631,0.753108678645296,0.09179824472941572,0.08439226649611768,0.4078347189462168,0.04868752236794847,1.5243844128942252,2.863145416064899,0.006649210343881966,0.10368348040336264,0.6170425212319501,0.007277451788838093,-103.41708853782019,0.0,39.12410253094401,0.4785396496511391,,0,-0.006032885513370946,0.19937464197497376,0.05218344589459613,85.98280488583254,41.39032801547179,28.53282290812797
203.320940804102,0.75675322677234,0.09385210679722518,0.08237395632447682,0.4249392924125583,0.049025463594794705,1.5342881616603563,2.9152888544170072,0.006612155851444064,0.1015962564362308,0.6219405591051239,0.007914183466268128,-102.81971556032052,0.0,33.88486042670676,0.5006103339640693,,0,0.0028819827562539388,0.1977730791274913,0.057072648314733014,84.72399787308481,42.62863173941921,36.036195536765646
204.0853413145892,0.7510968627709267,0.09376253888631818,0.08476657293890097,0.36193212261845,0.05370792573522672,1.4161937753753457,2.898746826350764,0.006735881854613759,0.10330657523629874,0.6363626033213731,0.002844065581194815,-105.9137981140713,0.0,37.13006957428632,0.5005916441209383,,0,0.0031152169257878414,0.19415560752189367,0.05813608428198542,86.248233030987,41.965922835429346,37.03757094206991
204.7633869556908,0.771653340662519,0.09013309640995489,0.08349911102295243,0.3695227836238366,0.05325471198945518,1.4073036488698236,2.9142384758601665,0.0066167930797958125,0.10273745424020873,0.6166405431151033,0.0031322886290437945,-103.5076095906961,0.0,40.07463685578954,0.5493607516259096,,0,0.015674847669021188,0.19973459460832874,0.06131793933376001,93.078908685296,48.98321606537336,35.912543180560235
205.5693657366229,0.7740001992850084,0.0915208455896261,0.08449357850246081,0.4766615663235378,0.05329573381652426,1.391941584723363,2.884238571368496,0.006442894603113731,0.10399525375039383,0.620991374452618,0.002858649244868213,-102.76379657595056,0.0,37.367147827932484,0.536153412787224,,0,0.005065388008689569,0.19885226119457375,0.06423853592481835,93.4804129308992,49.374944457071166,35.335936185419136
206.20583310727957,0.7706081549111127,0.09233489270738056,0.08851046062819784,0.47656530187016255,0.05329601700042939,1.2240401829937995,2.717747645780236,0.006451719863225826,0.10394061667059376,0.6547796933558617,-0.0045008233754040335,-106.58167251076401,0.0,41.3329776255785,0.5405306143024908,,0,0.010880098508574493,0.16906261515004908,0.08125851131041822,92.42283012164428,47.42984784661851,36.35493784306659
207.07577845812688,0.7713196790006099,0.09377603510447334,0.0878987503064598,0.53638547381901,0.053437543386551364,1.2138496760860882,2.660561359023938,0.006694774189215138,0.10421247951774333,0.61584009633917,-0.005955894207201582,-107.96181752909962,0.0,39.683262368685426,0.5400430687799875,,0,0.006425532751852762,0.1667035126463314,0.08489007576886047,93.85942257951262,56.56578143459248,43.44405597303104
207.6610725728514,0.753568354714262,0.09212598966480327,0.08825781684943025,0.5107853234713938,0.0533619048292929,1.2109944230998535,2.669739018434564,0.0066671136076609855,0.10343622096489094,0.6183482816738121,-0.006133713803681122,-118.88350757133166,0.0,35.026779971474284,0.544376862633344,,0,-0.006582540328664028,0.1507362522799329,0.0917401808331464,92.86416085849916,56.59774797658799,42.71205293489039
208.40308478386822,0.7553270880367332,0.09752231398826586,0.08939359954190418,0.43746964662508975,0.05547345364403273,1.208810499102045,2.663901360500339,0.006571731508189356,0.10423169767543002,0.6599952421940212,-0.006924282204404512,-118.63534995022698,0.0,46.72008041474928,0.509975156265415,,0,-0.004319252798856489,0.1507890574231496,0.10903362792214319,93.72272226339531,57.66671335610714,43.52486305792078
209.12910535240627,0.7671130717685297,0.09251156504897064,0.09418809219518173,0.4849100147265726,0.05303609325457521,1.2169428627791412,2.706732781375825,0.006727332458641901,0.10388161831272365,0.6170422788419057,-0.005895212709326238,-118.87669740615043,0.0,46.552356420914094,0.5483057562307935,,0,0.027568442523095482,0.14094239731365255,0.12722558086622646,93.06962501254458,56.21769476772101,41.330135762230896
209.9031008483807,0.754220228544364,0.0538152530026809,0.09399709991911676,0.510495635688931,0.04063637094749459,1.216101244720224,2.697665916595164,0.006853308680480562,0.10494123196088415,0.43743250760516195,-0.006087754374813034,-118.29409900374779,0.0,40.3426519418476,0.5577593614723684,,0,0.0187482153916866,0.13565123757414738,0.12805398045720934,93.23693880101106,57.09565442856252,41.94606289927755
210.62912141691876,0.7739373108196429,0.05315670890896177,0.09481502194458771,0.5639097218801862,0.04040418145628171,1.2382008592757403,2.9380338391467933,0.006664197019584631,0.10124049578253627,0.43817174016048777,-0.005577096392417783,-118.61592858477131,0.0,41.997978013079134,0.573313092681891,,0,-0.012686611087783196,0.12847685274994866,0.12583881682906042,93.40489613443286,63.590644528184434,50.93544665399959
211.3103653865161,0.7573776573214324,0.05183790612846211,0.0934476594801625,0.48349555729614574,0.04028383827681767,1.250691711058109,2.932703902851051,0.006593976230131984,0.10223607125334884,0.4281168803132455,-0.00592486782065932,-118.21886191799763,0.0,38.931344865658595,0.6489296620099522,,0,0.0024218974981001914,0.1291415301169082,0.13013220047164903,93.38726790347958,64.51344856343951,48.77452783883605
212.04598094054145,0.7677658826468557,0.05300272807632755,0.09448410927056274,0.4857286125424028,0.04033382042368027,1.3913694338691747,2.9710087243021857,0.006582924493491498,0.10477221756616643,0.4352432791803658,-0.004363252389628574,-119.02471449687206,0.0,33.847453382517415,0.6178500540115679,,0,0.004688698112890025,0.12270759929798777,0.12959838544123894,92.74470351475047,64.39426960679364,49.27024345809511
215.88397513545615,0.7711472126571599,0.05446100672738154,0.0939723943412282,0.42319304962309484,0.04033081961466095,1.3888471437694758,2.967283094807285,0.006875309126509286,0.10381742792592033,0.4381697899517395,-0.004294688780905706,-118.60965246651597,0.0,39.00544363221158,0.6071666177341458,,0,0.009474306561609542,0.12278375796779317,0.13857582306804875,92.46849985015992,64.13068576817196,49.08546858540163
216.52044250611283,0.804214136977077,0.0726600346052721,0.09267017763791292,0.3980454694850446,0.048763464774704494,1.2598068510008733,2.9571147881804603,0.006708873886649527,0.10244597602999818,0.4906591500106124,-0.005487558461441838,-118.49551074387274,0.0,42.023166517069605,0.5677671751990992,,0,0.6639093808356267,0.12185708076940949,0.13694060804570896,92.48797665832801,63.66487127691943,50.21187453167508
217.30083465907882,0.8112254460750731,0.06863486150159993,0.09300818200965591,0.3245821803127492,0.048666445412438,1.5102762873720095,2.9590299926058075,0.0068111831502281435,0.10510153782761579,0.5022655725589438,-0.004373109116094026,-118.01006300765904,0.0,42.71721486888196,0.5349058744142557,,0,0.6649315215951004,0.12537149664072034,0.13871291155762736,93.2803658363159,64.34674195383865,50.23829076415239
217.9532936722143,0.8141703251389028,0.0702208843660737,0.09098038676122606,0.29309630868751235,0.048389527266440704,1.5673235420573588,2.952743455714157,0.00666782106807431,0.1020362737485355,0.507733442538802,-0.002576754681742009,-103.62857533241683,0.0,41.88176958656841,0.5498025353195226,,0,0.6472296898831686,0.12299931322980429,0.14234381630960757,93.74021831364638,66.24214991957685,57.40444769321712
220.1569420057945,0.8158526225191725,0.06927038845436778,0.09232241549295826,0.3380041426778331,0.04261627464548803,1.5632429988631553,2.960254810550833,0.006704151211304915,0.10396451039665305,0.4553579737348648,0.007205225920251486,-97.92094308428467,0.0,43.632800112683576,0.5330979044706649,,0,0.6720248281859295,0.12523197724131235,0.14400015575171762,93.07982888427608,65.08372122696775,56.15939957134992
221.5961898288875,0.8195173378950132,0.06906894262658264,0.09269876000151812,0.2936687547388285,0.04205982678278609,1.564490708526208,2.9097906274583467,0.0031383256876226897,0.10725848194198011,0.4397851182419494,0.014775913666983605,-98.31076213852221,0.0,43.30992081618859,0.5450402511312605,,0,0.7735680842959752,0.12923326068981197,0.13987025541128834,93.36030279139662,64.32309303010734,56.91441817100853
223.03543765198052,0.8152956542344701,0.07107462377160587,0.09239641547771228,0.3715105361110627,0.04167845881966751,1.5718236220792996,2.741318776481617,0.003399944734234303,0.10694502469854547,0.4394459259874567,0.018184979261832122,-95.51371320988173,0.0,44.603358753737325,0.43992280676344286,,0,0.7623289758108934,0.12967362487084666,0.13835368275009527,93.83014539114025,62.900997245024435,56.78239274615561
223.81582980494647,0.8084088592124767,0.06806615335056584,0.08667803723409753,0.26580147789311015,0.044303449869055544,1.5704184716601948,2.686589566244586,0.0033806019995028832,0.1097729843784563,0.4628702450108076,0.02495011964939481,-84.24091652925213,0.0,45.773297039744406,0.28380923974462885,,0,0.7690653541587981,0.1272147813918138,0.13699186532739874,93.41297729029789,63.078045132150166,55.13038796857227
224.57383365844217,0.8052060833631884,0.07047116950153746,0.09050324729089225,0.2816434292213185,0.044060148421859686,1.5597198695001762,2.374614132489219,0.0031939026711706397,0.11024516744968973,0.4622079050942405,0.025401336570740524,-83.47876560074188,0.0,46.71882476272909,0.1791693969916346,,0,0.7689829875709526,0.13541682703448904,0.13161218449770376,93.54062854215124,63.6611956407427,56.79166648082161
225.3222425264505,0.7995233704571766,0.0694903356369755,0.09077201650905964,0.33233463593525836,0.04436526445139388,1.5722335465389325,2.389689458994069,0.003425833184403294,0.11064125162759203,0.4583225840304211,0.026070431529657486,-81.33593765612333,0.0,45.571084743192976,0.20497146981122247,,0,0.7587854332728358,0.1624269119006142,0.11614370259052485,91.95787400080566,57.866162160071035,49.32798898595616
226.0930396939292,0.8008961696805232,0.06721460992057206,0.08944273344649352,0.30307420036764676,0.04122266848011801,1.5695527582173283,2.2842343212740897,0.0031100582924912775,0.10517429431380629,0.4438014714896569,0.02809727505420698,-80.95922414829417,0.0,37.78323482498413,0.19889712874227353,,0,0.752221960029066,0.19494154830318353,0.11580366592489078,93.06327143333198,56.050064268092804,50.40026764228099
226.88302683238254,0.7886114244711495,0.07082169164988286,0.09066495726713622,0.2881896370418676,0.04096160067646585,1.5734584237320002,2.2815889064479142,0.0032140965228594776,0.10666790948672217,0.45246597448406095,0.03003136859142777,-81.75005498193667,0.0,52.883850151751005,0.19202572825062414,,0,0.7625635934885391,0.19601335967542488,0.10630021373491699,91.92012443518469,57.826286595254125,50.38341057220347
227.65382399986117,0.7968525036079884,0.06848107397986314,0.0915470290382357,0.32427466733648846,0.04085503469608641,1.6280609554740146,2.2573504692177413,0.0034163041323915368,0.10770081468651177,0.44455647638619034,0.029813521216335046,-80.20124664179212,0.0,47.956298204339035,0.14230208139755227,,0,0.7617045632203379,0.2029100839948285,0.10727184157237317,92.44033041908784,55.4237625062431,51.39189560502073
228.41182785335687,0.7811435615212332,0.06831350722423035,0.0859516844424909,0.27334897130259456,0.04109570702144425,1.8128991868881597,2.2705952445232094,0.003205328179052659,0.10583932866551035,0.45896773277254144,0.029505235733748258,-81.38224174015679,0.0,47.272109115241925,0.18416462484629945,,0,0.7389898707772582,0.2152835338273525,0.10086724747678276,92.80145637070463,57.522343756921245,51.65897530502354
229.16343504986102,0.7854032543220839,0.06901008692083725,0.08533319713358876,0.3438033442134242,0.04167392052311917,1.8158505957962547,2.4230733719482225,0.0034762160246864797,0.10532751789437751,0.46380184640542677,0.028722136401492286,-81.71648067274732,0.0,48.18451123025421,0.15144233858897757,,0,0.7662331281202659,0.21832814067808445,0.09783182277500861,92.72518189125083,50.855545203172674,48.94265307162714
229.90224893238204,0.7778183017997643,0.07073085882989838,0.08318873301923545,0.33176449842033673,0.04163574754714512,1.8129035840919259,2.4334717779125845,0.003321138291197837,0.10681364749686773,0.45479476497944504,0.02859989797079297,-81.32866620382487,0.0,48.13418369676023,0.15163079376212285,,0,0.7411385559629258,0.21874900396884753,0.0926402032200795,85.22746658155921,42.83798290328972,43.22663207539408
230.64426114339892,0.7823845341148545,0.07105090107433241,0.07971404210575499,0.33889836182068167,0.04144786342906318,1.832366042542143,2.41506315230418,0.0033818788499163713,0.10687599523669447,0.5052863571078374,0.02869375516636462,-81.79406457432634,0.0,52.14959869299329,0.16623485794447185,,0,0.18348585960564096,0.2148114262674835,0.0892573736158789,87.04638837124465,35.99573079242069,36.75536723848909
231.3926700114073,0.7729610677755336,0.06947442611423475,0.07388645525301356,0.3211520297525846,0.04175634230423708,1.8498838356141614,2.445528260804201,0.003504513759345067,0.10723900759139642,0.5120105970579393,0.028877131555055224,-77.94896062397106,0.0,53.35831779587909,0.1916073365888132,,0,0.17212787700780854,0.21557222948486365,0.08864721256068818,78.9911259260184,29.6181780921375,28.792792019718533
232.1250872369368,0.7700927901288224,0.0700053855279124,0.07190726535096524,0.31013549974193755,0.04173066362139733,1.8475063431953542,2.4586681684287597,0.003262979098091872,0.09783342612142447,0.5461190518623166,0.02891263998132252,-78.52456373503176,0.0,45.90042970397025,0.18411703680042962,,0,0.18465684489496856,0.21479551581441028,0.08551715296570485,77.98290151270105,19.698762549742924,21.042641291103347
232.87669443344097,0.7699933902231867,0.06755405953932503,0.07172883512344559,0.2732699429779848,0.04150307671900407,1.9569779997234158,2.666427476374029,0.0033673376478592374,0.09175080503419843,0.6742249722149395,0.028710817293877748,-76.17310096691014,0.0,57.28467309309805,0.20795774452051366,,0,0.17794331035954083,0.21398472580337388,0.08047695634904242,78.19400593835535,15.112927338182553,13.537270361748009
233.6187066444578,0.7627087865370413,0.07103930766773764,0.07216847573122898,0.2887988379584882,0.04082662732913296,1.8475448821668463,2.430969755765357,0.0032937847220556845,0.09410223266911476,0.6693325742852375,0.02872178731134963,-75.81173643094814,0.0,52.35080803930332,0.20615078844996018,,0,0.049888262329457825,0.158315982133228,0.07895405036729751,79.32951814939126,5.858083704586363,7.8364149192899974
234.34792554149163,0.7686949467814921,0.07402685302618689,0.07196351201604233,0.26575208830306574,0.04108319596194996,1.8472010253082969,2.432307070405744,0.003263908216076703,0.09166810709888631,0.7014623076116641,0.02891639935585894,-75.11550647896365,0.0,55.250824346290216,0.20275723229772039,,0,0.027024695744519902,0.13501010413203687,0.07846108240533581,77.5860721684322,7.75884238391505,7.423999729930757
235.06754945303814,0.7626722778105846,0.07401642336205483,0.07077490568127354,0.24215580309489504,0.04129631034814805,1.8343705536067973,2.43628919029388,0.0034317909986007157,0.0933721841270984,0.6921698071750867,0.028389606723306655,-76.04979940254957,0.0,56.52659522444311,0.18595235270435934,,0,-0.0069965539541583955,0.13650905979900874,0.05022479408450786,77.87423043198152,-0.7274517332023044,-0.16552893442445107
235.79996667856767,0.7614345764571149,0.07227839041190637,0.07249155698856723,0.19022986914516335,0.04310592458427134,1.8300102072770703,2.4551756798732414,0.0066360883334222855,0.09311266390681557,0.7112380121397873,0.028597749129002568,-76.17125610257031,0.0,49.50716221075716,0.19499250755082975,,0,-0.0051923739529084354,0.12730987357879048,0.0486721167422128,70.73592128209715,-0.1516025771401783,0.1681189983177023
236.51319393312266,0.7486541377319035,0.07528568635658546,0.07228375954316989,0.24373117441652836,0.043034177599223705,1.8344074399660562,2.4479441693198982,0.00673374948972206,0.0981109505072119,0.7121022626700159,0.026815852554735977,-76.56003091838426,0.0,53.85302409151557,0.16205521489112143,,0,0.00858990156924903,0.11837677988434384,0.04885186230842677,77.70400462174241,-0.5589052622864477,-0.017625943788374888
237.23281784466917,0.7595598361351805,0.07362235336971146,0.07280594267597432,0.2149637590336102,0.04100227897472792,1.8331431227002806,2.3856306174936117,0.003341609362875742,0.09627349123462171,0.6976179054249336,0.028939798086101674,-75.30415077692574,0.0,51.02781450460699,0.16363490963550933,,0,0.016700083792762957,0.11407703141597254,0.0465755864273075,79.27587506117756,-1.5657569869281263,-0.0814713667441175
237.93005345674533,0.7520309930853587,0.07259320071114153,0.07287096442292208,0.26331776359346565,0.040744567626827606,1.8294730107796535,2.459327388952592,0.0033692324909876527,0.09770796260971693,0.7313095414896144,0.02738540775714857,-76.09628310985023,0.0,56.217833931560946,0.17470234274887544,,0,0.012748918840435221,0.11428615356186109,0.042464447292631644,78.9240431966467,0.5018794187064625,0.14456419216771524
238.6848589817452,0.7525230250740695,0.07469041081073904,0.07270265056011581,0.22531111797407022,0.041949879270285616,1.8359304299992902,2.384952479655165,0.0032010944303643707,0.09764411196640939,0.710504653096931,0.026924742987702276,-75.74697039955706,0.0,50.80111812591359,0.16922961581918894,,0,-0.007549356019015042,0.1031232829457508,0.04231055903094277,72.6143587693124,-0.8399770877598812,-0.32525582093592526
239.40768122178744,0.7561728893435593,0.07400770360531167,0.0727694541648246,0.1981083559862102,0.04093046986873982,1.7934272154685738,2.303873548861585,0.0033708889184644077,0.09699380879235266,0.747066044420592,0.026986031759730668,-76.52104517832701,0.0,44.46253540234974,0.17333090723057987,,0,-0.00140138967817072,0.10056634289316009,0.04333202312090705,71.44453801243242,5.849889537732059,0.19249718321524298
240.13370179032555,0.7601581087929593,0.07464657552517644,0.0729226532652758,0.18535865706139643,0.0404526854033414,1.804947658882289,2.2913741570478745,0.0032721029762186717,0.0968855499686111,0.7179962530796774,0.02678417019189117,-75.99737583634193,0.0,51.43094249486134,0.15057374807802665,,0,-0.0002965098638882125,0.09026153765571635,0.028481897737827017,71.35843165942384,6.863169115794527,-1.1012361587128612
240.85332570187205,0.7559166338785017,0.06830073187709365,0.07224494366046068,0.20103806700153637,0.04230221483130017,1.7971020110639866,2.296483227251946,0.003208712373068688,0.09675285568285884,0.7321607199960979,0.02722428453166085,-75.73803337879598,0.0,52.28740629156126,0.15251372962536772,,0,0.007793679103059483,0.08672817138017269,0.025759844037309944,71.78453192651772,7.058705071586901,0.39388954819897665
241.57934627041007,0.7625320839772515,0.07137378741922765,0.07142581781787306,0.14920478094709475,0.04290458491388273,1.8021614182175656,2.389031376398887,0.003450395092025601,0.09722376881100844,0.908728070253311,0.0272547521060697,-75.27922915748478,0.0,49.031076204226416,0.1483475071759221,,0,0.027512814213156128,0.09181485509566843,0.029588205749947173,71.00588135160781,7.465423450453281,1.4544475563604584
242.30856516744382,0.7585615581697679,0.07154101844705743,0.07272357945759098,0.08957447289962493,0.04267511731295158,1.8016255374902044,2.376443968772176,0.003371330724726608,0.09594079342458857,0.9131701904793178,0.026469089381502543,-76.28426645795203,0.0,47.83734202268526,0.14782226331030737,,0,-0.004585673398194679,0.08274687664626622,0.028357400208765565,72.98467313137401,6.800609549677658,1.4638283585887206
243.04098239297343,0.7618749356970065,0.0702629844427295,0.0693257241878824,0.11024143861968082,0.04289251284343655,1.7989057347338728,2.382068844242051,0.0033029707346577267,0.09686998338133547,0.9250799124307155,0.026818424102761466,-76.97866813643023,0.0,48.947740863480604,0.14637864277163212,,0,0.004681692157603646,0.06930411843653213,0.02747283555132121,64.76325916978665,6.832717658696999,0.5653329954283051
243.78299460399018,0.7598364358526014,0.07071556099028245,0.07231563946946729,0.11547267359552972,0.04367487107497144,1.5657360476232471,2.2305577328527946,0.0034606705730262435,0.09592738861221406,0.9071764994651581,0.026242877829863464,-76.07714330353167,0.0,53.77486635081905,0.1663376969255179,,0,0.029840476221733244,0.06628078546710787,0.029019262590010336,58.23555649161135,8.464802915307573,-0.598292683844119
244.54099845748587,0.7667784699977238,0.06878871292772094,0.07289063705171187,0.13893105996485453,0.04341910735953857,1.5714905800123447,2.2208589743944134,0.0032932018032286086,0.09652143156090841,0.9366660689850577,0.02686343781983039,-75.56351810720548,0.0,51.86121868898851,0.1866173639882035,,0,0.005617512237255469,0.06054868535247787,0.026726054397556532,57.22979923376599,6.577537160397664,-0.2918246559420544
245.2830106685027,0.77674455770748,0.08312285750712066,0.07085412944880544,0.14853197239431265,0.04363000365139073,1.566851854535125,2.213959452916874,0.003278735655047508,0.09616250840601455,0.9279063963870627,0.02498388137255314,-80.16702222936144,0.0,51.853952859973,0.21698969218861064,,0,-0.01342894895619892,0.06450271140774105,0.02654983446277638,57.90761032124794,6.914769373314594,-0.9401355474452852
246.00903123704077,0.7713162066607738,0.08389486012767292,0.07305548083288554,0.12319743801004127,0.04404373935897388,1.568768762641346,2.233966236876016,0.003326793573368243,0.10095801506152159,0.9167362510194602,0.02603957336619411,-80.36088569782191,0.0,53.815272744320225,0.2012814778881469,,0,-0.0012242481585958667,0.06143286104838436,0.03156123132245686,57.77099749435628,5.877414741241145,-0.860171904382967
246.79901837549403,0.7737836289790297,0.07080545903184816,0.08197372383637172,0.0851828671163219,0.04365947300065958,1.7046015224309148,2.3837895084483716,0.0032335992174058682,0.09971268294401191,0.9128089075758783,0.025933320498143394,-77.70335612326593,0.0,54.18046842326551,0.19367624407761513,,0,-0.03775178320296693,0.06682353401165071,0.032025583843729236,57.5463761308942,5.9857584524297085,0.2913323666385134
247.55382390049394,0.7721034796850731,0.0888164163390135,0.08179048066166947,0.09850121544303113,0.04479992896300681,1.7117596947447438,2.3821272005466976,0.003599629592503241,0.0991609026425351,0.6451544852411207,0.025999302280554346,-80.22282779390409,0.0,53.833538304172954,0.19562372325652028,,0,-0.0044254142908609845,0.06602125471918634,0.03026025450382637,56.98755384418528,6.445979102737868,0.7339881539207237
248.31182775398955,0.7910674315858828,0.08569595739689904,0.08417706373994444,0.08077010276481825,0.04452099932320853,1.6798369112871163,2.388553615597845,0.003253754489101298,0.09992416047524884,0.6309251025246098,0.025859291856530457,-79.90221903441132,0.0,48.90885684219113,0.2020955904412175,,0,0.01594099512860227,0.07115484936970091,0.032036622796239325,57.09977866912866,5.85648452964363,-1.0112171557028329
249.06663327898949,0.7713191019830218,0.09630196003601403,0.0911190516555603,0.04938799170810768,0.04555190550764729,1.649719865524455,2.258227949310916,0.0031142674424540304,0.0999802712366673,0.6467682730015304,0.026104720663194993,-80.08304001606123,0.0,52.10504369275886,0.16010860697257503,,0,0.014112016405198276,0.061487016371043854,0.03152811532367604,56.91564278226566,7.8160963758953335,-0.36586986335493693
249.80224883301483,0.7810374544466117,0.10067710231920686,0.09265106951022252,0.09673427220140968,0.04661311318724685,1.6523696995197517,2.274029514365404,0.006676839161226696,0.0984949426115943,0.6475828196300739,0.02538331126051913,-80.44402254696624,0.0,50.29147831940977,0.15611413699397683,,0,-0.016592106676800205,0.07291596789457072,0.03243684653455253,56.78446975382992,7.3221086544845955,0.2429878962236612
250.53786438704014,0.7841019547809853,0.09952749675159006,0.09892168894594551,0.06203875902381954,0.045422492497389576,1.6479681688346561,2.259744646426518,0.006722143161803248,0.10034527995118823,0.6144536544923005,0.02615322411688375,-80.97677492406633,0.0,48.75163069414394,0.18836436827271158,,0,-0.0127002450093213,0.066929746824662,0.03129390881482808,56.887384798580435,14.484127843641746,1.1087047528989156
251.23509999911627,0.7799779382676056,0.09891669216716384,0.09633236008957179,0.05103965232832698,0.04593793071534204,1.6346995313079613,2.326863302295859,0.006790655681529595,0.10042992027675209,0.6387125181101565,0.025882058633563243,-79.44475582968107,0.0,53.26104128278789,0.18755746425607855,,0,-0.009017357865429157,0.07747034895871135,0.03204754550783139,57.16148797807731,14.88645006231429,-1.0980497959778688
252.005897166595,0.7761219783804707,0.10052291800639915,0.09612178531847705,0.26656170019194114,0.04432241374146232,1.6397586049979789,2.3494505646573773,0.006729995930485489,0.09980278991532669,0.636379294447955,0.026177944587706,-79.01778380583215,0.0,55.73608106167068,0.15462756607635372,,0,0.002257858030376006,0.08095947058507506,0.03137888704068855,63.86762972391256,13.19850049037919,0.15222752207858656
252.73511606362877,0.7789949619729777,0.09913050254651005,0.0987361488083201,0.5704905871357326,0.04389854823223939,1.645583234194622,2.267729042872527,0.006741786390532014,0.09951439657350832,0.6506083892490602,0.026341714574905802,-78.8996839806444,0.0,54.694576183022214,0.1534177896532904,,0,-0.011836401547078853,0.0789018129249246,0.027815144525262965,55.74063899661523,15.213545824224797,1.060100512211578
253.48352493163716,0.7717540968960388,0.09880618236757636,0.0985303385510932,1.5415105366024886,0.044364970971211004,1.6403920607539841,2.3382663335064975,0.0067441688090412255,0.0996538843694015,0.6584327675647581,0.02613725826540107,-79.24459610189989,0.0,48.73548713669319,0.17007164987117826,,0,0.014502910560452815,0.07958118264014476,0.029921670968831013,56.938811999480876,13.114707302131682,-0.5455936222853597
254.22873547114975,0.77802897578027,0.09861256372340191,0.09690920498690911,1.7259075032881537,0.043612013141340826,1.6515648723821643,2.276731049534655,0.006647730416862719,0.09915429528109056,0.6683419435176869,0.02617409613783756,-79.58817648840119,0.0,51.05342866252614,0.15786785489280183,,0,0.005049766960601064,0.07951192548764789,0.02931705162457195,57.61218242170909,13.427431732048271,-0.5033336843995421
254.9739460106624,0.7769394443440395,0.10340339727528614,0.09864319495603913,1.8716688963568802,0.0441382239112775,1.6434954771051626,2.2367503945444382,0.006699202024447054,0.098658172068517,0.6748823874444877,0.025124667512602207,-79.89400328710317,0.0,51.656132931350484,0.15293089588928505,,0,0.00914624978144894,0.0807019770474511,0.031999846135500574,55.7339297365136,15.025186317561195,0.5664634519260814
255.72555320716648,0.7836530652488857,0.09862994903187422,0.09828883956642143,1.9413830379987507,0.04429029813053463,1.6485500181075383,2.2529710463151265,0.00683717978519785,0.09981149636698805,0.6766453177323147,0.02372956442564723,-79.09965145607082,0.0,54.26228178487391,0.1853418870185235,,0,0.015592237689761172,0.07960758476126935,0.027437207916085886,56.64625019293529,13.06573144475528,0.9127198942773564
256.4739620751749,0.7773502698402606,0.10052611276513548,0.09872810904283018,2.018421578516775,0.044234272117112915,1.5490085051997975,2.206716517554982,0.006868877725408811,0.10169738500829759,0.7202366878300525,0.02399716056431993,-79.24208573585042,0.0,53.795309649534104,0.19710152940157435,,0,0.012709091935556529,0.08239944989031425,0.029852306353569377,56.24071458951557,15.034604742663426,0.5157981414949406
257.20637930070444,0.7791562840965444,0.0983689659981697,0.09696012957014168,2.0888674340087388,0.044432290174223045,1.5455281881550633,2.205511518002584,0.010195971806063582,0.1015993337961832,0.7835288922617102,0.023755503052271202,-79.12271412919269,0.0,48.62132576877368,0.19213928448801343,,0,0.007324110123353937,0.08101131807901589,0.024325363645324574,56.80194081801483,14.586350624110915,0.6369713677937779
257.94839151172124,0.769350777526174,0.09466299771181032,0.09751460284919912,1.9790919535658065,0.04378490780205664,1.510578723859941,2.192031368234669,0.009943939986026662,0.098405888193727,0.8853141707137856,0.02344392927446266,-79.17790030581695,0.0,55.9769385948685,0.19154913366028967,,0,-0.014216791351552505,0.07713413738534082,0.027732622244440223,57.54869378366742,6.322483257070491,-1.0032979659407082
258.6968003797296,0.7781708573536642,0.09648397452170275,0.09806901362419698,1.9906643354010007,0.0449202949658801,1.5097551470535673,2.203161088277807,0.009971664286367754,0.09907476454565554,0.9077676788751121,0.02412640493731279,-79.75734627489929,0.0,49.98125439964274,0.19118494444278555,,0,0.0022089285363555383,0.07802244756432496,0.02366796993031865,56.63713495522858,7.1533237476154286,1.4373896273150242
259.42601927676344,0.7746821352028738,0.09675028842037013,0.09839606601557638,2.0865428512818913,0.04452785867301405,1.510916262904267,2.2427846587578366,0.009889583565469961,0.10060315760256937,0.9209450938466506,0.024626943510032074,-79.23846716125479,0.0,50.70345856339957,0.15976648347395983,,0,-0.005930829929708706,0.07892586773648542,0.0215262171497237,56.72668395903459,7.8068108475919855,0.9100216543021841
260.16803148778024,0.776231086801571,0.09469112018305711,0.09849075432758304,2.093441192421577,0.044197940155044295,1.508327869876297,2.2121910961035467,0.010027946587405336,0.09995600337652374,0.9207722273938324,0.02366031380682985,-79.77916216913563,0.0,51.28385268708576,0.17277652626197257,,0,-0.012027401451418703,0.05804107197935956,0.01535062035646562,48.46711606299383,8.215232564261212,0.0294677034054468
260.9260353412759,0.7695579212395003,0.09646742868056232,0.09806963350932818,2.0377399475100972,0.04452042763491173,1.4896990596476762,2.214245348249876,0.009912804401698236,0.09978197369772789,0.9199524251063125,0.023888316678327748,-80.37713553994732,0.0,50.87187770420867,0.19718644138109698,,0,0.03939269988392769,0.050723113060066785,0.022108620710511836,50.78900187837869,8.024322704813157,-0.838534234094032
261.67764253778006,0.772858040466286,0.09947371848061416,0.09912756890904134,2.1077871369827443,0.04461009989423166,1.490909738565802,2.1600537625786687,0.009845538074244023,0.09981032666867745,0.9126256129063887,0.02358523260951093,-79.49223644193354,0.0,49.27006133007687,0.18426141316843583,,0,0.0030350432945678825,0.037853680923652336,0.02156819443351781,50.01730672452746,6.387735896692917,-0.08566859806682325
262.43244806277994,0.7748175706321213,0.09520199273326839,0.09861689693764322,2.0634086633706428,0.04476598229700333,1.4982566338566323,2.156547415022071,0.009965247193331984,0.09968577008092998,0.9294503217195677,0.02480043970138888,-79.70074533298258,0.0,53.073639142819545,0.19253152624898956,,0,-0.0004440171829847329,0.04578471711141761,0.022094478482594895,56.63892276150939,6.854860477311928,0.2832788966236271
263.1744602737968,0.7776908759778964,0.09611207759186126,0.10080905364324545,2.081553068797164,0.0444681338370454,1.5140058873355977,2.215303079378579,0.006721813810474835,0.09945144510043492,0.917834833005572,0.024297709477534936,-79.14731672004378,0.0,50.77154796822986,0.17720180333396113,,0,-0.0016357077315782226,0.041864291586322405,0.021052286180042037,57.025108147091245,-0.11250538114249609,-0.49232989940138894
263.89408418534333,0.7784548219049664,0.09680631877005776,0.0981728292348366,2.082795283167205,0.04481609245630738,1.5037812827503447,2.161690861707516,0.006693212359623387,0.1008972813445545,0.9181306371145745,0.02697785569531018,-78.19075839143012,0.0,48.97066361114207,0.18108679342686035,,0,0.005485164219212329,0.042870410694517636,0.017335573833768454,57.131766517393245,0.1022694613432477,0.23221104451623334
264.63289806786435,0.7865882446471537,0.10035788562524223,0.09828634773078518,2.0314090146076778,0.045115454127485057,1.4833787452096907,2.044880623775642,0.009894755331167963,0.10049531188062678,0.9185608496622714,0.02461169694199562,-80.23085152478411,0.0,53.788078819746254,0.1689831446704853,,0,-0.002210616857669586,0.03934150899919835,0.021203312132499284,56.694604665832024,-1.7763565297945383,-0.7071157886453323
265.3749102788812,0.7777211335860998,0.09805811458376551,0.09711232101964709,2.03505371884091,0.045103680695541944,1.5750963433653753,2.0577389230039533,0.00668527128257137,0.1019243329842866,0.9101052945653595,0.027074200143487045,-77.17364512983106,0.0,53.717659032995684,0.17743054155318624,,0,0.0229360176740444,0.04134685402960069,0.020120715929506525,57.50327430777248,4.294036651658425,-0.21317609341843197
266.1297158038811,0.7643054017682546,0.101270651762934,0.09843633475455095,2.01965309560218,0.04497593191368419,1.5652496639884463,2.167400764664455,0.003374237754835727,0.09990438697571292,0.905276696010896,0.026936835997824538,-77.94559449076309,0.0,54.095912170147756,0.14935848215513625,,0,0.0012914213912441764,0.042610201704615346,0.02068183255670926,59.33655946699722,-2.0231297791724807,-0.22547093017622913
266.88771965737675,0.7793278836547324,0.09859397739106304,0.1034370089937375,2.0858658579595666,0.04585870055060625,1.609734997244088,2.197973471236058,0.0034606450888726484,0.10145458790381222,0.8861080965675799,0.026061096144696778,-77.8745112241378,0.0,52.25713354440297,0.1661083505653731,,0,0.01503676986404721,0.045092258159255966,0.02169977288801488,64.56805832879989,1.1855397449628864,-0.08967167968277528
267.66491348184695,0.7724045274965996,0.12502017717827485,0.1007601200778162,2.2456138432412485,0.04611117093915202,1.605913418387385,2.1690258486394,0.0033812649518952347,0.09963622938399862,0.8809660739158028,0.02464682221072986,-78.31997690690291,0.0,54.936805384689904,0.16858764883980526,,0,0.00036885298804331375,0.040073683003798405,0.024203189293742825,64.98917752314937,0.19158817481727008,-0.08622339835505072
268.4069256928638,0.7744798214190669,0.12569878852305727,0.10197845237944182,2.3279797532928894,0.046358338552389196,1.6094694762358799,2.185937202640688,0.00350906500187161,0.09959765221647279,0.8701911537365811,0.024612299197176644,-79.2453865972945,0.0,52.01473684673849,0.16769269665820075,,0,-0.01359661572397402,0.0487774659312445,0.022378648269122028,64.12967025367008,0.5089982751512038,-1.346903835788845
269.1585328893679,0.7722886172385736,0.10197866346433765,0.10228743220753697,2.397099681801175,0.04576577590755653,1.6535443066861915,2.192614722337659,0.0035123057329086715,0.09956745570984195,0.8258310607731341,0.02458086411563527,-78.1644083927092,0.0,45.03958736868056,0.17182863104763038,,0,-0.00322156235857543,0.053879456854400376,0.02597178744724387,63.017346889342136,-0.5239306282936388,-1.3428288983011327
269.8941484433933,0.7629979966717341,0.09988084942156887,0.10288796465232251,2.417670207120706,0.0449728518561763,1.6412771289560326,2.19532053060659,0.003395980999597157,0.09867354632528401,0.84537205777636,0.02458226402836905,-79.31859929380572,0.0,51.64688283397074,0.1629277006277152,,0,0.00012674000311774388,0.050177583605057106,0.02730332808103701,63.94139472688346,2.0175318598888192,0.06933865961129629
270.62016901193124,0.7653377857980551,0.12828116242390916,0.10243063405375497,2.4189032265964476,0.0460917944267629,1.6642468287064835,2.20290672187176,0.00010812542743739574,0.09922568306400968,0.8607851963824099,0.024550935908486452,-79.98474878402011,0.0,51.157513344036026,0.18406149043010836,,0,0.013031315827479656,0.053503167008337946,0.033330208342264765,72.33280798563887,-0.887861411409653,-1.4571655082470087
271.3397929234778,0.7711296540411264,0.12520288423551496,0.10229785666502615,2.4799329251564637,0.04615392277588577,1.6663277119543318,2.1862322138405075,5.665313856792001e-05,0.09891602406604827,0.8742671927811396,0.024794762095084095,-78.6130787886079,0.0,44.11486616290891,0.19468060231923665,,0,0.010064951063074456,0.06000932652067708,0.033258640191641244,69.9010177525771,-0.945599107513798,-0.9089237970540135
272.0690118205116,0.7649051385316614,0.10056105260536098,0.10744529409639983,2.464890501964358,0.04491078588768718,1.6522505925803035,2.1912365840055648,0.0031634933009763878,0.09991853104577467,0.8457933423401928,0.025074106502577208,-78.79384525427969,0.0,52.41544416369553,0.18662465872437972,,0,0.009035381579337925,0.08648673830234396,0.03759692553297776,72.28213728923728,-0.4128116895830596,-0.22208309502842635
272.80142904604116,0.7667477606587089,0.07656494112840269,0.10474975198834163,2.5004403056895104,0.04364108087153079,1.6654747411965949,2.222850377768893,0.0035148359397353937,0.10064228163156018,0.8346977476000269,0.024344363319616116,-77.54460279243966,0.0,53.55111643630151,0.18252644726622994,,0,-0.0018944846070121286,0.08282900361222964,0.03777882383129018,70.23201131508732,1.0417846124001153,0.8251487443681109
273.51465630059613,0.7646248060603273,0.0991418296554194,0.10487945635275765,2.799665597980136,0.04472037387035079,1.6670570931701094,2.2030240736795683,5.500061183339307e-05,0.09885186562997705,0.8476552074446215,0.024349291801824133,-79.00948345082105,0.0,54.96876935122159,0.18559996631292094,,0,-0.012928149058316395,0.08574045777901272,0.03793653376559546,72.697494695777,-1.62404566284716,0.837073540142541
274.25666851161293,0.7583375010997725,0.14577945271891363,0.10612281713568669,2.949831633408658,0.04490198971068588,1.6556256892596355,2.208319196949477,-0.00017526989217877832,0.09963289895548451,0.8488667199249706,0.024115009903422562,-78.18532117881311,0.0,53.08635374430672,0.1946801847137338,,0,-0.004090363840161299,0.08830142038314943,0.040839910914750185,72.84047958861478,-0.4062193358197771,-0.2134595183382577
274.99868072262984,0.7748827047238043,0.14941598747531726,0.10731141825832788,2.9478091496558045,0.04443772074959207,1.6711013373293881,2.318089405835682,-5.722652908538713e-05,0.10130915553687392,0.8444900886561765,0.022921387052809727,-77.98093812048728,0.0,54.76394432283952,0.18154701050955643,,0,0.01118257784128916,0.08449085569021902,0.03924167770972962,71.62005610511844,0.7089608866173038,0.23541220696834309
275.7310979481594,0.773703159229259,0.14945642679232038,0.1083637670085294,2.9360626632975997,0.04446049834476983,1.6713987685105904,2.2995862866338195,6.278082132982995e-05,0.09949195074620029,0.8572516620893621,0.023812552555104397,-77.89974593842462,0.0,48.53871502046808,0.18384768443352342,,0,0.009128406145822736,0.08535120867456546,0.03632084760446169,70.92574428432049,-0.9854703473541823,0.06782323409765524
276.4954984586466,0.7804219314206119,0.15015853520030378,0.10812707449666382,2.8897399848863867,0.04594403499964276,1.6648941687525693,2.355202915866134,-8.332765482780148e-05,0.09951048342729638,0.8867918185934262,0.02353064404359542,-78.83783023981718,0.0,52.8508628470733,0.19281123531994626,,0,-0.0004044500679498587,0.09221124385231633,0.04090189808329098,71.56456246006033,1.1707429707927135,-0.7055666145451869
277.2535023121422,0.7768240566359038,0.14864720874305332,0.10856990964057199,2.9544057945000164,0.04874962300325992,1.612741169810477,2.3257772485468724,4.288230235090939e-05,0.09821253395517633,0.9774773756660452,0.021936005776804386,-79.43292610561569,0.0,52.177796184551056,0.17536941933366698,,0,0.005177226162573196,0.08025653709324758,0.04044020815654214,71.34437427925205,-0.3329180501527934,1.332253210258743
278.00191118015056,0.7857926699717717,0.15001550309434158,0.10750926696633811,2.925573622603558,0.04863504859786692,1.6311420857221481,2.2111395987418248,0.003176976447986993,0.09922132562352019,0.9534674270459532,0.0228188792697887,-78.36651434509999,0.0,53.72958134393288,0.19095752100948485,,0,-0.00358106643339253,0.08457233820481408,0.03501653457632202,71.45681204910032,0.13725302311987328,-0.7289450495494096
278.7599150336462,0.7973107271363147,0.14951774666190665,0.11284349677217917,2.9514364263379744,0.04673128730488102,1.6080923422470323,2.1073155192951294,0.00342741159306593,0.10047810326697387,0.9036862535631717,0.024177731559768493,-77.33975338941985,0.0,53.76567730707666,0.1970908471750311,,0,-0.002124596069959963,0.07947432661654522,0.03614666000760033,71.7078416003176,1.5661259637419345,0.2471793147278122
279.5179188871419,0.7892966296873541,0.14944844488054485,0.11140376048926684,2.9402613746480024,0.04644834268620607,1.5189952274680303,2.089823459708022,0.003387136008920461,0.10114542959546233,0.8804415647085339,0.02408887834061696,-79.40432300801153,0.0,52.268272994653785,0.18476316079563823,,0,-0.009744079073658025,0.07432046093826598,0.035609695774587086,71.18502419772099,0.6503538935048684,-1.4400135115363901
280.2983110401079,0.7863065642319711,0.15017907577562273,0.11135734596431299,2.424702834830321,0.046734252475780606,1.5206073455485654,2.1290084281346857,0.003554748331071243,0.09648989973389188,0.9007767782988021,0.024010319488207116,-79.65334418058278,0.0,41.613554599520924,0.17674758062219742,,0,-0.010509541337188271,0.07193848566400335,0.031496149107521444,70.53093183610821,-0.8141502885779743,-1.001037044888941
281.02433160864587,0.7848430842264636,0.14941005086523107,0.11824616517643065,1.7426960189539642,0.04654620414102484,1.5169882340730962,2.0970027442394663,0.0033696264531057926,0.09760002489769184,0.8936605417787494,0.024074151993052167,-80.58958978639525,0.0,53.26360115726969,0.19563851365909715,,0,-0.011106543699226604,0.0736242742284754,0.03308701215461241,71.56283665121752,1.0117667989118266,-1.6242189261447417
281.80472376161185,0.7848243033073692,0.1445248577350382,0.12138073951710245,1.7800761357872625,0.046371665708518105,1.5126111008213037,2.0933308155314534,0.0031747193306603484,0.09637515353475831,0.8547283477498139,0.02614172073832379,-78.42729364158552,0.0,53.71401741261362,0.16081649311626253,,0,0.010160883225007852,0.06747991976691314,0.031122050791647354,71.64655260266464,6.874196257215769,-0.5435233922763588
282.5595292866118,0.7760644468870747,0.1265477290033003,0.12050609724703543,1.7803750824940145,0.045111909812974166,1.5833580568991532,2.0960535399879063,0.0033797880759372416,0.09782050430125441,0.8288149345506238,0.02619961730534451,-76.86122495382624,0.0,48.58977819851687,0.22893448989204063,,0,-0.005381247285078369,0.06444112788646827,0.027832158270429497,71.65876781743907,15.6435130132503,-1.1910065657461881
283.3047398261244,0.7784859033377741,0.1170525989067078,0.1196488501932454,1.8530288001485957,0.04505230471077948,1.5432778590296103,2.0937382129144444,0.0031859394181229105,0.09645315924137325,0.790608487526287,0.02600737281359438,-78.87956922696942,0.0,49.388058504964846,0.15908024841269594,,0,0.011665221202508293,0.05566206654897915,0.024005775019118727,65.86857199004325,14.868114851258092,0.009073060609296276
284.04675203714123,0.7793694676548499,0.08029964740808584,0.12158647256151167,1.8250161763564807,0.04208724406918703,1.539669824828493,2.0826478311042895,0.0032134109161160293,0.09610735671339155,0.7402238134521888,0.02589046330365053,-78.25731669660223,0.0,48.1553231967931,0.21335174085833636,,0,-0.014580338225928177,0.0500894322230431,0.02207290891860404,63.798960415262435,15.04523653782372,-0.06928062328591587
284.7823675911666,0.7762485673356917,0.07827132555577872,0.1215144337462016,1.8104479840764538,0.042232129450915486,1.5156985783126562,2.032212343740139,0.006854734351612553,0.09534681509828065,0.7240826518490162,0.02625919441989885,-76.83096527345106,0.0,52.195539325544146,0.2170746676178664,,0,-0.010004939164039703,0.052093702361105575,0.023572494800855506,64.00038849745708,14.427343960554564,-0.6384348664145565
285.5275781306791,0.7695880629488051,0.07861887186453495,0.12062805964257317,,0.042128291429969156,1.5516118544919206,2.0319899429474946,0.003194437632791818,0.09634188789099432,0.7445349397330762,0.026998486573046706,-77.51202923849738,0.0,53.08146770250781,0.17444316120656453,,0,0.0023334605694656234,0.05324645503207295,0.02340930643544384,63.72375175781322,15.52012473291643,-0.2240737535850299
286.2504003707214,0.7771661732546303,0.07738942770195122,0.11694939378609252,,0.04252016078911943,1.541502641076128,2.0236455061248395,0.0067692441109711895,0.09627424115090716,0.7483611853106045,0.026142320090274517,-78.55972201301127,0.0,46.824833584901214,0.1696387879567674,,0,-0.00826353803508575,0.04890644493094873,0.02332007464280332,63.664036563298026,13.570138329512966,-0.31026088664631357
286.9924125817383,0.7695694113513566,0.07708801308862438,0.11780367906505171,,0.041814581136794975,1.5834725024928646,2.09932323591513,0.006633982097584546,0.09922243704194154,0.7451017736499062,0.02614761528104786,-77.5305566115536,0.0,52.54089269145799,0.1608069414148763,,0,-0.02529049177644335,0.049482878084049046,0.027741726674774477,62.97115481852742,13.414565690202835,1.395484952820477
287.7344247927551,0.7719121914087915,0.0764355305505723,0.10786597195182616,,0.04181707249759978,1.6039911355705316,2.2099325288741385,0.0033579970826253655,0.09551620186271671,0.7384292598957858,0.02546515919355445,-77.29898796227957,0.0,51.57094948008203,0.15031671740626734,,0,0.016512949403659473,0.05442820316111937,0.02706556114472063,64.17856686518425,13.546558621002358,-0.5318054430791109
288.4604453612931,0.7724376016564313,0.07712783699889336,0.10204564090429456,,0.04182286782572015,1.5717730243196086,2.0631180247967738,0.0033600888303496586,0.09885684482933352,0.749903571237199,0.02617650850037766,-77.42898909190345,0.0,55.16688508937984,0.11015064316124697,,0,0.006065556276468685,0.05542120753892643,0.025231667569155746,63.804572001108205,15.241759459155805,-0.12033847330584183
289.2088542293015,0.7743748525879341,0.07610432383937293,0.09507575411472267,,0.042031229050240766,1.5948160664525985,2.222219202789299,0.0032728696317606597,0.09576784991381107,0.7465819652028248,0.02660608639091777,-75.76226367467925,0.0,49.22865902016453,0.09678488666596274,,0,0.01368551956923108,0.0581697419928775,0.029586110766166025,63.42296784776007,15.151451229976269,0.8247466097571662
289.94446978332684,0.7697677577329266,0.07587172450670832,0.08995440236063784,,0.0420087203898524,1.5899538262436486,2.215995734676443,0.003330869077987288,0.0980463423654178,0.7945396904692111,0.02490754282287267,-77.05355666519462,0.0,51.58014874488016,0.12788304389331764,,0,0.00884655410037286,0.05715674581513245,0.0284952563478784,64.30069777243908,13.327665715185066,1.0211195584101465
290.6800853373521,0.7738389569014121,0.071016633441284,0.0912707004489069,,0.04194297554234917,1.5757906136408715,2.2326386256299116,0.003506243279333093,0.0952255828933402,0.7453257918466905,0.024686682565051552,-78.04932239972311,0.0,54.29163421271235,0.11895220247328735,,0,-0.013262922106367222,0.059397899978799476,0.0278947248068818,63.37758574840796,14.580164194231017,0.06370227813724012
291.4284942053605,0.7806449150987265,0.06906474089492465,0.08556142265427243,0.8822362607572815,0.04162967002952468,1.5997352244962508,2.2204795249808926,0.006698464628489622,0.0943520030888595,0.7534318817761676,0.025405904156902,-76.991544120807,0.0,46.53837974255782,0.1611978389022105,,0,0.011520433388006976,0.0692243094902491,0.02913838388812914,65.03542957374631,14.264343582749536,0.42867977844337285
292.1737047448731,0.7750401635812928,0.06884826333226321,0.08350784642654904,0.7945342765061131,0.041881949346876335,1.5777275649677955,2.174845267599108,0.0065710209399354414,0.09584562346095193,0.7428206075657372,0.025405032853558114,-78.64394425082025,0.0,50.07755099709471,0.13811466913777448,,0,0.004841638862967147,0.07060774202686504,0.03277772008944665,63.24789443079278,14.120776494781875,0.280260632532237
292.92851026987296,0.7768705508826232,0.07185887883786622,0.08386767656820983,0.6888299595748153,0.041821611252236754,1.5874715359680631,2.1644865849429484,0.006553004271357813,0.09619872643257302,0.7518690031969151,0.024628363687895734,-77.31020991166042,0.0,54.79331184657076,0.15985254506496024,,0,-0.007897874580159666,0.07066208671600366,0.03599517431870346,65.4728297713697,12.917080882483317,-0.10943469647018854
293.6865141233686,0.7800771901314095,0.07033339966700718,0.08219279285260017,0.6345483038729434,0.04114060049976092,1.576150251558779,2.2195330335644683,0.006670570729602959,0.09593685833231563,0.731812893072044,0.02481830845682376,-77.87656797824562,0.0,54.1432598983482,0.12631564773840917,,0,0.008917474136580658,0.07758971131317534,0.03824124201993502,64.98162317701934,15.443732129477674,-0.7978630776926258
294.0671152143644,0.7823891191245527,0.06215145355379868,0.08438536168821198,0.6448601297410201,0.03905536381287499,1.6259765325208846,2.2179687053037695,0.006747018625307779,0.09613759153285188,0.6872925468074168,0.02522876255729952,-75.59848850144088,0.0,48.70151541457461,0.12052720095325814,,0,-0.018724826946033408,0.08559764913057286,0.03847551142872084,64.87073646065278,12.637656334026758,-1.4971621581548493
295.18333185938536,0.7743793918491559,0.061750249023172235,0.08065940357070905,0.6040222107803798,0.03814754535995237,1.630381187279988,2.223312723307352,0.006794776032387244,0.09572749361288622,0.5513932722624616,0.0254828780168599,-75.95322413604532,0.0,53.20988257616961,0.14226988930979004,,0,0.003862471258122318,0.19559003576340384,0.10538497819458087,64.63558736397059,13.215452935728594,7.476847374383549
295.928542398898,0.7725562333330345,0.06515984171895141,0.07877473384492253,0.5902181137117402,0.0392759540431497,1.643203172459916,2.2385025807832144,0.006568298320249594,0.0949226267266698,0.5331151992803992,0.028787341562101613,-77.402707483309,0.0,51.068282251543906,0.15786827369707848,,0,0.021797148374564708,0.2027457415394227,0.1031601878291026,64.20037552710164,12.950575102645491,12.762600130630446
296.6705546099148,0.7702080181215711,0.06438772745637224,0.08169995689346993,0.659086379432404,0.039563747855989505,1.7143170411048632,2.2440813497469856,0.0065101138588468275,0.09537054269261133,0.5471881651591058,0.028139676061404398,-74.48068995073011,0.0,47.926388658393506,0.15417731283981986,,0,0.002277176229483917,0.20262556620747957,0.10620070937803035,64.49100137110969,21.274954720944528,21.61350889286821
297.42536013491474,0.7717383326600755,0.062086069501259465,0.08232109549174738,0.6056532175651758,0.03902471138464647,1.7130660562107998,2.254073267184208,0.0067484657339313145,0.09490359281583681,0.5544105063942844,0.027956681663527105,-76.26060187087977,0.0,51.9716969803382,0.15242050139239852,,0,0.03144780109011816,0.19910746315644032,0.10578259560838126,64.61678423277998,20.921531472113692,21.509571110884018
298.1449840464612,0.7705421796101801,0.06423845669667917,0.08217286861396249,0.623965630946007,0.03927912102226644,1.741407164832359,2.2516900538159237,0.006610587272984782,0.09531539452102007,0.5608515676406844,0.027787445107308108,-76.45031034599722,0.0,55.752742227662374,0.14663549391068786,,0,0.023697195177921085,0.19940841730005487,0.10634739898200707,63.968719177372954,22.093417478273373,21.439354202324644
298.8869962574781,0.7761130078015687,0.10229704156572114,0.08270894209803026,0.648811388317112,0.04459268824651062,1.7396805888887603,2.262442194260217,0.006694924774950545,0.09650965460274388,0.6187789298426146,0.02789421911540928,-76.68212454178145,0.0,56.450422134300396,0.1596670052196711,,0,0.028854026300219472,0.20394352234867522,0.10762259215284896,64.47448394306755,20.374442783446586,21.668357602918046
299.6290084684949,0.762879885089406,0.11142958829316923,0.08323091895370244,0.5850371464836107,0.046229182486161514,1.7098704813604293,2.20812330968746,0.006680027724254155,0.09831773844415774,0.640187985371181,0.02847332467081843,-77.65614533411582,0.0,57.01769414798266,0.15065618254300217,,0,0.01202913171821108,0.195428262395699,0.10824615602064447,70.62127328425053,22.510647466107816,20.99894870255034
300.3486323800414,0.7575814667381027,0.11427543195818904,0.08363044227328131,0.5887515880080588,0.04439430802826587,1.7478455120239034,2.4282065421490002,0.0068213548779468575,0.09671179071684774,0.6395227034392981,0.028089501370638516,-75.6393802771444,0.0,51.57684845570784,0.1509373495281631,,0,0.026101788311953204,0.1979386919184914,0.1104341132008903,70.3187501089715,20.520934501959378,20.48576090202094
301.08104960557097,0.7577067128506626,0.11631193882457863,0.0840946370653417,0.570744212565951,0.046334699199826274,1.737392290524274,2.4118441702111677,0.006677801612783965,0.09695021974525148,0.6820485869353742,0.027571765075877042,-77.65589708038435,0.0,56.780546274472606,0.15965968349611911,,0,0.02519031589647014,0.19914346312922476,0.10766944280910812,63.48578477354407,20.10211690992137,23.256279569890214
301.8038718456132,0.7592647877689915,0.11606290482318418,0.08763010398932107,0.602698832942539,0.048483587046358474,1.7456406357862113,2.41825285198641,0.006525244731496889,0.09568535634618876,0.6949974246818402,0.028044453515397565,-78.48235204544747,0.0,55.597431802133784,0.15699086235913337,,0,0.0009591791984641211,0.1924589834938062,0.10981716805478008,64.61772069968615,19.475128776647388,20.809065281667973
302.5234957571597,0.760681742431697,0.11615020633940229,0.0882612114812341,0.6075247357872674,0.048525987488033266,1.7420258016673251,2.4454959445920483,0.00655156197490936,0.09620606991807433,0.8428847902141196,0.02725452183744248,-82.09306802240518,0.0,51.327101949643115,0.14158483827664362,,0,-0.00632387484723318,0.1912666789734912,0.10945178537616329,64.0330172989855,22.364418285736818,21.603340307091432
303.2495163256978,0.7561955497402341,0.11805069005869906,0.09227787885374644,0.5751777927548098,0.04942526393119157,1.7444995396829788,2.4264026723888454,0.0066042523656729335,0.0964650264762769,0.9511522137214341,0.02718920515859405,-81.7542000812157,0.0,50.03290436901161,0.1773885663815551,,0,0.004231852795015119,0.19075395911808096,0.10793725877887753,64.55574942206826,20.253699435103016,20.992911977375147
303.9755368942358,0.758322493439795,0.11520888848869987,0.09763174226966778,0.603008462069033,0.049809384777860045,1.7439824407175366,2.41365153970154,0.006532625924459339,0.0980958130104692,0.9384057906729554,0.027913593914010798,-80.88395320106206,0.0,50.30109294443032,0.19695047600733173,,0,0.025198620670960577,0.18612539240422582,0.10711351504778287,64.3684168971362,22.252583819870992,22.2541722504542
304.7111524482611,0.76067182624676,0.11533257657332893,0.09726644717474696,0.628287940210816,0.04995017037152883,1.5983313434647588,2.2411345386299573,0.00672371875070104,0.09954723004031213,0.9618928546820368,0.027243353848601555,-81.50732637688955,0.0,56.82771753383531,0.16411583083536796,,0,0.016591049477401185,0.17994307976712243,0.10574886190681163,65.08495955884547,20.54230183966097,21.714732684874818
305.4403713452949,0.7562194208850139,0.11638917528472538,0.1043663205842965,0.5289220087992543,0.04972950134039138,1.5868723644634888,2.1193273751711157,0.006566485725234786,0.10395502882021065,0.9634748455568937,0.027197113101748084,-81.1319159245081,0.0,52.12672920561738,0.18052846741347714,,0,0.01767394704543646,0.17293931570384363,0.10626076719741544,63.99700823996918,14.992444421858414,13.407767616148227
306.1631935853372,0.7656177681099996,0.11578847428822209,0.11149716685241008,0.47760843709452566,0.04982362258181089,1.590556421095927,2.1386957997432363,0.006649851176997825,0.10424499899731561,0.9561278441010356,0.027278064937853928,-82.05656100443278,0.0,48.5279237894936,0.17638613882219248,,0,0.03630746287105521,0.0547618571397821,0.037982446936013346,56.66685099051966,7.69371799248761,6.654093157430004
306.90200746785825,0.7652500113094264,0.11834322346711514,0.1148176870117605,0.44697217144650747,0.05020059193846958,1.5823307840836993,2.1273951950622676,0.0067031641136264435,0.10221822451768924,0.9287915923030127,0.027084563696540942,-80.62870354263579,0.0,58.06041792254122,0.18301526361705125,,0,0.008490023153138081,0.05640937966646211,0.03891561661979026,56.740513155906164,-0.21734580967292602,-0.5048798003257218
307.6344246933878,0.773484230392189,0.11903641418436338,0.1144885365349072,0.44701791418253106,0.04962350133377691,1.5847138327235286,2.1038086164153627,0.006540956807623735,0.10470240584558156,0.9391332766020315,0.027003208064549436,-80.67524554434918,0.0,51.52531092417911,0.1786976544768868,,0,-0.010265210694845412,0.05707365311606589,0.0382461050547117,49.38971884503617,-0.3125305217833877,-0.7240471158276732
308.3860318898919,0.767793279334966,0.11568106502335698,0.11491660842651283,0.41301487255699143,0.04947608891238191,1.5866210447749103,2.0921425507381493,0.006720303131658584,0.10285070987585875,0.936416401672155,0.02550842797564331,-80.53414112846464,0.0,56.3811954423985,0.17959754431957745,,0,-0.010926332683748574,0.05634133498295942,0.039818745039589626,50.287263048362675,0.28261024669503637,0.5588648221945669
309.1280441009088,0.7684744109286009,0.11787714729282928,0.11472900215199928,0.38770911876799696,0.04739294001994359,1.6478229495219656,2.1214255124112817,0.006682007579990584,0.1034218870684888,0.9165360654388736,0.02787306903867268,-80.90621786307378,0.0,48.91433020666196,0.19617440155528257,,0,-0.0007327245787734442,0.05238440551500119,0.0419053712423827,49.530527345090704,-0.6752687953626537,-0.5405067818636081
309.86685798342984,0.7693861584035979,0.11509093202506905,0.11659340903836282,0.4000494329983572,0.044037275238885266,1.659466904963925,2.2838703725162013,0.006624950342206644,0.10324706262120525,0.8404841962841093,0.027994454898010886,-78.8463050346096,0.0,49.86430389216969,0.1886861106119784,,0,-0.007760660703422309,0.055350936446903115,0.0392102637132532,49.67926626576799,-0.23511591762826184,0.2669963876004482
310.62486183692556,0.7744410133050298,0.11374318081730178,0.11548421256710206,0.392737027841819,0.04378252323412121,1.658237970545155,2.2854385117142195,0.006697107898097742,0.10369681912088943,0.8304361735297909,0.027833557012549685,-79.76698554626195,0.0,53.84599365562673,0.18970176619423632,,0,-0.004317448324775068,0.07419121917819975,0.039183125662339474,50.18457266867008,-0.13611626615791012,-0.5314009335081307
311.3636757194466,0.7706377387118816,0.11835405224629418,0.11443220910049068,0.3726316441647068,0.04352760299226159,1.636138803190125,2.157746128938386,0.006759665236219736,0.10395337495389081,0.8280590575891439,0.027974719618168605,-79.54343062367255,0.0,53.13728331196666,0.1898278308798759,,0,-0.004210847202095624,0.06867629449249456,0.038968449308493816,48.78651944794015,1.4608160505417744,0.30314676303463134
312.10248960196765,0.7703832290744219,0.1141704744011302,0.11536849333453203,0.40526207836374983,0.04333491330605915,1.6396190297501099,2.1433721194038498,0.006550486740666778,0.10508776014872985,0.8412914091024947,0.02784629974219912,-79.45288432660949,0.0,51.05073426662333,0.1355963281052694,,0,0.0027052340448628013,0.07674783482375508,0.04057867526945465,50.72764334213786,1.3783187588111645,0.5905304883048602
312.8253118420099,0.7603223021057813,0.09728489614493524,0.11491914774070407,0.27504445574354586,0.04229809260298213,1.635805105570724,2.15619793571998,0.006767118537840546,0.10184596510640224,0.8131417847018018,0.027606167870292245,-79.34276533706168,0.0,47.3301360925059,0.19021323424590736,,0,0.01287679502468609,0.0798862381118634,0.038827863534704285,51.16366300575265,-0.47692029660468227,-0.26277191090406055
313.54813408205223,0.7579092339169436,0.09637827261860063,0.11206556875185916,0.411419979403117,0.04083891096486884,1.6148731514217547,2.1530470624962543,0.006604264932647952,0.10444401856915375,0.7824627130229515,0.027173421326569153,-79.77987307423744,0.0,52.583911629706634,0.1848489226244908,,0,-0.010236248776419836,0.07780226490307349,0.03870919212740016,49.514001874784235,1.6857295915481765,0.00604500528675097
314.277352979086,0.7606145424901676,0.07734506423297671,0.10973913085089687,0.3949757751443771,0.04086863660749988,1.6259070489522913,2.0305576762534514,0.006690635202132973,0.10215410356707709,0.7966804347051007,0.027308844100210863,-79.66704083499312,0.0,52.69261578214168,0.17853827997562874,,0,0.00043656274822382945,0.09061543612403648,0.037574512986824314,49.5845925121374,-1.0457121929952438,1.2301250928828302
315.00337354762405,0.7582895724694446,0.09463329356309087,0.10926092158038771,0.3665436774691068,0.041496086271162407,1.648497714787253,2.1683686031314693,0.006646156283764979,0.1018061497699183,0.8071484306988715,0.028099173085376593,-79.04834724490769,0.0,48.54469697609419,0.18560536748168785,,0,-0.008778608605166103,0.08860854526918012,0.03878265116656917,50.046627101417265,1.1002488991636181,0.40397836657146785
315.716600802179,0.7607349522222683,0.07671744458610663,0.10638066454630425,0.36670972305181787,0.0414945948550425,1.6639286555147055,2.164929601017398,0.006461594143085344,0.10289141355910844,0.7828060005138601,0.029305081047237943,-79.1126392638778,0.0,56.230354525496686,0.1790419464979503,,0,0.0201728658109309,0.09171094200276007,0.03626248929012274,51.04897735633848,0.017749173654900904,-0.6653470143320773
316.44581969921285,0.7673240216265295,0.076542225510311,0.09760952043047341,0.40357307894716676,0.04117694352313641,1.6246588572216578,2.1682017332400263,0.006673624739490878,0.10377239478174594,0.8022960691734135,0.029360130741526495,-78.5964702577508,0.0,51.47162322018993,0.18072870110081815,,0,-0.014917328654450505,0.09672047212114158,0.03376002477649167,50.30643942598078,1.9433709499527603,-0.899811358724141
317.18463358173386,0.7602135733472308,0.07916024240426114,0.09299135621489683,0.3780526765534795,0.04117413907689451,1.614468433968345,1.9648436881554168,0.006737721466643001,0.10220630468931796,0.7974509072301867,0.029415780539350782,-79.5505707694783,0.0,52.31864721870346,0.17643024104634594,,0,0.002006451559908729,0.09311839972745035,0.029071033992663753,51.118163816782086,-2.2247296142293482,0.306329675901252
317.9202491357592,0.7560166013982982,0.07598365508843125,0.08715211310047108,0.3514390764348373,0.041085404271280115,1.5964160804848413,1.9796497020071195,0.006508228020189341,0.103834748681879,0.7958868022474692,0.029158046289555588,-79.4343179349781,0.0,54.44484150255701,0.14279737409661739,,0,-0.004887457842065549,0.10320199985598164,0.030316853759815826,49.06979498118371,2.423695486324517,-1.2926583887823815
318.66226134677606,0.7676560513239149,0.0768354771664859,0.0807318714873518,0.35334488525227736,0.041433466414359375,1.5685978016083681,1.9919106129492317,0.006522441017476858,0.10379892768044449,0.7941945738420861,0.028511281660570882,-80.33846757059924,0.0,57.644153394071985,0.13938296797885824,,0,-0.013950730531916694,0.0985038134962316,0.031167078694339108,48.15684736448432,0.15168063333426857,-0.35174177500096576
319.39787690080135,0.7568090558593891,0.10021053817194653,0.08136289569628981,0.3277893546168109,0.04719062446769183,1.600045078926015,1.9823815825424331,0.006680981164571528,0.10309105906734932,0.9063210973428155,0.028447778040906885,-80.22094903640873,0.0,49.6936473535838,0.13735821607074622,,0,0.008361151235506067,0.0989892922745188,0.023980699656346458,49.97760139832511,1.8054245661079407,-0.25750387249126194
320.1238974693394,0.7770740540411681,0.09952867807377912,0.0816780374821185,0.2508077491660003,0.047048057706684826,1.5682966849361786,1.9828393510271998,0.006712939130014304,0.1049589182351442,0.9178832917764682,0.02825961934379037,-80.89457363255765,0.0,52.1443455654426,0.17279866604378505,,0,-0.005294318831382874,0.10266272975153533,0.026537634339377444,50.098394410068146,-0.33849044097949466,1.5354070607776875
320.8531163663732,0.7642524277417116,0.12071025207199988,0.08100165385123118,0.2678042719852717,0.04704343867246767,1.5995303502949612,2.2020756498630645,0.006606568261777084,0.1022506020905581,0.9523050630145766,0.029392080591960756,-81.4500722159112,0.0,50.02670970140414,0.14641153936809587,,0,-0.017076854935252357,0.10362875657909877,0.027489706481119314,48.605026974858866,0.31195064880488843,-0.9881558033733275
321.5791369349112,0.7645202074683553,0.12100706855435216,0.08198364872843963,0.3065610497464984,0.04678996631223293,1.5936751441142263,2.1926540159846173,0.00685437284086085,0.10320753031283196,0.9428546571857952,0.029083167982941915,-80.57264351295751,0.0,59.476845413425295,0.14045505745603365,,0,-0.011537607621791545,0.10573532779365509,0.02781581955699612,50.22521658124516,-1.0389829532901358,0.07862231201855868
322.32434747442386,0.7627620415079206,0.1247686923865951,0.08209502944178916,0.30997825591124123,0.048147961849890876,1.5964701351748214,2.2106805838837307,0.006628056747752713,0.10108028050235028,0.9552510005719871,0.029257422292547776,-80.53636981334851,0.0,51.73988111262075,0.1330613831407187,,0,-0.01832850832554711,0.10234875435777813,0.027190437106913892,51.57039078833203,-0.6796180770550915,0.7661405578625902
323.0279797434915,0.7692558836043034,0.12496781587562515,0.08615055186915482,0.34928378611218674,0.04971155966628008,1.5922250850034698,2.1972957741918373,0.006767670913286176,0.09234396341692956,0.9521662575631855,0.02851861168959748,-82.02441295829168,0.0,49.46439007388461,0.10912828261172206,,0,-0.00930848399950605,0.10723188381782199,0.0239152160680909,50.066537339931315,-0.1883531548757459,0.34299211838711924
323.7667936260126,0.7573935638158155,0.1251865108771179,0.0851947409955392,0.30403631555575117,0.050680771236109055,1.6015844306278173,2.211220439929751,0.006515005319401125,0.09431231916919978,0.9704466504217817,0.025789612541044935,-81.5336454973945,0.0,54.493775978672495,0.11308579589604563,,0,0.006450069319610394,0.10012580026996977,0.024654311000605427,51.09999056415355,-0.417163496487946,-0.6655576438357391
324.51520249402097,0.7650605766951907,0.13150141362976261,0.09499508757226699,0.27300061798237807,0.05071764633489531,1.5999256148526757,2.1901412618555294,0.006697611053546982,0.09357939839423658,0.9592027057448465,0.0258594525133705,-81.05932740826015,0.0,48.39587407737716,0.20351872222397943,,0,-0.00828107299243916,0.10234421663718435,0.021957816226222792,50.306937818534585,0.16733138166544745,-0.8437574343015716
325.2220330915844,0.7729550799132529,0.12894281655463044,0.09927198806393482,0.2980826520814755,0.0504586714282528,1.5949170252366127,2.2225719208298553,0.006535941018526748,0.09221222950311156,0.9386910179759157,0.027513554921068332,-81.60269702243731,0.0,49.00557915566903,0.10036098132896638,,0,-0.0049537870463174215,0.09773807733402974,0.022075114105425838,55.66831465379935,0.6309273242692207,-0.055783337036178327
325.9800369450801,0.7726019169992581,0.12641579597586156,0.10097374144966352,0.23297442470648838,0.05064376441929962,1.5954391271525734,2.2447325506728206,0.0067288484649583565,0.09300915861016042,0.9226608302484328,0.027164498248282484,-81.33974011057647,0.0,54.538907909334014,0.09971483708882752,,0,0.01520935447482747,0.07833658878203476,0.0192146802539458,57.360162680568656,-0.28620173362308515,0.5510894088965155
326.74443745556727,0.7787356078188428,0.12800642245422744,0.1066560664537865,0.24964891443101908,0.04950969382365738,1.6402502401968024,2.2489326227453117,0.006680765229147733,0.09406673096447751,0.9093501649153105,0.027540949523405748,-81.00851353665574,0.0,51.98786591168157,0.09870525688514138,,0,0.0007010092072889112,0.08295217421095698,0.022342532109735146,56.98508541145594,4.3623573416961925,-0.15263075969117193
327.47045802410526,0.78003328435868,0.12386175375761105,0.10864783467249269,0.46570139410279676,0.050076332514424754,1.6343700306209918,2.263421375245102,0.006660782739895515,0.09184144542556208,0.8825617924331625,0.027839440919558384,-80.46431134617885,0.0,52.32170018696377,0.19803517379251126,,0,0.004517512320922983,0.07036461293042838,0.018619366805552946,63.50787496265838,7.544358758951723,-1.2414491105645022
328.2316602060967,0.7746688077519087,0.11882309243178849,0.1097676965098398,0.6362873564796662,0.04571774242674228,1.660318910906024,2.293640915140989,0.006566472398582599,0.09421329490267236,0.8163481956244775,0.02740920347898467,-80.87348062043235,0.0,53.7912680075779,0.09358630358124825,,0,0.0014998434856495955,0.06561348986247005,0.018951787824810325,64.10350659007706,6.033138989418649,-1.2385992750942725
328.96087910313054,0.7572171900001664,0.09244427143260488,0.11124690358290457,,0.04637265185432491,1.6993294512908788,2.346469592507642,0.006643538379900088,0.09404516698692136,0.8148906523792727,0.027148997359413264,-79.11621391416013,0.0,46.802226878613425,0.2072519549521477,,0,-0.003011177619974491,0.06835706941676938,0.021897806428023248,63.97249505889123,5.405164196863275,0.14660235652450848
329.70928797113885,0.7674307270163861,0.12286412260805472,0.11060567966497308,,0.04648260520646271,1.6560932520645113,2.3274453054550532,0.006649222539442338,0.09431043255718144,0.8084962147833825,0.025081982902585884,-79.92773290084304,0.0,51.85365884689032,0.1888432346106555,,0,-0.009857942177742055,0.06262137373552101,0.017174042133577015,71.69585558212509,7.379382297074564,0.6379184121441964
330.4513001821557,0.7579691176972126,0.12403935452183357,0.11533266841035666,,0.046104677168033854,1.634273628299458,2.344416420469527,0.009972379598170607,0.09285026208039404,0.8268952161307932,0.025741965030107884,-80.31465390554939,0.0,53.146775529495606,0.1747092538257631,,0,-0.01681079216482809,0.05247530832321613,0.01622205916462649,71.15884832518624,6.307829070189667,-1.094986908297451
331.18371740768526,0.7661390196197382,0.09522571313840668,0.11635033984344569,,0.04596879136702781,1.637723355854905,2.3601219018771245,0.010025521952295509,0.09445420665865387,0.8239135452007285,0.02621360960308331,-79.37844722883001,0.0,54.13559653570283,0.19569861843877503,,0,0.0032608367266496467,0.03049803215573563,0.017128682525145236,72.17907557214131,8.434517215897541,-0.3592170208638161
331.9129363047191,0.7548974504215723,0.09314153484009605,0.11820581668383665,,0.04480388623029522,1.6343077831081185,2.345747986888048,0.006475125358875165,0.09296298268004617,0.8112779062867975,0.025789610075377105,-79.60104076977835,0.0,54.48656978972049,0.1894714047742892,,0,0.0015577381364484714,0.03216559452940502,0.018173498000365062,71.71316100468704,7.882089253778865,-0.7325741604600516
332.64215520175287,0.7669653432885457,0.09369517330979359,0.11852162271146385,,0.043584646893823784,1.6371551405730778,2.3363697519478053,0.006686651918874211,0.09228789098529262,0.7743278925075165,0.024687555067026624,-79.28694397513185,0.0,45.13412806015579,0.1286016889837535,,0,0.015137191458466686,0.026220220946057318,0.015430034792523736,72.27406682220808,6.8751700694927695,0.20631847632856962
333.36817577029086,0.7626777895677302,0.09293737107979577,0.1140806422765613,,0.04378129082236707,1.6576945479240777,2.3807226104653694,0.006547715714896651,0.09402759426799012,0.7610701964960317,0.02466973378216791,-79.10407302974038,0.0,52.93035116442271,0.1397429880809745,,0,-0.005001797002376581,0.027177919571543273,0.016258697328916348,70.78249466393278,7.3540004544117314,0.12037954323432773
334.0877996818374,0.759461470656962,0.09289334653276392,0.11242900081709008,,0.043683882683652676,1.6660862262451799,2.3914742162042675,0.006764251201825774,0.09217643464424433,0.7714240006525241,0.023957677977007808,-78.75935986924787,0.0,46.09436639156293,0.14012285537722433,,0,0.008710862675822212,0.027515520073672167,0.016904647962664512,63.815403700191794,7.823481931449462,-0.8175153080622313
334.81701857887117,0.7628345036623755,0.09320807218506605,0.11265550300593713,,0.04375790608443441,1.7203503916175973,2.4338024074449023,0.0067678603435839015,0.09916184039328094,0.7692115651190067,0.024735118675902747,-77.18433780596366,0.0,54.71305192716252,0.1520104555492399,,0,-0.004616156531220863,0.0261893492566951,0.022406122370217545,57.049363889036265,5.598355180170907,-0.9235101336195848
335.5366424904177,0.7579348591868347,0.09333491659361626,0.11076428531270352,,0.04348936636393843,1.7523008586723767,2.4295848897986696,0.00998801508858496,0.10289264958263018,0.7061279386144347,0.02438906398786293,-77.2280746822556,0.0,52.73309347925224,0.15261620143892454,,0,-0.0080174252987627,0.025885835325298538,0.021402241505898572,57.13255744356619,6.9008851663354465,-0.06056465063437953
336.2626630589557,0.7609899121788197,0.09197346857543034,0.10976938965219661,,0.043743977338678734,1.7481702861007427,2.4249720828844112,0.006643988300338266,0.10458295543686731,0.7053924332704279,0.025404793080957576,-78.20711785567077,0.0,51.46691052317985,0.14581088868251627,,0,-0.0060761095700508985,0.028872723755952318,0.017710669705189995,56.99701897118493,6.855689030136895,-0.2338230966799344
336.99188195598947,0.7647276617868739,0.0913995028430118,0.1110472958643038,,0.04497233355894534,1.6541518261658235,2.4301969240142234,0.0067365659736993745,0.10179110455151905,0.7023380276348409,0.02460369752718658,-78.90427499790887,0.0,53.81804463062593,0.14315370692994758,,0,-0.0138125077530447,0.028437518769512303,0.02217518394658185,49.58180154830375,-1.8060203975657134,1.1716475759817493
337.7242991815191,0.7664688041671424,0.08646655613604595,0.11307148803013155,,0.043813525228314276,1.7514203227095926,2.4599860493150993,0.006524519579238303,0.10427370910702531,0.6886810719379373,0.0242245585108262,-77.61821139049108,0.0,49.60646517567094,0.12671996002013908,,0,-0.008252266058435301,0.033976676610313804,0.020168761666855578,50.05276082774886,0.46280520675285153,-0.7793310875019644
338.4663113925359,0.7649524554223609,0.07615445725800599,0.10769479613013914,,0.04389502549914364,1.770868998908567,2.496459346574387,0.003405100010176305,0.10458274329606058,0.6943227767560046,0.025207411787443776,-77.2388410011921,0.0,50.35259410380926,0.13130757448285166,,0,0.005541204246451892,0.029625018829943724,0.022376928539857257,43.088897346301295,-0.12221261213575503,-0.6672552724896629
339.2147202605443,0.7632570208811804,0.07678437250272079,0.1100086877467741,,0.044030688163909454,1.7763269551240801,2.473738951120561,0.0035146911091503354,0.10305761892029107,0.693077268354142,0.024375506001512854,-76.92752721981824,0.0,54.93095262996485,0.10844853725457732,,0,-0.008012549000544263,0.033108717428306754,0.02185796659604397,42.4728041964835,-1.0364186840518959,-0.9435769761477346
339.9599308000569,0.7647559959136179,0.07387216746091319,0.10770669135211543,,0.04548087168173798,1.7829009245782206,2.5078744326964757,0.0031833874859124554,0.10486482752342503,0.7014055704838987,0.02485169461107542,-77.19483765961145,0.0,49.5460594579637,0.10081374013877288,,0,-0.004218149199454866,0.03756090350398139,0.023812503546526014,42.61543774489091,1.2430321763966723,1.1066899641329466
340.69234802558645,0.7741561882133327,0.07296094825579945,0.10763800868242651,,0.04534207167196248,1.7747045633192733,2.4851220782367713,0.0032543722134574394,0.10319015963438238,0.6846085491772524,0.02683245084789174,-74.09402410711783,0.0,52.8538356443724,0.09835501186934958,,0,-0.02403693494396788,0.05110160850048159,0.02770354266876541,43.993029282142295,0.14333030990660675,0.2099261410956031
341.4343602366033,0.7650803455512167,0.07368968034314005,0.10435214561417856,,0.04509978020521501,1.778602219015333,2.485361617279967,0.003437126060419302,0.10248613450704562,0.6779609403017715,0.02750812026474103,-74.54139565360501,0.0,52.879677445547884,0.09569131261257159,,0,0.016269210349794578,0.05335805377976392,0.027304884286926265,42.829673831825964,-1.0550822650086118,-0.6621231998998284
342.1699757906286,0.7811709621560451,0.07444469942109808,0.10263167294619374,,0.042368439621937176,1.7837637357146385,2.4818827188740356,0.0032423198831135654,0.10234861270987532,0.6521685761879683,0.02649657703794864,-74.56893710357016,0.0,51.462479232974616,0.0938487697110563,,0,-0.017190751481678892,0.05418284273742352,0.022037388192281297,42.20963673248944,1.2515598305884377,1.2564817784122988
342.91838465863697,0.7743557822233961,0.07349515209704086,0.09203933065596352,,0.04284410354036903,1.7977932785586672,2.515601924857929,0.0033266564587458467,0.10334930560419252,0.6934336937074954,0.02634680606420753,-74.60526822628276,0.0,54.059208025529244,0.09527670152294279,,0,-0.0028783347911797413,0.053929353602335126,0.028442739468965837,44.2293700730573,1.6092061549544723,-1.0241968687675143
343.64760355567074,0.7790619826909524,0.07392956569409766,0.0913029188602622,,0.04239140760626242,1.7668699231969747,2.492049076452858,0.0033240463866284716,0.10372582353925522,0.7018506677119107,0.025551132384606396,-75.50412368950518,0.0,50.74614289977465,0.09165391233271933,,0,0.002408577665356979,0.05966107278790745,0.028590734596318373,44.30547835814709,-0.945418925528337,-0.024862118591640045
344.4024090806706,0.7813161842541405,0.07552878662583613,0.09049649481108007,,0.04298861023804046,1.7755741585166496,2.502470780796028,0.003315982312186105,0.10245041208240707,0.6813739166609691,0.024916505463032913,-76.22641129446279,0.0,45.83038986974578,0.09564991196406314,,0,-0.004345811961661042,0.0576671543153247,0.028062155933855106,44.437688292390426,1.4534263388833004,-0.2728428357250355
345.16041293416635,0.7816902366448164,0.0737660094067981,0.08948521796596677,,0.042043128564134176,1.7803493029288313,2.49359456404697,0.0032536122211854583,0.10341982678010667,0.6934445310898895,0.02529615534289327,-74.71081711100716,0.0,50.64102557733388,0.07535507621683442,,0,-0.004923786596654167,0.05882366277233996,0.026775547755082087,50.41443344342731,-0.4816665856773931,0.011147760569724602
345.9248134446534,0.7802000033375902,0.07316247076721986,0.0882242937847698,,0.04253935824014143,1.7666815300193235,2.5062473204096887,0.0033636688398910957,0.10232802913330333,0.7143296420247908,0.02623316673895793,-75.73170477965225,0.0,51.724552509328696,0.08895249139707938,,0,0.0009440602791570792,0.06303242218910803,0.02116099641917563,49.62670125521854,-0.39079244915359235,0.12008202067461345
346.6668256556703,0.7741118058289724,0.07799561432484273,0.0813927829268284,,0.04278536334622317,1.7231061787171935,2.4966638734008386,0.0032704999449693164,0.10254554604789262,0.7215630408062828,0.0250317576967418,-76.99594327717807,0.0,50.190475845866274,0.09309931001683429,,0,-0.006073767968923225,0.06383144065516033,0.022224335389908378,50.02470896303072,0.5339930127454297,0.6107818848163101
347.4152345236787,0.7826518086326493,0.0758687884358839,0.08077051476751006,,0.04270933639878971,1.7655620576565998,2.488372445879586,0.003213833366524373,0.10425384956396022,0.7256113979700975,0.02618917636333815,-75.5627878186562,0.0,55.77449404724352,0.09997219511836722,,0,0.004400944642584635,0.06279121307458142,0.023720629313623717,49.097207520950946,-0.6546057736264792,-1.4078360326065558
348.17323837717436,0.7857367377850157,0.07645712094694407,0.08076407141241952,,0.042008874056154354,1.7218026131561126,2.466730345748368,0.0032842149474613604,0.10270702926990898,0.7686597205352785,0.025581428977592344,-75.27759759602831,0.0,50.47869654297443,0.1071214010834991,,0,0.003679145228906117,0.06119889874486051,0.017305502504713098,57.92539017662502,0.5255315642845881,-1.3994717159722485
348.91525058819116,0.7818379264168486,0.07917204792294284,0.08088135961773349,,0.041861842125737826,1.730398954674479,2.2569555042187064,0.003259152508474688,0.10434394815841608,0.7966843157454944,0.026103913266147635,-76.5434380466418,0.0,51.54154505082005,0.2053587587069623,,0,0.013798565337025542,0.06076784393070051,0.024105173626825897,57.727306359103856,-0.9473330820748944,-0.7427852762666473
349.6508661422165,0.7808184909388407,0.07787080925222008,0.07966502982680472,,0.04313571845383468,1.6978552151562578,2.221397339894108,0.00341044490107117,0.10415408674577664,0.8206957914452901,0.026024128219200308,-76.32320896469771,0.0,52.94054735705061,0.19552858480667107,,0,0.001599351325180487,0.05820634563058002,0.021182985028088325,56.98364020475805,0.11546814721480504,0.35428050444230963
350.40886999571217,0.7765458719055927,0.07826722353410885,0.07871084348378676,,0.044098168851121215,1.6932521905520346,2.23848305082872,0.0033162355895922893,0.1024783441620643,0.884084883615237,0.026577573024728955,-76.47039851751587,0.0,52.23992317568469,0.21028417667429866,,0,-0.006510711984644984,0.06118846018603142,0.021920337687731373,57.29054281396137,1.6975381121963091,-1.8676119866872232
351.16687384920783,0.7810844269506523,0.08034650124285933,0.07752101376528672,1.6869067445759867,0.04388098339764617,1.6217123486234266,2.2023971709011847,0.003350790161897689,0.10355800139333952,0.8932706032824475,0.02693555496878347,-78.91684864424889,0.0,56.080590029636426,0.20209615835325268,,0,0.004110470466348387,0.061174655987578236,0.0220218320750694,58.227953562346535,0.1224768892012448,0.09386328681324914
351.89929107473733,0.7763202404751711,0.07952470567620123,0.08024705380645096,1.7331518832947446,0.04392377179386658,1.619284182474656,2.221265167227627,0.0033837304297269248,0.10221215653073551,0.9493260547847063,0.026489625274795932,-78.87658186196525,0.0,48.63063151669339,0.1872606972420332,,0,-0.021972348666228693,0.060522242102291804,0.022320233767520868,56.47483018169052,-0.08054688886541744,-0.9858072960481857
352.64769994274576,0.7798796649118004,0.0836220377089838,0.07856785352567232,1.7023447071123303,0.046196872286490526,1.6480369096987901,2.2403987699391004,0.006693221504342655,0.10263962348479744,0.9560379081221991,0.02695002649218451,-79.04591475619505,0.0,52.07169089723849,0.18213731223967516,,0,0.016343757336691425,0.06315419876877763,0.02147370739902601,64.16076547383182,0.31622593408724864,-1.605668447877905
353.37691883977953,0.7819857037341272,0.08210237289774765,0.07662730978977526,1.7083343707523944,0.04577862722071796,1.5810473713641766,2.2422866391174336,0.003171372089486397,0.10402213121868344,0.9556682713842154,0.02721052622719929,-80.94012239444534,0.0,51.80411940008403,0.20092976047988728,,0,0.010296854339049982,0.05471320738995314,0.022477678706350254,65.18169026614198,-0.9956851234064776,0.08332803658524007
354.0517661523853,0.7941897301818256,0.0853657634250141,0.08222255909136457,1.6735601346957425,0.0459289553737606,1.5816796066876349,2.2472367392176675,0.003418822668680857,0.10296489940225236,0.9282056123875106,0.02718820464343195,-80.41856849395809,0.0,52.94676902819207,0.21903630730022206,,0,-0.004419311799101548,0.06499837250294932,0.020450635686880013,64.45719560081696,1.3247821653831127,0.21619306481087328
354.82256331986406,0.7938699556095231,0.08173740978737334,0.0838612460420666,0.9843981123170022,0.04811654459561499,1.591832378405946,2.2407023244123527,0.0031168939910686906,0.10224960686354513,0.9371360428699851,0.026776139936565455,-81.05970736074423,0.0,51.7452946872955,0.22284893773553976,,0,-0.013370190574591042,0.06075254461963422,0.018932867822566573,64.53366073106166,6.986873960279736,0.5208627126226327
355.55178221689783,0.7805471504738211,0.08394357192726104,0.0864260453192581,0.3257023516793652,0.047599996643177246,1.5462390898130902,2.240463397168162,0.006768768708851285,0.10340237110539759,0.9309260533693966,0.005281125441769473,-84.7743794905218,0.0,48.60209498777826,0.23815042534132644,,0,-0.013672012616977529,0.06073449313953854,0.0222402390156067,64.41050675616765,14.05631833299778,-0.9773388362477977
356.93026179857134,0.7898688874269154,0.08326850080465487,0.08587460804275798,0.19727638376217463,0.04768457074699075,1.4964053544297073,2.3349347272717265,0.006647220666022049,0.10188985513486426,0.9344416074278219,0.00255282924478271,-103.65402510373967,0.0,50.66705393049676,0.4706070618929001,,0,-0.0031869051963962077,0.06759022740104097,0.024230721475252747,72.19383689114146,12.556719540185622,-0.20684725807672957
358.4142862206051,0.7978775298322142,0.08329213394900285,0.08775219390963268,0.17371187036348587,0.04887759971975317,1.4817456163876233,2.389577099742555,0.006908621917372363,0.10132115846468873,0.940154532101258,-0.0018433096797573969,-110.27663071723488,0.0,51.439655890557184,0.47093379807868474,,0,0.021689462497127804,0.08153366259224884,0.02227493453911752,78.65298515521317,22.71408577243615,8.752124974673386
359.9654755410498,0.8025817474088343,0.08454087703273835,0.08924347316405734,0.18888349048741665,0.04829847283631044,1.4751372688257123,2.5938462274706313,0.006813658529929855,0.10404820700990088,0.783454997568293,-0.0012905389277173738,-109.841782712765,0.0,56.88156962096041,0.5346190580774235,,0,0.07468560303039173,0.08302226099200793,0.041039769769647856,78.69379863425259,27.700816108451946,14.189822364081135
361.27039356732075,0.8037971265964132,0.07587154330202209,0.08918284651797516,0.18517882728839977,0.04817935594485005,1.4787915113700745,2.6897401311133033,0.006729291668821667,0.10491872233307656,0.7807966632782832,-0.0012807647790518402,-110.31349627733607,0.0,55.20159118713246,0.5820095282323515,,0,0.09953651308607561,0.10633059339948858,0.045191743787318855,86.10033684617117,36.38662263574516,14.632056221782685
361.96762917939685,0.7842855059122438,0.08325598382851972,0.09032984800899677,0.1372097023273116,0.051476496248583144,1.3001860082350412,2.718915911085138,0.00674289318691869,0.10374959227982268,0.797048329172457,-0.004398017559908099,-117.00243730365486,0.0,56.64003063365272,0.5922117446171961,,0,0.10235168676647026,0.10896655265648887,0.05347464947319806,86.00212582617247,43.44262055546836,21.948026588880303
362.72563303289263,0.9661832393927668,0.07217196803797173,0.08898804636903176,0.1296193948576779,0.04741161365684764,1.3139538791481808,2.7406007622709576,0.006856026289706385,0.10490543661408792,0.6729259626703925,-0.004876421672952822,-117.70237968107855,0.0,54.655678773577186,0.590747383678442,,0,0.09983816742135805,0.11087275155396775,0.05488845965747455,85.66988389337735,49.56589828780515,29.898239345410147
363.6531482966636,0.8128692859299996,0.062039853450775805,0.09080310224583515,0.14008652101128785,0.04636017206187469,1.2203710238467762,2.725496055615222,0.006700607372077547,0.1017792001608322,0.5078835194415913,-0.005809870334037534,-125.74018956133415,0.0,49.627201025530695,0.5901108919834747,,0,0.11903557042058277,0.11454564544860614,0.05718524254509892,93.5519815436035,54.63534030314208,28.735258773295378
364.32159895227795,0.7915764286341124,0.07202519766062318,0.090273986692902,0.15799054445160995,0.04759200641773537,1.2306330842663844,2.742836233666535,0.006759235123653052,0.10281085391013198,0.6227358686803371,-0.006619669769370602,-122.28779861833044,0.0,56.23550069594018,0.5965110823007427,,0,0.10534137793875982,0.11305763464522002,0.054229217174307245,93.68746892609933,62.08945030377524,35.25037171517909
364.90689306700244,0.7927213055543121,0.10241157674005939,0.09206546906443083,0.22578657652446604,0.05917454095780874,1.2074545757693118,2.715951602016319,0.0065249940293753035,0.10358360065325042,0.6315514199234922,-0.009656753401971514,-128.26729276531603,0.0,57.7507586088506,0.5925265561113437,,0,0.11676669889989878,0.12519510330702063,0.05700265444901872,100.7670312479269,72.18109166475007,43.38415612989687
365.6169219930617,0.7390687539177179,0.10251422203429071,0.09535425646489061,0.10303153864655523,0.059042015826079215,1.2257958981855788,2.706171055463213,0.006752520495341428,0.10309613452155149,0.621112987954742,-0.00980096449393373,-122.28881752099552,0.0,57.4033618338655,0.5925811584341554,,0,0.09762188275944644,0.127441436419905,0.055446561780616875,100.36385182671151,79.05113479540135,43.10328538376664
367.8365619691206,0.7857401982530074,0.10323633592308185,0.09522028833209713,0.12435654659798659,0.059049653128618214,1.2128642073107874,2.7257419324393934,0.00345474978200018,0.10331240614540917,0.6249884748356973,-0.012968097625308626,-128.16333550367114,0.0,54.62196594056086,0.5801555466405083,,0,0.11365044162254168,0.12638299060978497,0.05626631940201636,98.72751732117274,86.07515659629499,48.69002264353715
368.61695412208667,0.8119778794035697,0.11000406861695897,0.09731093077131055,0.1703940446482791,0.058872049844586646,1.299058410382713,2.745240021345927,0.003401252473843633,0.10397773692966862,0.6166249618833616,-0.012810806300148542,-122.38595657149658,0.0,56.70438239805394,0.5795774188965687,,0,0.2303551403770081,0.12530655189378287,0.05747936056898434,99.15154478240186,93.64075618756469,56.31569672828439
369.2534214927433,0.8137240821582931,0.11052791385822286,0.09697975017222342,0.16194484695312236,0.05892638844420674,1.2399448722373396,2.708222251064306,0.0034917028988178432,0.10317718465746029,0.5172587686646362,-0.006313192009830184,-119.03405607468886,0.0,64.43085475748858,0.5949991603003076,,0,0.23315311157226914,0.128215219579606,0.05575304558564703,100.29963491763066,93.31300961085806,63.74261272828937
372.41017171806067,0.8996165661202962,0.10182380433787848,0.10050376407088026,0.1731387722345893,0.048698666756443416,1.2450454778273532,2.6987021313024226,0.00349927894715108,0.10116340438937244,0.5185738611191484,-0.006552448749827196,-119.20461665637869,0.0,56.62241437936061,0.692565134183581,,0,0.21966465221587375,0.12668150185844443,0.05707388114006112,101.36190065749908,93.7805023123991,72.11885557010949
373.0626307311962,0.9109639373174501,0.10464407255439043,0.10488064029054635,0.20021869210052148,0.04912013405157471,1.2485621327931868,2.704348489917797,0.0032809575991297837,0.10255529968250071,0.4875947917802758,-0.007127337720584945,-118.32351282693979,0.0,63.48073761274772,0.5987932708930949,,0,0.5073256981842806,0.12924323300954887,0.059399874800858954,100.18577327975288,101.02210608546535,78.52535563307204
376.09784447367457,1.438281189201778,0.10491832363223723,0.10816080118765523,0.1943105080786054,0.04708312124723148,1.26724266053769,2.6598937873437842,0.003258033728198074,0.10306294720060848,0.3781433253903928,-0.0033673281133089665,-119.53479498829432,0.0,57.606995761273865,0.5944757602173831,,0,0.5182599274631531,0.12178016061772223,0.05867412137718264,99.2522716413491,100.9848576765717,79.01747829280896
377.5370922967676,0.9032017248290588,0.10206188735230677,0.10672855400064749,0.17269759654592254,0.04699430190973625,1.2619558195723268,2.5687109364260783,0.0033406926094571637,0.10457556035153359,0.37380135243084706,-0.0030570646875069493,-119.81143147107015,0.0,59.63401799151384,0.5909541098886439,,0,0.758046515776806,0.12163310759068316,0.05634159075192753,99.19978588763992,100.94580563131504,79.06664768083844
378.91557187844114,0.9010843945023462,0.11129979018738621,0.10811266815509507,0.23354867724724793,0.04836920651790563,1.352440409629565,2.523784082224706,0.003393337370392492,0.10372034281612176,0.374040630706307,0.0016927359693600832,-107.55108417853666,0.0,62.15243218498608,0.5909063164399605,,0,0.77969252987265,0.11966324810814179,0.06118577812211664,98.67371326183117,100.9009018329117,79.14539490325956
379.7855172292884,0.9050817984235134,0.1102871061036058,0.10793022959171154,0.27870041026605596,0.04740505909536247,1.3560610865697595,2.5367442764816635,0.0035825977289932064,0.10132667546261337,0.3666103528606088,0.007956863775216327,-95.93536528980626,0.0,62.426872581571104,0.5971169273904535,,0,0.7570709441159738,0.11756725279366712,0.05972653634673418,99.45412212605618,99.33929478767975,78.13745377020697
380.4763561843731,0.7746842604748931,0.06970459295732888,0.11451364086941418,0.2335385280270984,0.04224053769098072,1.576743799997513,2.531368222447321,0.0033944328840650397,0.10321140534080146,0.3395415823203181,0.012160243784790989,-94.69122334344206,0.0,60.43903255255418,0.36326618648468356,,0,0.774356065894295,0.12091172753586878,0.059306004730125594,100.3962477820323,100.87263463385648,78.04699322945206
381.9507856209195,0.7777879764627394,0.06891816965892512,0.11573636808094245,0.3325031101959615,0.03886863496844158,1.5766882572035086,2.327881972484643,0.006852437104762869,0.10332437601918597,0.310189386013577,0.02141434274339908,-86.24437249450357,0.0,63.27791431482734,0.2844009484410907,,0,0.7791099539430208,0.1267495225792357,0.06179596904372806,100.11913434496819,100.07925100731771,77.91491282852802
382.68000451795325,0.7692345146207433,0.07114997933632423,0.10834167038350162,0.3530687170663807,0.04166343058049005,1.576119670090576,2.3371049603866476,0.006614261773103672,0.10467216872343331,0.3219029070690623,0.022087974934089444,-83.04935685872215,0.0,67.47081647689758,0.2127536549580126,,0,0.7718100496268576,0.12861421274519577,0.05682699325133072,100.54063199467004,102.29217367201102,78.92598558719784
383.4156200719786,0.7661136715282103,0.06917688884089125,0.1067553631998852,0.4138564257366804,0.039467894540521915,1.574649820315343,2.3158699338945676,0.006646477295652041,0.10256054788425044,0.34430791897269925,0.02488783543838875,-83.14082602951369,0.0,69.40681164220156,0.19907262519262495,,0,0.7720454870567808,0.12851191672595802,0.055683842357549765,100.00134505674284,99.32461843468359,76.79251302580047
384.14164064051664,0.761332158147832,0.0684916783833087,0.10827883321169558,0.3612136059604538,0.039264115633534324,1.5800475642617438,2.345859126128006,0.0067410515760740145,0.10356289960500706,0.3354584345437659,0.02175091756182207,-82.47799077193238,0.0,68.8243275163674,0.19693899135422765,,0,0.7550273388106824,0.13182313704447918,0.05506874725321932,93.9447339451959,94.09986261026297,77.31848695516928
384.87725619454187,0.7652007589830875,0.07113382512830388,0.10271792712122309,0.4507364837951075,0.04082549570203894,1.613145930399568,2.3356568993471223,0.0067846079069387956,0.10552260679394226,0.3643878636733624,0.023685603025521317,-80.72023630594131,0.0,69.05700852146008,0.19717801346932612,,0,0.7535880553941434,0.13847220184982822,0.053613224826733,91.81671842567548,85.04972399247949,77.70892280757344
385.616070077063,0.7720816115147991,0.07038480527085926,0.10338338964336385,0.36760157148842265,0.041005571449641495,1.6178138341595967,2.3198998816360707,0.006341066670246775,0.10352115347436554,0.47967751937077213,0.023377698445456393,-80.17926835035071,0.0,72.21747195243259,0.13865471300749707,,0,0.7472939301027337,0.14046446831488046,0.04988387488203718,92.62292808403846,78.42722967611415,70.7446632981378
386.3740739305586,0.7703735662533993,0.07111587856954382,0.10253398437271052,0.41728338295769457,0.03947274573921909,1.5753734298077315,2.1595858378212966,0.0067225541649045826,0.10386068143692573,0.5835583394373463,0.024752259144981813,-79.99406176344586,0.0,68.80703633895827,0.11583821101791565,,0,0.6762416402363886,0.13878527106912728,0.04724214783768126,85.6984270780009,72.38096255555843,64.18976139891062
387.10329282759244,0.7795177158130302,0.06872301802607217,0.10123122989401545,0.4413536772634297,0.03905167317838766,1.565270095210628,2.1470786024217725,0.006804520617384296,0.10270447805086978,0.6221079944072229,0.02428458630814718,-80.22740899484455,0.0,65.56712311965521,0.12532397821995817,,0,0.6949569549425544,0.13766661214241707,0.042885064879360404,84.27876404407273,63.747506009477945,56.498699914298854
387.85170169560087,0.784767318965514,0.06930581274869735,0.1001739684143208,0.4749725367074559,0.038544183187548736,1.5425787583618684,2.1476886065299743,0.006538170778791549,0.10492206656514001,0.6300426068081754,0.024065611242173802,-79.25382808953984,0.0,68.43229357185889,0.12632666724229433,,0,0.6763606278917415,0.13988234379778527,0.04708529757853923,85.17197712334004,59.03742828802619,50.57667929716334
388.6001105636091,0.7872839678177342,0.06988147145112514,0.09979919730277811,0.4875532280340663,0.039112358698543855,1.58663057764522,2.1625793202469024,0.00687429398011158,0.10723946814559611,0.6465013508673765,0.025100619156692656,-79.54892950925664,0.0,63.45342206631337,0.11458162576450001,,0,0.3894351581356726,0.12246367595340854,0.03949468164779547,86.20741966478609,50.27400320169466,45.35794888518992
389.35811441710484,0.7870606961642366,0.06817784773239705,0.09699329633882468,0.4019505953928874,0.03877917690320949,1.54926963838343,2.157477252745173,0.0066938784775639,0.10706129519002155,0.6600015088701267,0.02448060068111029,-80.67123579395201,0.0,70.58481713808044,0.13403316890600822,,0,0.40033779483688964,0.10253941279477824,0.0373261904766024,79.67358579672927,43.72378514875174,36.67241277812363
390.1193165990962,0.796612297546977,0.06945313408076226,0.09747814974508563,0.4415312891312267,0.03940729968457933,1.5213932525504756,2.1512484502585414,0.0033398257112208667,0.10662944264527847,0.662676555638674,0.0241729919992929,-79.97108850405414,0.0,65.67206281671216,0.12489463842138461,,0,0.07500036099130375,0.08820543066659174,0.03273046879686533,78.12228134777543,34.60595554267751,29.633235767396222
390.8741221240961,0.7891724381097251,0.06966390530859992,0.09834315964068334,0.39209267233327627,0.04008215198655072,1.5250002060531898,2.075631077601246,0.003338421812042323,0.10736356629695364,0.6708387458760154,0.025637752176944726,-79.53674641676842,0.0,68.74903791113688,0.1332766412023737,,0,0.07952748707861546,0.08220153952415339,0.029905481936190845,72.59781260439166,30.605251751253682,27.88662749826816
391.6417209630791,0.7907886606259533,0.0731936887461304,0.09624885686734823,0.37283304999697764,0.041465596480558344,1.5221434766217405,2.1451893911717583,0.006576594030063128,0.10660314367395747,0.6997983146272867,0.02534256672742336,-78.67079106649518,0.0,71.89938946850762,0.13177414326699713,,0,0.09146875270063293,0.0789584618988919,0.022941479168305478,70.85723425091098,21.098316798151057,21.553192595749344
393.1865136265323,0.7853131856364625,0.07171730440006265,0.0892772851944769,0.38538607998916224,0.0393780963258477,1.5218110033180863,2.1549803054679204,0.0064247086606254895,0.10851002828537516,0.6873005881247364,0.02534925983220515,-78.64919560707247,0.0,69.7231794500546,0.1376602000931817,,0,0.06734105983038337,0.07829180657062103,0.022463566942425357,71.262376495336,13.691579449894379,13.51347560636679
393.9605091225067,0.7991518067781832,0.07458993701098486,0.08692743848313789,0.45247008051074583,0.03954226645695791,1.5282922143944662,2.082763048540093,0.003150614211208187,0.10618087533074651,0.6811832938156367,0.02521258128200329,-79.35549964049038,0.0,68.11273953066072,0.13211693539602537,,0,0.03691904108037026,0.06956194976818411,0.01801594164782727,71.10022465001639,13.581119588030646,13.776524887188334
394.7185129760024,0.785755466667363,0.07494539348714739,0.0873578386206351,0.4507376695425737,0.04162393779630301,1.5236604087030137,2.0734762205251265,0.003351435989081379,0.11001469941546548,0.7132294404259684,0.025723237723842267,-78.0490800714824,0.0,67.48109975178072,0.16342846474134076,,0,0.03991015290028037,0.07182122443708819,0.017318045191810086,71.49147094054275,13.58472753200207,14.788015082199019
395.4989051289684,0.7853090536224895,0.07602314432396987,0.08603902528677856,0.4328293488261593,0.04157538041015165,1.5556416903258827,2.1596305650941012,0.006632814595828003,0.10602317859941222,0.7191670795670437,0.02654872094302265,-78.40719554042262,0.0,65.1316194798856,0.15083259330116053,,0,0.043492978377265804,0.07305899746395554,0.014437726064998033,72.66395132742812,15.350391664421744,14.457638518593003
396.25690898246404,0.7845547326182277,0.07613151265310927,0.08160368459720277,0.479232668631537,0.04161746641440837,1.5567664815586644,2.2016084616253115,0.006661408755958752,0.10672086112677508,0.7260852497861601,0.02750246747829875,-77.68343751412517,0.0,69.21134769587457,0.18762334666987807,,0,0.03776433191461614,0.0739401310893573,0.01617220183082738,70.15542732973816,14.674186478370878,14.18691743356763
397.01491283595965,0.7861822322785323,0.07682288435851747,0.08234182454368383,0.3993486700217413,0.041186988667423444,1.585940862238048,2.2294205728952807,0.006783707399682858,0.10895431614541284,0.7279629301169518,0.027399005178733712,-78.80513516540503,0.0,72.07028760978407,0.1835432092661148,,0,0.02164470463278955,0.06712483899864188,0.015726416805100975,70.93167174841071,15.664846212418082,13.47718635989339
397.73773507600185,0.7836226971452821,0.07854167141160477,0.08038552701638055,0.41583219580535874,0.042166621013034644,1.583666823550943,2.23321984721608,0.006692998223932314,0.10897282163567348,0.7449560571427356,0.02699370025645661,-77.51453513940072,0.0,64.9136047378918,0.19267296326081304,,0,0.03759632509796381,0.06677337220362385,0.016515104790195835,71.14161839507202,15.417728223370792,12.865264224376501
398.47335063002726,0.7797455200692572,0.07660601888634597,0.08216878416194084,0.38256767147768733,0.04232553601189451,1.6128090759538438,2.274543683171259,0.0066037950680890994,0.10914417149117352,0.7688888997646849,0.026511718940702648,-77.90527697875699,0.0,65.92690065060093,0.19817334516393537,,0,0.049958950464097235,0.06556389856354339,0.01943279262109464,71.35283074765556,13.405781004137047,15.127101981283134
399.1993711985653,0.7726194567566027,0.07733956111950142,0.08269267397888215,0.370671893486318,0.042086408235189325,1.619094544514834,2.2904326084256366,0.006628583886098744,0.115337208827806,0.724984921103895,0.027409832760992334,-78.3237839776735,0.0,74.16777658578151,0.19169149227565999,,0,0.05377483148461139,0.04856173801175727,0.010143130759957746,72.52132270003591,14.191074542359173,14.560178488986333
399.9541767235651,0.7675274503663917,0.07779326436156302,0.08137752882664723,0.3886882678320116,0.04116829982610988,1.6219618452041908,2.2730483081047677,0.006816049666488794,0.11713173040380281,0.7386221777467951,0.026948432465290193,-76.36739180805164,0.0,69.1740759406575,0.19195593947651493,,0,0.0383566596657554,0.04787942494830515,0.012914898601063561,71.70056911160023,13.301372012602782,13.264707813197244
400.6993872630777,0.7654160917711182,0.07780744205538105,0.08118140070133086,0.30541330413098267,0.0405038881888066,1.6169395901500827,2.2678812741507164,0.006854389800183039,0.118900684728237,0.7362189882313694,0.027445812734321198,-76.39492282400276,0.0,73.46929567913057,0.18626312768706005,,0,0.04266208493772624,0.03302552071978578,0.012095089735428189,72.01381601604015,14.554256486853282,14.310073019340532
401.4350028171031,0.7721894147325125,0.07633515799610473,0.08055542830508007,0.18653891412960844,0.04195879267659647,1.6472169991652106,2.2864107045304305,0.006572236474302958,0.11815134698065627,0.7631982914605395,0.02595536287386176,-76.0087825739772,0.0,71.02400945470652,0.19907233469105173,,0,0.03953299630544757,0.033637648588082575,0.013234312247596849,71.22748559652015,15.437216292694988,14.24525229154275
402.1770150281199,0.770998088443467,0.07680088700048887,0.08111307960097248,0.220068572112619,0.04209622995413231,1.6581442229732584,2.304088211693469,0.00681478877323232,0.12146661589469701,0.774275989287991,0.02835033839741748,-74.91320701589129,0.0,67.06825880906894,0.19003451602238505,,0,0.04282183945767378,0.031269923377352446,0.015350898081062679,72.52117858048375,15.236345844975888,16.10087635781153
402.903035596658,0.7617031452211035,0.07440690045061046,0.0794414621952059,0.16956617584169176,0.04170618824635806,1.722428954476095,2.3067949738171207,0.006573418325242941,0.11986831516147754,0.773690386370803,0.02825718840147384,-74.69794668209141,0.0,71.75070991296508,0.1781854668924857,,0,0.06200488272925081,0.031155511566165046,0.01263843117293909,72.29302337474611,14.970863796478945,14.52277562199827
403.6258578367003,0.7655797445395549,0.0730696149817074,0.08322718047073305,0.14139696222282683,0.042123293090349505,1.7185529046890187,2.2993954714237543,0.006723385221845286,0.12017612255655981,0.7828722491790718,0.026344844691822036,-73.7417912202482,0.0,69.2149627084506,0.17866528462159556,,0,0.03211167131701654,0.03276396874478605,0.01407799734140264,71.40882750389098,14.123391796098579,13.962449602146823
404.3646717192213,0.7658789450419856,0.07289045295934635,0.08148771550396366,0.1413202763005679,0.042508361445546455,1.7262981722331132,2.2981934081761923,0.006801351190648469,0.11510849225044527,0.7784106102321805,0.02758904446219922,-74.10318415813,0.0,69.57093844753655,0.16688501845446013,,0,0.024930457963790148,0.030726705265117744,0.014666396199237812,71.88546974533946,6.501439258135672,6.053794051238929
405.0938906162551,0.7691797952681927,0.07539326556487935,0.07979758009132029,0.16078353117715619,0.0421068292543927,1.714600553964851,2.306603239098201,0.006717055547390017,0.11624701338650792,0.7847481838946443,0.02790487293483606,-74.81306459365567,0.0,66.53282020993335,0.17580085326245837,,0,0.008008897915599935,0.03278950686723507,0.016819285123510216,71.38010844503525,-0.9277668623560664,0.15190186254339394
405.8135145278016,0.7665768499174898,0.07248131127965493,0.08012228833542955,0.12507349202490023,0.04240425114562147,1.719659361381484,2.3044650590145013,0.006685693539246297,0.11602743292491714,0.8183345834799081,0.027788390502408698,-74.35487394492222,0.0,73.54845805735465,0.18658829883261766,,0,0.020286039101185756,0.03330544773518505,0.015219348573088995,70.20419458043781,6.609044089830631e-05,0.8359564683485445
406.53953509633965,0.7627964570060682,0.07310470141180692,0.08092287915563177,0.10465272326640009,0.04243424611409238,1.6342215123244945,2.3081170623383884,0.006871682547129795,0.11650755565482199,0.7873636395315079,0.02619761073108933,-75.59216812691406,0.0,68.23793794855176,0.17814844950454162,,0,0.002834168278367649,0.045859781874895894,0.016782888008267414,72.49144651209865,-0.6850280330217025,1.6006477791076725
407.2815473073565,0.7742021697653173,0.07367814918894587,0.08072316161445935,0.10826197389793327,0.0425300332561835,1.7158382247347508,2.339797551755731,0.003243430175913453,0.11884448427869287,0.7810547673351946,0.026490481216268694,-75.52180754180164,0.0,64.84658694541054,0.17591830384847446,,0,-0.001177504803737238,0.046510506865542145,0.018714675823769067,71.95232204336817,-0.8279827021889707,0.5760321146549917
408.0171628613818,0.7728971472330167,0.0744583825725347,0.08182971042950049,0.08899610622865942,0.04271203977639072,1.7204703093713183,2.409416470510955,0.003408427738664636,0.12447001434038181,0.8100445200041484,0.026224452460437163,-76.10819757948029,0.0,71.40869821909504,0.17640488588611433,,0,0.013737023233279305,0.05499608891576295,0.020014199241747434,63.4183264632792,2.726404568786981,-0.2671498749851638
408.781563371869,0.7994782010686895,0.07151129530896248,0.07939623064025005,0.06757136554143009,0.04280716526531435,1.7228682317215107,2.410776122924004,0.0033656788580393687,0.11700545774065108,0.8265547527203089,0.02630625017643354,-73.7134072511022,0.0,64.02355567417351,0.1913778844405756,,0,-0.019398755561901314,0.05224577506910466,0.020803428250311735,64.92999931442328,-0.20393939762032884,-2.0790067823959824
409.54596388235615,0.7981095928389303,0.0700002519165221,0.08033302352921855,0.09724989032203901,0.04214981431066253,1.7164069980953467,2.327576412658225,0.0033759150586767385,0.11823668507043708,0.8009430305625966,0.027321628977469002,-73.54065522289189,0.0,65.16835550758329,0.13613320572429394,,0,0.030892486356665413,0.05483961544665251,0.02367618047476195,65.23423825527233,-0.5651546504626503,-0.42969880570805824
410.32315770682635,0.7997034807295764,0.07202897218564884,0.08183318622892466,0.14718348940541265,0.04132763909610569,1.7185045817243734,2.3549566302728473,0.003577045935825232,0.11762491620099894,0.7858221349941079,0.026442763053492167,-74.39693660525674,0.0,74.61084839042253,0.12640428721190178,,0,0.01999550182117176,0.05404989518582328,0.024156348404456653,56.25523768478946,-0.818143059307464,-0.9649180164701616
411.1099465167839,0.7953288511162827,0.07406989531533889,0.08089082825032337,0.13606258474572241,0.040362527595462785,1.633976603094171,2.288259260764744,0.00323942206219671,0.11571895901618492,0.7306998783366524,0.026125879594423633,-73.59642814538616,0.0,74.09620649086862,0.14168360811148129,,0,-0.009338513459936583,0.04898345147296609,0.022556228542497836,58.24258663230589,1.197654125820431,-0.9396218690450938
411.9063303122287,0.7966473268287739,0.06996900743835859,0.08043107333790303,0.1331253900754609,0.039590386545894245,1.6427711647576726,2.27271442966072,0.0034231942770030868,0.11613654245346317,0.7270292784248534,0.026576413927220283,-74.40491429043439,0.0,68.60679893979433,0.14147796848140032,,0,0.026913327990331932,0.05592114092219564,0.021810442128628153,57.47017857270384,-0.4788087163412301,-1.5969947143321195
412.6995157791778,0.7997110540566368,0.07052989029328348,0.07999669607698714,0.21162079068507353,0.04028768308655661,1.6412438384989279,2.348649362538183,0.003439657078662682,0.11626761239220663,0.724061217868072,0.026357491702976143,-73.43902965356723,0.0,68.61447220095911,0.11984885881315246,,0,-0.002569062735816757,0.061749606975632296,0.023628736631548384,55.54855230724017,0.2849491880842383,-1.0936735527612007
413.4863045891353,0.8007108916731757,0.07143658734441814,0.07986150270016557,0.3869022804464251,0.041095589498793744,1.6403322851604532,2.3481381905647782,0.0031587302966130095,0.11642498573954588,0.7467953107951301,0.026529592723539157,-73.15398984706238,0.0,73.0660602950329,0.13661588056784768,,0,0.011390520629008288,0.05522920573380884,0.021805459249194144,57.06749943871254,-0.23800028599213177,-0.4796931117997733
414.24430844263094,0.7918225322804108,0.07116202591032246,0.07909868013580898,0.3469199500627736,0.03997212016066791,1.6436834813044985,2.383086300556955,0.006755095100808385,0.11645082789393903,0.7585372439656215,0.025899515700534097,-74.30385069330826,0.0,71.52025748485501,0.1374207305272133,,0,-0.0011571928621831326,0.06086390059571588,0.02079290523406358,58.18335052266206,-0.9876702787474313,0.32886323697502223
414.97992399665617,0.7686137849712454,0.07030568511199309,0.07656451429209808,0.37161649692300164,0.04058379285590656,1.6460072863218278,2.3912327636521447,0.006790038188047934,0.1174875669423671,0.7441658369742229,0.025441831392102765,-75.13334077443915,0.0,72.87135457692689,0.11348377221469416,,0,0.005989443750603043,0.06678964169924671,0.02571662531427263,49.50017099191469,-0.20838325038162747,-0.14001123228666362
415.7123412221858,0.7639310033310283,0.07059412122097743,0.07935657249811533,0.37411923201735614,0.04159719172721379,1.5935522968586555,2.297964518368244,0.0065780408314115735,0.11619561824059885,0.7817010238621621,0.025775675346769503,-75.03267669560198,0.0,70.64721959914588,0.13633636078592695,,0,-0.015495407875574366,0.06694756586111841,0.019988409139290026,50.049927254051404,-0.25582283289623614,0.4697468745291142
416.44475844771534,0.7660598895548553,0.07001644834351627,0.07823999914833764,0.4318141218194473,0.041961319002515436,1.603810657325075,2.195084120937186,0.0065446911707139855,0.11570972401530767,0.7861410819078523,0.0248768014386476,-75.63142037421348,0.0,71.15152677942373,0.11848697094457575,,0,0.005435989950390706,0.06328599618788798,0.02070963151451321,51.23289289527903,-2.233333330776918,0.10386441207440454
417.1611840307661,0.7682546158266319,0.07039869392620095,0.07350218283037065,0.3975356046486385,0.04136506641107905,1.56653908330051,2.19254260118648,0.006778088453848039,0.11636076629048672,0.7968453534263495,0.025647147527374646,-75.2471600469577,0.0,67.91154217630097,0.12668337540219965,,0,0.018875999452541835,0.06682935305339403,0.018889210301463306,50.87863480252328,0.8700462956980677,1.5017078923092215
417.887204599304,0.7626802478435869,0.07225950082103091,0.07324738019911092,0.3713205261275133,0.04142915391796205,1.5807913828363416,2.173592878494425,0.006682713955275277,0.11314043943931934,0.7910400103167482,0.02495072751007576,-77.40016553875742,0.0,67.6022987448297,0.15978681933816674,,0,0.0146143496207088,0.0632005370584927,0.020048141699897108,50.857039803994866,1.0071350737237255,-0.35988438262074157
418.6132251678422,0.7561605316813977,0.0700795989965014,0.07311160839768752,0.4006954644645738,0.04248332201174499,1.5734167398812446,2.226057664744857,0.0066564573768406144,0.11045761109332125,0.8587095341219941,0.02434696411205892,-77.86469732036656,0.0,65.57989178194072,0.15867375457219493,,0,-0.01763119281211466,0.06533945728516347,0.019742132652483167,49.44888472521905,1.862297041317033,-0.6938449679193458
419.32645242239704,0.7575015863607746,0.06980063902320936,0.07269386604332718,0.33135044102828326,0.0422895952372854,1.5799877363473862,2.2456698427077115,0.006834940372436409,0.10655998286045142,0.8802833938509098,0.024492796077109927,-78.03298943496331,0.0,65.88892805550616,0.12873852155390522,,0,-0.01593672739980356,0.06159019786960758,0.020484130562493406,49.78178412464089,1.2716788903865561,0.17755933506456711
420.0556713194309,0.7535892909191984,0.07205134045034708,0.07173751737342349,0.40117678935895096,0.041916422245539334,1.5753405307962443,2.2524734460017384,0.006825306297658916,0.10628671942133283,0.8571411533211736,0.0235650646773409,-78.19796635347421,0.0,63.93041899163857,0.13954746449125158,,0,0.00026152392435721365,0.06095590696287459,0.022417726004667387,50.984784875615766,-2.0445698294351717,0.17359276638788865
420.7912868734562,0.7498858192553898,0.07028932327021178,0.07055231829305383,0.35585401950004264,0.04176144167991345,1.5795078170490018,2.2195966090494617,0.006452406827580669,0.10714778037292512,0.8610089333706041,0.024970876555842503,-77.08904398661785,0.0,68.4444486414786,0.1386118120482377,,0,0.008894661225794642,0.06697225459885715,0.01931830391237993,51.26045001353274,1.2407513887467752,0.9872577110088706
421.5109107850027,0.750889691748309,0.07070533172950606,0.07320580110160563,0.3968517720957613,0.041278713842395384,1.5825103982990765,2.2063102212324726,0.006600298282152167,0.10873346859743938,0.797009493021485,0.025048256266068495,-77.87250954818705,0.0,67.88307443654847,0.13443220891994254,,0,0.015544504780601192,0.06423057998899581,0.02474419719284984,56.1871077322633,-1.862671398038598,1.243507927153117
422.2145430540705,0.7574661597376156,0.07111461900905612,0.07379187429231339,0.3983199925949958,0.04146842386490193,1.585010573071644,2.1864853737885674,0.006489262204821903,0.10675958492500637,0.7785374876473575,0.025265671367016733,-77.51755711651553,0.0,70.16764042971698,0.13532109202574502,,0,-0.0010311935312202762,0.06685326640434777,0.02200384200878871,56.347022436182044,-0.9670785600066927,-1.089072083049071
422.9853402215491,0.7538332357997267,0.07023540573312485,0.07284333187875175,0.39304142465446446,0.04149179878116206,1.5328115872054886,2.155442314342966,0.0067399715525688735,0.10580926897476954,0.7787930272725194,0.02677238909625569,-78.7591017582022,0.0,66.88499451749139,0.1726535968450607,,0,-0.0029542804699971763,0.06976391246114122,0.026069401990663384,57.85445745902946,-0.569468495534776,-0.3040756270826835
423.70496413309564,0.7555279072887024,0.05668764061010432,0.07332801332179292,1.1765896694604505,0.036104398455205654,1.6487401832010522,2.047628976207105,0.006621166109451213,0.10796692588599313,0.7510612653008321,0.02965167874502809,-77.41191134810126,0.0,74.33929814579882,0.19431348614255814,,0,-0.0075988074630175565,0.06668590095928104,0.03969276144704971,65.26441128893335,8.376396972423017,-0.8686688981341589
424.4277863731379,0.7562176929212739,0.05364556557229697,0.07712222915325948,1.1612838919278645,0.035016572462852426,1.6321264096896768,2.0456277249427837,0.0067461768483427515,0.10550855903112642,0.5946220592574432,0.02933739853026764,-77.78866090212375,0.0,70.3817505858685,0.18450024908601417,,0,0.006887005178994234,0.06922528255605344,0.039674911962014,65.75621318610392,13.496410061222958,-0.7026791661955382
425.16020359866747,0.7566419577428884,0.05360868855519937,0.07423525405657828,1.1482363264083961,0.03507499393900009,1.6395806633020586,2.0065377700653166,0.0066868830912666065,0.10732448138038904,0.6122843795509159,0.029820935749215214,-77.98158075119557,0.0,72.5784708426449,0.19224272532028494,,0,-0.013719914266730039,0.06961337619089432,0.03819771677964511,65.16226303738445,14.906064752159674,-0.5842221348512726
425.892620824197,0.7591448010182605,0.053581373419272216,0.0736562375171946,1.2434743165338284,0.03600033832397683,1.6501986234492754,2.0791992331490197,0.0068999969399034045,0.10701626669219476,0.6211819820443588,0.029988890973336742,-76.30907965444766,0.0,67.47079194491646,0.18977154095105123,,0,-0.0069869669079683045,0.06855219119198355,0.03857236214743583,63.12341811958256,15.548979308982137,-1.3544352026582707
426.61224473574356,0.7674922956505199,0.053521640316568087,0.0750129714635007,1.1706668531235225,0.03595965202378875,1.6584322757597718,2.0283395749337467,0.006455805420478746,0.10527402384398751,0.6170730407524115,0.030099602398409458,-75.97558362104454,0.0,68.85350269313614,0.18163311737302315,,0,0.023044652849185717,0.06834786172959822,0.039380579831795146,65.12522903912077,13.416624363611973,0.05109818561966471
427.34146363277733,0.7540793077042633,0.054473128907743494,0.07247730513544581,1.2636656682435954,0.03603318377350418,1.6360012810441908,2.020909892271264,0.00671607186046028,0.10710920020501595,0.6139097645583212,0.0295966785170516,-76.2864463259709,0.0,70.08666906360075,0.19713793261912857,,0,0.007411207879192011,0.0688382061472094,0.04191795980879054,65.37009808552692,15.437596509086964,0.7174129957201484
428.0674842013153,0.7580921927056665,0.06090466161967609,0.0733043231608249,1.1149444264506978,0.036183287140418685,1.6596638874769833,2.044887017696933,0.006552358842360741,0.1065812689270985,0.6226830363352828,0.029853063520124203,-74.70932233740653,0.0,69.80352150080391,0.20197720254773588,,0,0.009124402515108206,0.06151371506503416,0.04387874765818327,65.23452137964597,14.463186547772182,0.3462252436633306
428.79670309834916,0.7583600260793015,0.05935250696895693,0.07351892752274494,1.1264203442742724,0.03638492560427975,1.6546493703855836,2.0812415313700763,0.006707437309844383,0.10641833062308409,0.6580570437231267,0.029345895703899935,-76.17720337144357,0.0,70.03563615323571,0.1875605418368234,,0,-0.013292520960906957,0.050840648866740015,0.04152290871893617,65.16033834244466,13.617876404899086,0.18179314431712734
429.52272366688715,0.7570601818282916,0.061263680324574,0.07238504651134878,1.1727375800217161,0.03529817661634978,1.6583580006185175,2.060475369498348,0.006856568095340269,0.10852641471714831,0.6712801415821035,0.030279659038972246,-75.00395967629963,0.0,66.02603626823226,0.18859327222744943,,0,0.0003091127931917001,0.05037642977012383,0.042573409200990474,65.52917062184127,15.247755135640242,-0.13294820087962347
430.25514089241676,0.7580993494962894,0.05576843967789473,0.06972770277360069,1.1618776587710542,0.035754766104291374,1.660624981075301,2.0834082521303143,0.006637541203567059,0.10551825252528717,0.664342059419524,0.029542875282606514,-74.81674676801785,0.0,71.3559840314349,0.2013501056775035,,0,-0.005628849679093731,0.05103237008605962,0.04294576034600732,56.952874729682385,14.490087900256325,-0.7607763636848035
430.977963132459,0.7614491292197649,0.058560578749996886,0.06673798980165258,1.1694346420577384,0.03509203439908886,1.6569897736634422,2.068164362030815,0.006719592958136481,0.11043299701291531,0.7038774280817807,0.030139169161230852,-75.26469003149232,0.0,66.92601665482756,0.18704092186026594,,0,0.00933889192737308,0.04811067859673404,0.04206031792074171,58.167071896215795,14.050393076838777,0.7186093368346791
431.7167770149801,0.7659953139367814,0.0599593435768699,0.06538931930558489,1.1922272009496115,0.03571392620547169,1.628619139761634,2.086908948394089,0.0066250261757466195,0.10546880306850512,0.7199163207828847,0.02943514399587252,-74.4581865177712,0.0,66.67761377848484,0.1855444432849131,,0,-0.002266090802292741,0.05497267159372102,0.03846755262595604,55.94965255076623,14.653650818156907,1.04265755445825
432.42360761254355,0.7640774884623686,0.05999087463407057,0.0631770792333276,1.131330160380862,0.036143458097532256,1.658406193981995,2.0967814594546628,0.006835211739047006,0.10777187482395321,0.7302853140439511,0.0290090119365905,-74.75365962493008,0.0,66.00492845917856,0.19417322024703687,,0,-0.006512687455097188,0.046497802090771624,0.0330748946247026,55.77722301823897,15.346000920716893,-0.26935617445601173
433.14962818108154,0.7637821794428855,0.06088581655215988,0.06555157016903869,1.1511516385068936,0.034942508225640864,1.6781823971986323,2.067758438796418,0.006617414860883816,0.10793900786400576,0.7268762985970068,0.029171486195942287,-71.72188528346074,0.0,71.99862724743745,0.1923929584542661,,0,0.03677185471233188,0.03943895023851023,0.03576880094838536,57.487467314583,14.810443105213658,2.1594721211529193
433.8852437351069,0.771238851872498,0.059479068267099096,0.06452294172406886,1.1675844798498376,0.03411290802469164,1.6870741984674629,2.087757855110199,0.006763451720233569,0.10816765347010267,0.7323374399116889,0.029476208332038883,-74.14270834868287,0.0,68.83488858481876,0.19125016199562667,,0,-0.002679767737193271,0.0477717086695734,0.028615878453793195,56.77811189295509,5.99908570893311,0.925392220992967
434.63365260311525,0.7689011183578416,0.06212481214064216,0.06378435260623724,1.2399682750474366,0.0341478794434427,1.6792646550407844,2.0934190057044244,0.006681593122160046,0.10653120084752539,0.7188333862209983,0.027745824498084,-74.32461645026741,0.0,65.90372582902826,0.1482662276463845,,0,0.002724760263702747,0.04194081279384641,0.028616715512091506,55.89771773431226,0.36141253404289503,0.07272394087500068
435.37566481413205,0.7795598472419486,0.059951922247081194,0.0630298367516378,1.206887552674294,0.034073234209532635,1.7146880793068626,2.0994407689118133,0.006712145642497037,0.10590760255751415,0.6985535475480252,0.028916944748763822,-71.20558413771334,0.0,67.02985869115638,0.14365861476611325,,0,0.014498741264816295,0.04606761719315364,0.028653014602587033,58.38671279064853,0.5265382808081824,-0.055830135977477345
436.12727201063626,0.7880087112776821,0.05851644147817207,0.06310895631159928,1.2977007228417112,0.03324099645813322,1.7816025040307348,2.1573679948394715,0.006611377807186859,0.10809892923215475,0.6448323000301297,0.029222626338676293,-71.10632080202583,0.0,67.3337640368417,0.13664023797443797,,0,-0.0008857420273681217,0.04132968606045915,0.029269693348146796,56.26721066851104,-0.8820680840175757,-0.47408576549695347
436.88527586413187,0.7875437329600862,0.06170787524570752,0.06740778678450858,1.170237050543256,0.03332058984359898,1.7761884824636394,2.183516636384615,0.006756946915429548,0.10581261633340089,0.5646431623951544,0.029102896430642233,-71.58944976403112,0.0,69.01199166410939,0.13764646379801396,,0,0.005322266130086104,0.03825093846538892,0.030633375959483664,57.22184279795644,0.39831621052681015,0.5498545103521023
437.65607303161056,0.801037718297797,0.05385534700645221,0.06767395800152888,1.2009586153198226,0.033703545203234674,1.6663848795491412,2.138068964069961,0.006538068240011016,0.10725237376494191,0.5144250704714696,0.028976176393885066,-70.7714912975443,0.0,67.4724766941388,0.12897990262357484,,0,0.004567202445872071,0.04295124553705456,0.028824194278700265,58.06518806426447,0.20342433118106293,0.6444259302126699
438.4236718705935,0.7873951403341373,0.05870553833511287,0.0671802171597979,1.185813310935945,0.034257937045547596,1.6640393455597982,2.159261481510366,0.0068666322238773395,0.10979712865030089,0.5186614169447553,0.029322088549439403,-75.70049687278905,0.0,72.75645084510762,0.1395961748176527,,0,-0.009396098315025081,0.04456756264774815,0.02845531645324539,56.46436723387124,-1.1118620055620605,-0.7072898011783602
439.1912707095765,0.8025654044842853,0.0595425780503614,0.06738510498322955,1.2056244386738646,0.03417029807659164,1.664472495042323,2.151420616863511,0.006606961043628682,0.10719125056185695,0.5232721223337669,0.02915159633917173,-75.68810345079726,0.0,67.76551221856161,0.1555079854305828,,0,0.0006018581943264161,0.06050589217125349,0.028810853693396518,66.08935425444031,-1.1482205351884747,0.12238124094931846
439.9716628625425,0.8079253854091688,0.05614784118940209,0.06630292681526471,1.2527509935150165,0.03427778692300384,1.6683967785356764,2.1614364197953075,0.006769317830464311,0.10995398377204155,0.5257151369378026,0.029604552785013998,-75.19228010715037,0.0,71.65148338220699,0.14728455575301952,,0,-0.0187710910651857,0.05524901425095672,0.03022773625656427,55.717080861259774,-0.027937903982837308,0.3545490793512942
440.7648483294915,0.8151001434155738,0.05675821697076059,0.06750466577767834,1.2622220322498723,0.036513786779247416,1.6498382119777406,2.156567908887577,0.006635715316838981,0.11113414984387598,0.5574230727782922,0.029478040624083338,-77.40230111758954,0.0,70.12181212683225,0.13263799798116924,,0,-0.007852304937172462,0.06015622077375209,0.030702958620077804,56.35027383600344,0.4159455819697407,-0.7972489351164445
441.5452404824574,0.8124151936123537,0.060675779881101344,0.06718057070843111,1.2029310932833253,0.036687549821411425,1.6192182832521835,2.200441307168697,0.00683218951792375,0.1058104372516491,0.5607067425275224,0.028251625168992697,-76.91264972935281,0.0,72.60642842985357,0.14454316869824152,,0,0.01499495199384403,0.06949844417267455,0.03153283513789784,57.35949052335706,-0.28054683148194615,-0.33538085739062157
442.3320292924149,0.8115049747664584,0.061121836087336796,0.06736340916918276,1.2095588231966836,0.0360522568073144,1.5620302349769846,2.1691671413240385,0.006658126892398113,0.10719388528989036,0.5736223496214061,0.02826165934333466,-76.84115051327508,0.0,67.81652650011407,0.11905239520529477,,0,0.006628586027965938,0.07079016439156445,0.033206192007135205,57.32297522071082,0.07925106738100533,1.4923401698857925
443.1188181023725,0.813695150072286,0.060519691226684706,0.06815773277405496,1.2257429961224213,0.036782882395133575,1.571546964035383,2.1663779297713437,0.006346616848467365,0.1074048541105287,0.5700529444633736,0.028192181949942115,-78.41871310972664,0.0,70.18861271099881,0.12027496092164447,,0,-0.008427217483063637,0.0734258597577461,0.03050212125773024,58.204302584724395,1.390683041083359,0.9166672850039506
443.8800202843639,0.8168226583924153,0.054484208271756124,0.06484105118768743,1.2522639893533583,0.03714267513456186,1.5671457947348881,2.2001164352934457,0.006713524032720052,0.10644975771605213,0.5703167661561503,0.027872937612328837,-79.24213572327788,0.0,66.21484393484418,0.12639619635354077,,0,0.0026132940267881394,0.07652482881298019,0.03274832000877743,57.34576510136673,-0.019842355396235335,-0.17400063045850728
444.6572141088342,0.8091934947850362,0.05674240828402381,0.06110213177497527,1.2580310206257521,0.03703055550018871,1.5651885551233016,2.207381645482205,0.006629363878790901,0.11073350673723036,0.7382630401463304,0.028604605996907274,-79.5545506421506,0.0,67.70889550460133,0.13123313861432448,,0,-0.0036727106374768084,0.0766517350480626,0.02756653579477383,56.681523518243594,-1.1915693085345989,-1.0007060470159885
445.43760626180017,0.8006121304070094,0.05564163448649564,0.06026072583398075,1.2291500355296814,0.03697611944197385,1.5777892292586004,2.197016304120576,0.006558545229771956,0.10996493090146835,0.8214552173600004,0.028246001232036307,-79.05759552860363,0.0,65.95633226528986,0.13225837009575303,,0,-0.0036349940461838114,0.07975801215643108,0.028615117542549025,56.73997727728052,-0.8648316475154194,-1.1351425502835528
446.17322181582546,0.7926092620662417,0.058123859104221166,0.06230029890326164,1.3523588012249086,0.037439176612460975,1.5608760561160917,2.1626246824882274,0.006706608584039647,0.11088475967166622,0.8208327489603316,0.027964141424134857,-79.60797495172075,0.0,63.19178754037855,0.16701806077953354,,0,-0.0011546101220167985,0.07592991564982474,0.02935176101752725,57.207049481279796,1.731008529108567,-0.21313988132616118
446.9408206548084,0.7815290581521024,0.059000116428721036,0.0590291797791262,1.316485282823085,0.03765828635125449,1.5551184960715079,2.0606125960512767,0.006788334684087858,0.10897096517018659,0.831728826835127,0.028373462725244897,-79.90584658177717,0.0,70.28613412252372,0.14211649745687555,,0,0.012395587932011716,0.07585022456577109,0.025098476994179903,57.20845170938019,1.3577804317243813,-0.18000699986774107
447.686031194321,0.7672974161562459,0.054851093158347915,0.061301357192867306,1.355905357722712,0.036641272009244316,1.5663408656279254,2.1536550774279157,0.006783308405591109,0.10982172103975014,0.8246648458792989,0.02814296931692991,-79.38188033414912,0.0,69.07497590426743,0.1335467923272946,,0,0.0009677953816945534,0.0779418124995799,0.023379486733091998,57.01706512010666,-0.05848771064708637,0.6809020789866396
448.4152500913548,0.7728405150074861,0.06739015305730431,0.05921556006114172,1.327718856706683,0.038805003831375154,1.5446194575603305,2.1504380586384535,0.006764620296752735,0.10677977328372441,0.8743744699867947,0.02787635092604935,-78.89628104134883,0.0,69.1375000039058,0.19019581341319852,,0,0.012832331289733169,0.08585954440563531,0.022327921772279703,56.142540126598554,0.43001270318148205,0.8679216830365105
449.1476673168844,0.7669103612319245,0.06947920936859302,0.06153960425471013,1.3533088187781956,0.0388978951120408,1.5501367609058845,2.1572304800410063,0.006801309472961694,0.10641968209223403,0.8840664258662242,0.0282494388539661,-79.279434367373,0.0,66.9924408126276,0.13970623347126057,,0,0.006797302579411772,0.08086093093785411,0.024677677815834333,56.82796561517062,-1.5140711421570627,-1.1506854793370502
449.8864811994054,0.7711966531660779,0.06934998895260791,0.06069224967489381,1.361098583537673,0.04045759469965171,1.5095274698326762,2.0921583488436046,0.006591670125740707,0.10841945832176623,0.8253192730971611,0.028326092113017197,-78.85482652059228,0.0,66.77530526826766,0.14367518934300283,,0,-0.010233182844141112,0.05296002387275542,0.01973177638890218,64.283030057071,-1.078781750424998,1.0023090869178743
450.60610511095194,0.7739009311064513,0.07146382688005637,0.06811095281309645,1.3957436061864534,0.04010636751037195,1.5192523977304018,2.0872982983961896,0.006661707466084764,0.09680989304858045,0.8038101111823149,0.027831579392128856,-79.58691801117267,0.0,67.51459561230139,0.1534388300551135,,0,-0.023609304916088637,0.055601986720613554,0.022528964462979813,65.71784750382471,-0.3576537164014208,0.5329520553449876
451.32253069400264,0.7713569863326212,0.06903352430621856,0.06805892808026945,1.2998291148889054,0.040005958209165575,1.54694949599609,2.0738247168690687,0.0067630139420610195,0.09541138270357831,0.7938950356759142,0.02791978567518508,-79.34647056753992,0.0,65.86557583829665,0.19450918931852332,,0,0.0009250147365409643,0.050808729240300374,0.018299740161518283,64.65218112754222,-0.6636698294752567,-2.3839017181963627
452.7969601305491,0.7714424859289678,0.07001364162098697,0.06827036282487238,1.3765092761168014,0.04059698515361943,1.5529591394540898,2.093928923211404,0.006755064981333056,0.0969171573503614,0.74917072207743,0.027597401247125498,-79.30993542276602,0.0,72.70995946002556,0.16714808552297417,,0,-0.0036949478300580155,0.04908546117122152,0.019161106541296945,65.02763622588458,1.4672859493050268,0.6025970699229518
453.5549639840447,0.7849458900271591,0.07136319629788186,0.07774713160750413,0.4290526550664278,0.040818332784784306,1.5742409006824585,2.0774113687226405,0.00650815835047817,0.09687318196074854,0.7784706756710035,0.026121751987257337,-79.72040277296496,0.0,66.90828807856401,0.1730008914910084,,0,0.025496183388038413,0.05062182059675431,0.023649232978966293,63.993010927781725,3.680670140310569,7.485647280019778
454.3161661660361,0.7909194866644343,0.07091372331457109,0.07817263453426959,0.4108034844198899,0.040528101836172635,1.545558752409869,2.1008414320255113,0.00659215183269974,0.09668979250398796,0.7038945435035672,0.026052783341308592,-80.55653317081547,0.0,73.53367923967988,0.16803509987380086,,0,0.03885369113978226,0.052323143256881886,0.01915706266876876,64.34207460315629,14.102786719761667,13.63268312652312
455.04858339156567,0.7874704799910329,0.06968590801724205,0.07752817315165125,0.38180146587508595,0.040409830586984385,1.5730248124226147,2.248429979337754,0.006497653563829817,0.0972349426312224,0.7111389029332341,0.02511387524899275,-77.39086712424216,0.0,69.77529863668659,0.13158546366233126,,0,0.04472657705493508,0.054094503817177605,0.020370891466748794,63.888858631437984,14.909009166360171,15.07664978064376
455.8001905880698,0.7957220045777442,0.07131861638264339,0.07812346394348249,0.3897875236876884,0.04050552386643733,1.599611111564709,2.273253473474532,0.006734474586224215,0.09682950485807244,0.6978636324703547,0.02567775852492811,-77.21621369930928,0.0,66.3882378673106,0.13297179513436413,,0,0.0440236238446681,0.05401021934720574,0.022952020753080365,65.4379877407192,14.207997887631608,15.012029374995
456.56778942705273,0.7979033537810571,0.06920093093175855,0.07899977954327808,0.426247989513891,0.04230883295174815,1.6206839132776136,2.3732444083620043,0.003454992239300216,0.09424438155565597,0.6870739081702479,0.025420631983379207,-76.8665355887069,0.0,68.66159988471613,0.11298454117081803,,0,0.035262399252629896,0.04927831384413476,0.023204176659527058,63.675479422017624,14.528326498232927,15.794105071237535
457.33218993753997,0.7945219171289194,0.07153146179452773,0.07840032802475604,0.4114655459579404,0.041853559841492576,1.6284848203064886,2.3817307476250407,0.003310940852229513,0.09686306049860928,0.7079449154952221,0.02642791417048487,-77.72317716353813,0.0,68.56139394523326,0.08765381213004536,,0,0.030943032953296663,0.06479394954616147,0.03480780636615189,64.87020825968563,13.646040768172831,15.386489302058617
458.125375404489,0.7933900220673197,0.06816334713329836,0.08034814524794233,0.42535660616403964,0.04275838121203082,1.6558881426901402,2.512519403280994,0.0034493390307569548,0.10449926851653153,0.722883810433276,0.028045477017529918,-74.87984221317716,0.0,64.47932832931423,0.12228884810406639,,0,0.050476943448486467,0.0647614605297332,0.0325824625987392,64.79079070478296,14.55929370840022,13.104499667935574
458.9057675574549,0.7959215307783178,0.06967782795065039,0.08004149590808433,0.44944406159873695,0.0426237628984418,1.7639163486127454,2.536253067063139,0.0035222006163239516,0.10775417542417995,0.7217099566024423,0.02854037454072089,-75.46743157137202,0.0,68.2839276703862,0.11585795814947515,,0,0.032961353763016,0.07003904910481137,0.03402386483111288,63.33553044504593,13.893531792187623,13.830811685920553
459.753324608832,0.8028573366263785,0.06819336525217236,0.08056305257803852,0.49998809483054973,0.043130590659632366,1.7610742606719412,2.5482271658844007,0.003316193651063647,0.10632121442166079,0.7322645347125699,0.028387969107773702,-76.03653848574382,0.0,67.3462585287914,0.12018377382426121,,0,0.042289666917882836,0.06686821364737393,0.030347213796385202,64.80821476284899,15.015011326014326,13.36262083975187
460.46655186338694,0.7936453027317864,0.06936907186000983,0.0840410825997793,0.47094733194486676,0.04354412889900304,1.8141666390319124,2.556229242127708,0.003411481079251913,0.10763583566559308,0.7447381773912509,0.028011166141820993,-74.68583266550516,0.0,77.4373582498375,0.12116590585866692,,0,0.05232975634372309,0.07288225860401967,0.03556705316602217,71.26004091006762,21.386863336892386,13.317320660698481
461.2309523738741,0.8061812289603368,0.07438712579428787,0.08556847548584867,0.4518013634704607,0.04390181093775348,1.7597333655884346,2.5511685049413075,0.003439892439696617,0.10690721012456988,0.76479124027658,0.026240253462421842,-75.2109327197509,0.0,73.56917302488569,0.12242222671769729,,0,0.02287295929518312,0.07667164931821267,0.035113730896521,71.57628948113825,21.25890502200469,14.48949285597618
461.97936124188254,0.7994169592056578,0.07300890453410322,0.08830647225014801,0.4754108131032073,0.044541266003446676,1.7683334254759797,2.5087970150108894,0.0033367258499522327,0.1054213361653386,0.7503996654460909,0.028124504192305076,-75.45246664333922,0.0,70.69857973250373,0.11684231828794567,,0,0.05208512945783998,0.07548217163319346,0.034457328426794595,77.4395804515034,20.50845688740855,15.861689491320027
462.75335673785696,0.8048302526281385,0.08854763515658053,0.08653705278944276,0.4824786303439474,0.045115814414199526,1.803810894042817,2.506483862314242,0.0033360687270079827,0.10907261546032566,0.7468346670889103,0.02760361263448817,-75.32773783377317,0.0,73.53771862721293,0.08394622212588049,,0,0.052662093479471525,0.07558375098411918,0.03279359397128235,78.16263113366871,22.339299612276083,14.80103018164242
463.52415390533565,0.8002056465220357,0.08963305808161959,0.0874368238933405,0.4735463596114915,0.04519077240128206,1.7989545344332623,2.5242583334959217,0.0033736878309400015,0.10738669762676814,0.7553230317162845,0.02833721068029171,-76.67384292355685,0.0,72.36450790648168,0.12337224310955959,,0,0.031897561526306885,0.07519485140276319,0.03544538706054562,78.75955882530867,28.342301359523283,14.138966004105898
464.2821577588313,0.8042830621993178,0.08964226054806003,0.08708409234877715,0.46668015688039116,0.045494179846122876,1.802283058140057,2.5222493895895584,0.0034466416430569947,0.10511982589072731,0.7578370176095265,0.028192590086427872,-76.57123962853309,0.0,64.30911846108451,0.1117568331850095,,0,0.048190519969969745,0.0764862397933378,0.03424030764089693,78.94161240347087,29.175580992419658,14.850556457879778
465.05295492630995,0.8025193091935497,0.09052052370041588,0.08855087015316286,0.5038827557311938,0.04448868726407731,1.7400801290262158,2.5183767305358455,0.0032069566089546722,0.10568331407236899,0.7610604341613677,0.027675062130235854,-76.27782211355209,0.0,67.9158566493696,0.13878375032920637,,0,0.004751028441716764,0.0756447327645709,0.03247149781478839,85.51556728447916,30.28453165782134,6.768126106165485
465.8557353787463,0.8040249049361659,0.09740625618676832,0.08895060698988622,0.530768442169092,0.04540232438223847,1.7494338685112611,2.425061718370408,0.0032554609212942925,0.11071308744679932,0.8239401659437058,0.027602609643850248,-76.58830821313671,0.0,72.94285564442879,0.15733094567373296,,0,0.0005565758958433564,0.07039087338406183,0.03333654810693354,86.45431913820585,35.73224870011868,6.992705350113334
466.6073425752504,0.8047053055732231,0.09623752493957181,0.09034905146305593,0.5101717368494273,0.04550521493658034,1.632708833152254,2.3605356905556203,0.003344071706510476,0.10883428808240887,0.8330715325224612,0.027363054059754845,-76.69023931607634,0.0,72.5061098013698,0.1266977524279515,,0,0.0002126030413783452,0.07314555652012396,0.02898140668898041,86.60814078508348,35.04967975488093,5.693509756634835
467.4165196846783,0.8060960428699689,0.09576227469851883,0.09279925074155053,0.5252093553985475,0.04521186424588883,1.6291383281234058,2.3674806374638857,0.0031506834533767017,0.1067303990262553,0.8280704160616381,0.02720891810257173,-76.66417932509128,0.0,67.80478193875189,0.1316838398164921,,0,-0.01005805585171043,0.06228973531131111,0.028421862028510783,86.14019587839331,29.271512661430233,8.761446115244933
468.22249846561044,0.7899766211317051,0.09590585361872743,0.09309343120433757,0.5441760913080639,0.04548688054319534,1.629367873055268,2.4193924013547674,0.006580152344100436,0.10810336244838452,0.8360873961292926,0.027510564571098253,-76.55510807055526,0.0,74.53731483367834,0.14069576491965338,,0,-0.005140869220433396,0.06876550850129139,0.025036314297267687,86.20533532532863,27.867539979657614,6.958382508558975
468.9837006476018,0.8002799747408467,0.09483767977199768,0.09265811240867645,0.580995514292849,0.045235990148766156,1.630929232539241,2.3664271368510748,0.006748193407110959,0.10597598962669996,0.8358850137940385,0.02724499565694027,-77.07917892832845,0.0,73.86538760840297,0.12334634926686232,,0,0.011333572492430716,0.056160699706403486,0.02930397584009429,85.9725571751107,29.35107691954098,6.911433647546699
469.7544978150805,0.7860486918765582,0.0963490199756866,0.09483286124338883,0.612264270776746,0.044059553939268165,1.6220199383208178,2.356645910667396,0.006594146140862498,0.10968875478633668,0.7933965331159901,0.027753753428509692,-76.60723243499149,0.0,64.49985956819664,0.1331831817250106,,0,-0.0006052993189620985,0.06066220122028958,0.018953323026205608,86.51530397743483,28.819828954178437,8.020282631639459
470.5156999970719,0.7915340228600255,0.08607459790522626,0.09216191817863839,0.6855593525301963,0.043541409301138,1.6207230740316612,2.3665427263708145,0.003360769850457547,0.10930486590466838,0.7606777406329861,0.027390147315428034,-74.52840434748768,0.0,66.66803464829168,0.16470581448598284,,0,0.00832001798080573,0.05052514203665442,0.01990698887241855,84.85991193174243,27.52179890565276,6.97026703624944
471.25131555109726,0.7909407477149158,0.0772451240552083,0.09236642030227853,0.6200077222427325,0.042912656990976523,1.630055010132932,2.298887083556371,0.003292594685193835,0.10994938801111341,0.7594479953497363,0.02712857098154534,-75.28453969778415,0.0,71.06192239621016,0.20582162854702787,,0,0.005196593499162112,0.05011456167312833,0.021979335888409626,85.50094783989437,29.253363569692084,7.646054947967392
471.96454280565223,0.78682052007541,0.0748954714562732,0.09319597120609913,0.7176562624671182,0.041547175367798714,1.6219839313458553,2.3790433783748766,0.003263405652776224,0.11042231971146452,0.739410402563326,0.028082819226445944,-73.22792874513819,0.0,72.83965874482429,0.16148665954119817,,0,0.0053551278393786554,0.050771000344632736,0.022910791872764565,84.94293541015026,21.125806450625323,-0.2295604236282655
472.72894331613935,0.7968915132618183,0.07640097073748552,0.09143143381365845,0.7415238907779298,0.04080957094380409,1.6331162143285958,2.366477687256173,0.0033579139154364,0.11143423333940342,0.725630563363548,0.027941048086758735,-71.35761291711235,0.0,71.32077264230702,0.16675822871419174,,0,-0.0027550425969022473,0.050894090216664495,0.021576293291769955,85.130377494045,23.284208011958647,1.6773233561478842
473.4869471696351,0.789017348621307,0.07894383393052457,0.0900647343522904,0.6315223019743512,0.04339594968253469,1.6986543176143285,2.341403367182221,0.0067042233006044775,0.11006222814721323,0.7538600230894404,0.02684921206824299,-71.8431497841419,0.0,73.3708188313217,0.15778302173509426,,0,0.005011561779598587,0.05216492692388371,0.023745823056099388,85.90904339855456,22.46796287494103,-1.0988078029457513
474.24495102313074,0.7924408702490897,0.07377393339701835,0.09160896815467238,0.6930155675209866,0.0428962600133397,1.6266860443114888,2.361682487234593,0.006767693599422869,0.1111582150446628,0.7516745110246318,0.02730947034658524,-73.06031991213624,0.0,71.38837875607338,0.16083914746283842,,0,0.016358317401558305,0.05158655630180976,0.022925849899995635,79.19689630618896,23.18274342311474,-0.5948719180725176
475.01574819060943,0.7869887775949358,0.07367413728417888,0.08452404169992009,0.6748080916771394,0.04262427975483272,1.6955502799258055,2.400466860542878,0.006436044644767187,0.1074170845682502,0.7524059825880012,0.02710288073021578,-72.66404218491883,0.0,71.97636866228808,0.16018901455734647,,0,-0.016805203416375827,0.06049779339998035,0.02463749428459857,78.99328885639673,22.16757726419375,1.1542944502013555
475.77055371560937,0.786875833789337,0.07229596060009927,0.08224484217281504,0.6666445881715358,0.04299914755130737,1.6966520446252438,2.424337957727908,0.006549117674456561,0.10810912632611913,0.752084353816078,0.026570845431341736,-73.35248041939631,0.0,68.66998186397444,0.17036918281333377,,0,0.02282314066617174,0.06198502922271988,0.024161926367860905,77.77719730298259,19.661631332761335,-0.5137953368215966
476.5445492115838,0.7864958206559197,0.07257977078409981,0.07859902533960389,0.7408532110392537,0.04174047178080926,1.6959846769495177,2.3404047726763944,0.0032832091098003863,0.10578232745192233,0.730718801782525,0.026865735351488212,-73.01625923305588,0.0,69.23643143284251,0.15899697226324996,,0,0.0037072077261754164,0.06863080895045347,0.02230121712606208,79.02782540051388,20.595831836006987,-0.79940221799577
477.2737681086176,0.7673774521557792,0.07275471736766041,0.07814624230028241,0.6493171756717075,0.04104751164762208,1.6849346615729044,2.3538872832388207,0.0033002062594298578,0.1083399119076943,0.7327899511297512,0.026531841326012173,-72.7431148475866,0.0,73.2752871079183,0.14723583493484557,,0,0.010389466375286042,0.07184070530804687,0.023324616959184898,77.98180000256785,21.45657026893916,0.07856943939565406
477.9933920201641,0.7668005969386519,0.07311548454299849,0.07759817916225135,0.6999476087208164,0.039722378577556935,1.6580804422931534,2.349010044475082,0.006695843872363119,0.10730400762965198,0.7247660372140113,0.025427145126357957,-72.93473786025312,0.0,72.95675999056827,0.15703159644381187,,0,-0.004170290509404937,0.07414627981645026,0.022176634793487603,80.13281792407552,14.599364490174754,0.20586791584931233
478.71941258870214,0.7563511654982467,0.07326729500128078,0.0761135260926372,0.6508831511187295,0.04016859575076029,1.6517427715362976,2.334128729149259,0.0065547248361646415,0.10723053130677387,0.768332117982833,0.025086371416544993,-73.84196534318818,0.0,70.41142063543155,0.15078443217941198,,0,0.00683093756520316,0.07280818290388776,0.02396322567097792,78.87565205674342,9.36148131980565,-0.921818959115296
479.4454331572401,0.7608353847524254,0.07213537816899614,0.07488095213161901,0.7159499484259303,0.03962795666673163,1.6468590825192386,2.372509603734678,0.006801863348499252,0.10780866200410645,0.7807362716095094,0.025098306624487206,-74.31017296198851,0.0,74.72921739387492,0.14762181698332297,,0,-0.007950680901913825,0.08786000409486666,0.028176322661794005,79.47009648244507,5.318873654230433,-0.40791617453126705
480.1650570687866,0.7567257402860997,0.07140513936588484,0.0750582527627786,0.6988921310045016,0.0398790937777697,1.6475015325539906,2.3727626952729453,0.006938510398047675,0.10602651276706603,0.7933036232956833,0.02460270170998389,-75.7998538981183,0.0,66.85553991102807,0.13502967820679568,,0,0.0046687518175443764,0.08672920567689386,0.023361738430268078,71.3668182099113,7.869807836603091,0.9711852682626656
480.8718876663501,0.7598599194078469,0.07376842049842768,0.07415890113915678,0.710685322060894,0.03989699278435093,1.6079585511232524,2.250501004366389,0.00641159368225439,0.10476217399560458,0.8601471658294316,0.024642411409556204,-77.85974282892187,0.0,69.73112548647177,0.12349418548142975,,0,0.010443475195606509,0.096213800707,0.02656728523419112,71.39805789903788,7.607893212428693,0.5456572014123383
481.6043048918796,0.753587953076354,0.07651614449384202,0.07548719267420549,0.7259639548450293,0.04000802141341587,1.6013158361722784,2.212081388753089,0.006768443501742356,0.10853665771908383,0.8731179155943712,0.024156505947166163,-76.68690535300729,0.0,70.39658022892888,0.13428749206767232,,0,0.001404967306889504,0.09764721627185155,0.02300346324937147,70.92410142006655,7.9469228502494,0.4762190281544112
482.31113548944313,0.7534134684237653,0.07419601062025569,0.07276466054901082,0.6718698402696734,0.040277796658120785,1.5487019681117904,2.1691472629760957,0.006712629535088166,0.1062913624036866,0.880403596594859,0.024882893646949553,-75.17564022434765,0.0,71.199222753259,0.12325632261009721,,0,-0.0023594743487408347,0.09720499013427467,0.02652004210578051,63.354186038166134,7.841913300500535,0.23960188553949008
483.0371560579812,0.7638426351845593,0.07178816171556117,0.07256344722209743,0.7329862663667868,0.0394899486225999,1.546216999382319,2.1822108818727997,0.0068285517337542895,0.10723108763330491,0.9010408986304949,0.024435188005787024,-77.04640513112967,0.0,70.52518233197726,0.137849611515971,,0,0.013155270785598513,0.09669396653814084,0.02660955960175107,64.2632576357176,6.06652960545967,1.2554574644037408
483.77596994050225,0.7704378323864299,0.07730138991408729,0.07295974713299501,2.3360081708337037,0.040270982229020834,1.5485465603632467,2.14971923909172,0.0068176069704035565,0.10672460441463412,0.8795724885256725,0.02517359840542446,-75.79816621615701,0.0,67.26708317303182,0.15014739295561624,,0,0.02345979878040688,0.09785290836345997,0.026300075855340613,63.665015136107215,0.8393084232361836,-0.40756760060211095
484.5179821515191,0.7609805869117426,0.07628050935559193,0.07384840789982272,2.289015407928144,0.04027310361817694,1.5419896795264638,2.18123060373118,0.006726085544283852,0.10675620424377846,0.90841350062089,0.023939814701365466,-76.34772694122411,0.0,68.01304960917207,0.15683956644000766,,0,0.017322099876614948,0.09535423050857006,0.02715784334976078,63.23165232418189,-2.371579051429618,-0.30431182955639524
485.2567960340402,0.777588948943773,0.07673956129384422,0.07447531707338388,2.3079127803609256,0.04041595630945623,1.5664842240749863,2.144028680999988,0.006701094578414987,0.10721290367250201,0.8763495187086389,0.02488549026273215,-77.19155484999919,0.0,68.86609815036927,0.17171213872478625,,0,-0.010191031277569125,0.09111833335764648,0.02653556892728502,64.63177540375185,-0.13491497412523912,0.6883679405623787
486.02119654452736,0.7847258349873755,0.07781712698067658,0.07539846253308806,2.390871296255523,0.04009039260607794,1.5681747504390187,2.155042282846218,0.006770080550539009,0.10572315675840416,0.8871462884710839,0.0254272145644275,-77.50715353080545,0.0,73.87918680452704,0.17535416426643208,,0,-0.015214811273444071,0.08634269442408692,0.026912504529432033,63.270163279149266,-0.4577957404496374,1.3490711604413599
486.77920039802297,0.8003183510281344,0.07702150295508817,0.07622957545736343,2.3968889482534914,0.04061036293078052,1.602592326653483,2.1905521653661677,0.006573914441991724,0.1077398455943618,0.9033754773292477,0.02553728314220414,-77.06948757541815,0.0,69.784116179468,0.16370262319132248,,0,0.014271809201130114,0.085934300998933,0.029598179091604435,64.40868301804795,1.4439152893208242,0.4959041357841637
487.5436009085101,0.7978443506745327,0.07554196156356709,0.0761365862252386,2.3778146685805606,0.04046574523717489,1.6079077711198126,2.182895671121051,0.006688861078276168,0.10676338021775844,0.8993241339850778,0.025490821553784522,-76.26088651635135,0.0,74.31394378672479,0.17370714016582764,,0,-0.013758706481254348,0.08586479743364729,0.021857999373083494,56.46779978654133,0.526988045028529,0.6147457259875245
488.3143980759889,0.8055406090322753,0.0781919479426536,0.07572809680693236,2.414584943775485,0.04076956803785486,1.575788481648193,2.096719414991318,0.006774608043738694,0.10670935087076494,0.8661502498323016,0.02596523058074385,-75.76351615720189,0.0,66.00697617212359,0.1513403662915907,,0,-0.004149270130207208,0.07471177930058927,0.019348067752876175,49.69802947404677,-0.7941215548278637,0.9969856905292545
489.0915919004591,0.8154091500769739,0.0749589348288011,0.08301969092977504,2.436055842435298,0.04101938944987813,1.5807336883369612,2.119648389987777,0.006804911179991391,0.1070244669808644,0.7952041918168768,0.026262395959924356,-74.64646807522038,0.0,69.75049994707024,0.16690986311113737,,0,4.510728191103099e-05,0.07205946690461594,0.017933530627805366,50.21085975672233,-2.6622955875564585,0.30375560940118257
489.8783807104166,0.8132178020077586,0.0765669847760975,0.08297858259017322,2.393947151386105,0.040630300013945665,1.5735753840081896,2.251586253399306,0.006570389751845507,0.10857768838461614,0.7973695800309364,0.025224961275053696,-76.21473788541647,0.0,67.59123946438272,0.15013806825163162,,0,-0.002010517500773641,0.06888160029802061,0.017004527111814206,50.022572360870136,-0.6816689062046688,0.6592761664390336
490.6747645058614,0.8135081229333887,0.07612808037807887,0.08452185078991963,2.420940572948002,0.04203226806260448,1.6048502981888655,2.264772944507157,0.006607953871136822,0.10706833553737803,0.7958044097665855,0.025638861660970694,-76.71697306674326,0.0,68.43265235927977,0.14671088776260213,,0,-0.007204852887808064,0.06344837441023751,0.013195365534674531,42.12473223761518,-0.5879574550163904,1.514553336727847
491.4519583303317,0.80745461015122,0.0839629896748024,0.08482775551542417,2.4084410642108005,0.043205632509188754,1.6120961086158458,2.249165610674428,0.006814015326395518,0.10599343795363146,0.796243010918106,0.02604584674556318,-77.11473007376794,0.0,74.66005361415185,0.16720450279759108,,0,-0.010717968910006332,0.05782027994261355,0.015093550868261911,41.46574778679903,-0.47594034677374475,1.3297840288955143
492.22915215480185,0.7969457652807764,0.08299747047564432,0.08370979977259911,2.412085263364921,0.0432772178512533,1.633246325586786,2.2597280854476534,0.0067129551626286905,0.10691128045040033,0.786494780975958,0.02660306241222932,-76.91372938747088,0.0,69.96076012016908,0.15771489996392205,,0,0.02418617034941561,0.06376305803859987,0.01362370378953136,43.027226835932765,0.06113098273101833,1.72603608884969
493.00634597927217,0.8118809372990369,0.08037559474902267,0.08579682313266203,2.368793610952582,0.04263185046384115,1.6441350837938504,2.2405948411578778,0.006760384578338059,0.10739156797171256,0.7879900547904457,0.026646498853812095,-75.61215531996996,0.0,70.43907106496293,0.13846217210442816,,0,0.011886543627337348,0.0617472175280657,0.013802090086837858,42.65326814355202,-0.38681301141860847,-0.9494354577914886
493.7547548472805,0.7784001118981071,0.08594048357333027,0.0859692412088066,2.3624293150446607,0.04365201860082893,1.6535533535768268,2.2184296836272748,0.0065909123645498165,0.106910177216109,0.7951989538766973,0.02680696359602223,-76.40871555838116,0.0,71.57851032005551,0.1504874455077433,,0,-0.015204924878639005,0.06023656801267075,0.016196354115270328,35.49528435183191,0.5123292579020072,-2.2612611619704674
494.49996538679306,0.7727532614625703,0.15003840802373836,0.09242595226109257,2.3692910323435705,0.048746748984414424,1.6174800102607958,2.1279693317258057,0.0066754875047193235,0.1077816706474234,0.877518224646501,0.02710658831638903,-79.38699975330792,0.0,68.11920481449312,0.1588340490514653,,0,0.011184771537577824,0.05991277554097625,0.01627059070660856,35.35193918063787,-0.7286608093974825,-0.1308639664069381
495.25477091179295,0.7771161396730114,0.14966587798175884,0.09969411155624872,2.405106383837816,0.05022984957260464,1.579368032452777,2.102220492812683,0.006738048723065277,0.10669899882596266,0.9017491874728908,0.028131693631596476,-78.30087727931233,0.0,68.58113053270222,0.15267890753531405,,0,0.0020207377295882434,0.06421588233785902,0.017925983308310488,35.81921238915857,1.250675909095757,0.03945167564599022
496.00317977980137,0.7744969850111499,0.1502722224607645,0.1014460061745726,2.394955955413864,0.050419276885831255,1.5891214205262525,2.1341518108288464,0.0068252773221234315,0.09939697154464479,0.902613943003661,0.028154079553597926,-79.12723892505936,0.0,66.3459658798573,0.1618268827448928,,0,0.00951764249023888,0.06236598247841288,0.012845691455117903,35.835423590300834,0.9569234856812331,0.059199715053428845
496.7228036913479,0.7888040494014535,0.15070091461121277,0.10272570781062873,2.2143186732039735,0.050267555074296325,1.5710351376763383,2.121861240117569,0.0066462160093579145,0.09619740280422097,0.9153098369414318,0.02744450140556254,-79.76183549015119,0.0,75.49718708315157,0.1612162215600683,,0,-0.007379441008714844,0.056544378380182586,0.013487355321903201,35.30148241859277,-0.7076998851982367,-0.45883269435746543
497.4424276028944,0.7490801537866913,0.14944657003218628,0.10507308636599166,2.0335112259256505,0.05094348167865303,1.5539335655774587,2.122936267248266,0.006558865849235475,0.09511218392928536,0.9166639184141884,0.0280601239368311,-78.7122980053501,0.0,70.05989673506087,0.15992257345140287,,0,-0.015414250781586975,0.066218322450155,0.015307709478219468,36.146715359808276,-0.18306271360434204,0.3461505490055376
498.1620515144409,0.7479877287429406,0.14706008659077485,0.10967476808771483,2.1428375866121554,0.050332697519056106,1.5675532620219026,2.148678067282245,0.0030507411228593694,0.0929584397922468,0.8828215862990215,0.028569362514386354,-80.02486044035416,0.0,72.79283176404955,0.1604862796412436,,0,0.0023739453622550204,0.06333911853476729,0.020132903192344044,35.94248735527175,0.4260166354870341,-0.4766018175859264
498.87847709749155,0.7469212314730386,0.14394686448567845,0.11674493996189589,2.069623009818817,0.049009949161359305,1.5386495345263016,2.1481699950738493,0.0032095812978958217,0.09394280550373868,0.8615702679782147,0.028195881108719994,-78.71985448036885,0.0,73.17206797383962,0.15211947844377155,,0,-0.007433693749619318,0.06407488264005555,0.021634822212177166,35.2164749201037,1.4668137126600191,0.07621073838034295
499.6236876370042,0.7475610567946461,0.08125122401499642,0.11578172684140058,2.077643323391583,0.04322884926623398,1.5404795213823996,2.137939024087855,0.0035771529508959697,0.09225561449364438,0.7706015945162029,0.027891208505536898,-77.44748197343236,0.0,69.52324616460976,0.1470791807917802,,0,0.012164483354987425,0.05965590532781323,0.01883937771039247,34.60692561491526,0.06017154570798494,0.5320844396071319
500.3209232490804,0.7505165718260766,0.08054411768426911,0.11495870504469077,2.0850391432223403,0.043031362890521195,1.546849090666297,2.1557794335299993,0.0033057958647476327,0.09265785420680582,0.7748987024861755,0.028566069599266112,-77.45229484020109,0.0,68.95471745210972,0.15347868435088385,,0,-0.03108817509977889,0.06901345527812042,0.017544196479392662,43.73207120472442,1.485794716797312,-0.18748846994540816
501.02775384664375,0.7467568510817193,0.08101298091882096,0.11694520603756901,1.9449757082726207,0.041645716507772636,1.5021952629836761,2.0585625854481724,0.003355333094670312,0.09522966926118419,0.7491081577470695,0.02830600911410634,-77.0048788173223,0.0,70.17502874527501,0.1592249910339384,,0,0.002265126513057436,0.06277228914157325,0.01984095606136494,49.82897402834758,0.3601449345527904,0.6541238159844026
501.7633694006692,0.76208448316816,0.07939406333890227,0.11546943942814043,1.7430360865322967,0.04146305098828014,1.5118098843123777,2.0600460318938953,0.0033283575717181846,0.09347947273178475,0.7503469895744445,0.02693221232788275,-77.21863808208863,0.0,67.67635608211965,0.1424346385821908,,0,0.003512499155728148,0.06299262145564927,0.02468884626827962,50.009059251232365,0.12839888486309367,-1.0321599883655224
502.47339832672833,0.7666926594874212,0.08180401710775273,0.11818877816724103,1.5535189973650696,0.041588738394328764,1.5057758948245648,2.0678119875008956,0.0033154703462020185,0.0933181943949197,0.7321055556253463,0.026830495226020754,-77.46875872348068,0.0,69.4840915077218,0.12223077331126624,,0,-0.009320794568955546,0.05901603449803138,0.025785679924796308,48.84143289863664,-0.29326523620718,0.853441774599377
503.2026172237622,0.7684705626937469,0.0799672954529113,0.11230146201896372,1.3991776260998436,0.0411757887725454,1.5449758328861773,2.0552858808051333,0.003408169199320143,0.09545037013581162,0.7406132364819918,0.026531858331941705,-77.36040624141783,0.0,74.04680737607451,0.13226570505691365,,0,-0.0005707577566966624,0.0632735516924846,0.030259453588899216,57.37058661386443,0.5145432350902306,-0.6097417053681868
503.944629434779,0.763581987677151,0.08094433163288874,0.10943465223333769,1.0832814777837023,0.041353981547455294,1.5026739743608586,1.9906257887266716,0.0032193160473745755,0.09146865548047853,0.7293319079665226,0.026707777587931157,-77.56646091180816,0.0,74.31933024136976,0.13584393180418414,,0,0.0024856775545757134,0.05790963807022639,0.03068906275970871,56.696225338441586,0.147121135035072,0.5529199445671378
504.6834433173001,0.7703820219135935,0.08149224975710392,0.10668550541393061,1.0257614159826436,0.04342257362217731,1.5727522841512394,2.059205930918214,0.006474102584057779,0.09321638573734779,0.7780357271822335,0.027241005776821522,-75.35270200570476,0.0,74.61600754602276,0.15156558582694768,,0,-0.017584821004964127,0.0569882307522664,0.03152028634490505,63.586258554494,1.7020964464818273,0.3231055868016424
505.4286538568127,0.7728827347645602,0.10960667404199889,0.10184725388317054,1.0069933258958028,0.043371757884099374,1.505112494493865,1.988112727020218,0.006872717396605913,0.09238876876887302,0.7568528318803116,0.026851039921498985,-76.57437702501278,0.0,68.20697898756038,0.1588843159723086,,0,-0.009307700237475975,0.054542895391949786,0.030177666272676044,64.5283924016537,1.5936939217892214,-0.3712173675355775
506.1834593818125,0.7580212420935207,0.10733190078814386,0.09849237133619955,1.0874401591210434,0.045122500644977456,1.4913841433832398,1.971842491032133,0.006669603452310533,0.09158008181864646,0.8002589856745786,0.026453842219734774,-77.41186815425213,0.0,75.45532198183265,0.15025566952978983,,0,-0.001771215190019457,0.05547163280411051,0.034415255303460866,65.15252435372818,-0.04476900785724805,0.23938827851325256
506.9222732643337,0.767607917870751,0.11057155719771657,0.09671457735072575,1.030882075331182,0.04498407230108327,1.4782188330910657,1.9748328865697493,0.006758406682394672,0.09277195589426429,0.8246994528071899,0.02587495400868046,-77.4592767098386,0.0,70.89475391806441,0.1605265842980925,,0,0.0008268983843042108,0.05781411195583201,0.029884559973573907,63.86914068066936,1.897245011366953,1.756152137767076
507.65149216136746,0.7665896298096329,0.11352401057786876,0.09722686420242015,1.0409806812389795,0.04502529910264555,1.4751861521732919,1.975246376353155,0.006841243984018561,0.09461938834399967,0.9450597274861855,0.02560065480425469,-77.63715312315846,0.0,67.01672268140494,0.1685876780013638,,0,-0.0051659579763265705,0.053488652406361054,0.030682592640026013,62.99105441046254,0.7269908664977214,0.821391867325565
508.3647194159225,0.7695149258479227,0.11414048929743177,0.09851037749748096,1.0100338561858653,0.04570299261952354,1.4760525247694847,1.9871918748930626,0.006476690388665902,0.09407445414464849,0.9464849078467353,0.027445997973137456,-79.28167876902913,0.0,73.48114786205542,0.15785471282702918,,0,0.006983427529358116,0.05419577457330134,0.031486470514878045,72.42189864897007,-1.1200282778734587,0.520727416630662
509.08434332746896,0.7615057932229418,0.1129659724611768,0.09837697189026269,0.9996744167610438,0.045687691579958174,1.4730009746343427,1.9520794220196949,0.006439727132084955,0.09499224839458713,0.9419695429646145,0.028001260891246826,-78.8178195891196,0.0,71.33509599272466,0.1931069368927207,,0,0.009300030227159294,0.05460110562702295,0.029158979059217393,71.84370457453697,0.6956919222959055,-0.7378827532998578
509.7943722535282,0.7670332620371034,0.11458847562117977,0.09695554576832036,1.0372906412316163,0.04552845836131951,1.4796377225368254,1.9714849273863682,0.006512669055035928,0.095480926994704,0.9494164518272027,0.028171218081143524,-79.2108668558791,0.0,71.88959857463718,0.18574975222901458,,0,0.023266287311694188,0.05178116314612728,0.028508379044799328,73.35308504604411,0.9835785574967085,0.20349912800482234
510.52678947905775,0.767093790615296,0.11206129738248893,0.10005401042908367,1.0527410368146262,0.0452688746991406,1.4766909135636177,2.049383218309344,0.006478189169320688,0.09204520246408646,0.9567605091535449,0.027948429071808337,-80.17528279465589,0.0,71.04452930922383,0.18967156887157577,,0,-0.0012546398741238459,0.05191689470303813,0.027483670022567935,71.75643225212535,0.8722931946271043,-0.25939275516153254
511.25600837609153,0.7653217294487129,0.11341148100283117,0.10514721643518217,1.0053646649384016,0.045857500947590536,1.4785149791008945,2.1764167714299565,0.006552789102230277,0.09187383804236281,0.9325138758090776,0.02779954288021307,-81.156886343074,0.0,68.7161952332307,0.19727145426478068,,0,0.019577442003756385,0.05742465063398996,0.028168140699944243,71.07218605232241,-0.2539650490636341,0.20179738131782218
511.9916239301168,0.7586971648933271,0.11399881615048181,0.10706357382818717,1.0784149210046605,0.045772304524694954,1.4883978608807673,2.210159757044405,0.006665607419766591,0.09430803617436416,0.9546601520950704,0.02790409460032884,-81.64400323563952,0.0,64.91601503470237,0.20124015951685537,,0,0.00036331357621391337,0.053540299869177806,0.02690561329385938,71.41811323060877,-1.345863928555713,0.23649563398982587
512.7496277836125,0.7593728908355298,0.11214434305918243,0.10724558010643384,1.0212243323140775,0.04486842507990871,1.472910079564222,2.2265657239649754,0.006843059777743349,0.09486044431689661,0.9527500252438071,0.01987376354836597,-81.90307140179848,0.0,76.07971401278836,0.22430375571575156,,0,-0.008549121957034047,0.05880156030748774,0.031059326357795677,71.82672124288314,-0.5456576639706565,0.17029038781014158
516.3573423268323,0.7591233581744421,0.11013380342711816,0.10849957733348924,1.0125222238116935,0.046387558021334034,1.4719627420192014,2.5294234032159446,0.006669352609090104,0.0941312046445742,0.9542539659223409,0.019667960588937803,-84.84793618036741,0.0,66.82808743029685,0.27707261126987653,,0,-0.0025877420096215953,0.05731187463964096,0.03150427810645996,71.30822626757258,0.47190378257030396,0.6313520911675986
517.2112960352008,0.7813745665707765,0.11198121172408318,0.10611910495994216,0.1572183146653809,0.04567364964712588,1.4211867677195356,2.6821426185649972,0.006351322953744874,0.09318318711260296,0.9370584448659968,0.005834205800844725,-97.24209975473079,0.0,72.5659915330696,0.33611714645262575,,0,0.5584502861620708,0.062045829860544494,0.035110456084394545,72.00908836036936,7.310103765037411,8.246104953686633
517.8861433478066,0.7848459775234666,0.10294314720193805,0.10603300804994997,0.10767988334040628,0.04574509411961215,1.4624115002113287,2.704204776194602,0.006849859104261633,0.09382597579876883,0.8518406459990157,0.005424249801268514,-97.433484430491,0.0,72.34883107530409,0.5049393301894908,,0,0.5604089142591071,0.09845714718891395,0.03224644518073013,71.18825621544286,14.934794137849806,14.738211734768818
518.5833789598828,0.8906346330296064,0.07063813443963189,0.1049131006501159,0.15619472866589476,0.04576773753770271,1.4252014818066079,2.6916686758065214,0.006675640711639194,0.09169736647665612,0.7429354292151678,0.0004092969472555571,-97.53314177727268,0.0,70.77504358470176,0.5647536302103308,,0,0.5437360744515699,0.11036357636900605,0.036529360573192365,69.99083258960081,20.885647466631617,19.265332280183816
519.4597209677216,0.8896964535334665,0.07016236003457361,0.10174103895920698,0.14513738963494802,0.04533677901021617,1.4138142501881532,2.686045793545157,0.006580754314349357,0.09232430445718119,0.6736895030565834,-0.00013391302674955804,-102.99609714026755,0.0,75.07156823087662,0.5679059666341811,,0,0.5570295351648431,0.1332102307495352,0.03636146592876402,79.80296901812291,21.973041154179693,21.601683907314026
522.4213731547975,0.883870692746346,0.06967160500393056,0.09989097712484946,0.11265095978539019,0.047895328177518785,1.291022991272738,2.700530826283989,0.006766685156277189,0.09400586458846084,0.6602503953381196,-0.005813303740077748,-119.03625663916868,0.0,78.83276827605862,0.6061555778484731,,0,0.5730828284955223,0.1406757480997321,0.030755702254938087,79.62074681168882,30.420915169466575,27.05996932017217
524.8872844250302,0.8910097760688993,0.08965470619223864,0.09687851450224844,0.11076711977665765,0.047323270556409065,1.2873888281321626,2.7173924759866517,0.006570908204638778,0.09427185940602555,0.6794909804785784,-7.039186781741569e-05,-116.09671140072658,0.0,73.05485687259048,0.6340354434124769,,0,0.8319176995206359,0.14991737807728012,0.03386230743524265,77.59257577019154,35.59939820630763,36.695958387240374
525.4501902402843,0.7775586989060426,0.09150681860399014,0.0968658869891238,0.11604227825716547,0.047573868230394806,1.2832435243100733,2.6403658461737165,0.00656260557192944,0.09392811898210389,0.5275332042324797,4.659190282318566e-05,-116.61297884537257,0.0,77.37859054677554,0.6702199521919797,,0,0.9606057221809478,0.14786982269128982,0.03648026621949079,77.95717523456005,42.3306770683285,40.929385113018014
529.8350986079745,0.8184349497167135,0.09008638795768026,0.0968908389454505,0.17305789986463674,0.04772801041608955,1.2935462608073145,2.6334577752277317,0.006721534075873084,0.09335495350921648,0.540322552263749,-0.00321034366602723,-118.57005267578909,0.0,72.59324047728565,0.6562911578679989,,0,0.9513554593368533,0.14829319750284814,0.035550932944101596,80.1875217749518,49.23308957637394,51.01074581769154
530.5771108189913,0.8164462683509782,0.08994331225852212,0.09681864160681547,0.09327969088466642,0.048000731329887254,1.2625214870668984,2.584814382223843,0.006662028764666321,0.09338877559099346,0.5451497234894043,-0.0055385524632891,-118.82583516417507,0.0,72.23499471458372,0.7065474360821075,,0,1.6064033967926714,0.15169143512291233,0.03547281779008889,85.58947883674453,58.17142230659209,56.46925944346745
531.280743088059,0.8208026662926139,0.08854720087000746,0.0961015081791317,0.143173045979498,0.04787654044384752,1.1930762633885763,2.5863850061416143,0.0066386110545577064,0.09489557945378282,0.5144459344111001,-0.00619284759777555,-119.07793076001947,0.0,72.01325135546188,0.7030976563391106,,0,1.610374374862172,0.15082957417960655,0.032370956388952335,84.38539116556092,65.87381446941484,65.80269482146397
533.4396148226984,0.8175411755684039,0.06997853421738612,0.09802381212011509,0.14273260419374573,0.04360878559929685,1.1962000214648396,2.5732685921005456,0.006744335735803615,0.09345184326692,0.5135143381337781,-0.0029118107256438574,-118.59224394638802,0.0,73.943118005359,0.6714203462324704,,0,1.6169741713813746,0.14238875189664488,0.03871096257873372,85.6478852095257,64.7096577982404,64.49662951255449
534.1752303767238,0.8111954230118589,0.0734239875943656,0.09423226075166784,0.29884670733099683,0.04005503004034225,1.182109414475268,2.5528928655115575,0.006540236706854653,0.09259538645741741,0.4655457125438404,-1.853474383775625e-05,-116.10891443421511,0.0,75.63408073256834,0.6780972161786758,,0,1.5948880696801158,0.14726499799626283,0.03310592583322096,93.21979540085847,71.4510122217263,70.50748642811962
534.9620191866812,0.8151767019009947,0.07152300512649466,0.09539357887405783,0.25416805122687175,0.0397966593364982,1.1944120002913714,2.5627654106686384,0.0066438567334098295,0.09189922641926458,0.47765003892267666,0.0006574030891509236,-116.8368674316154,0.0,77.37348944252251,0.6538946938307777,,0,1.61222379224657,0.1399415165899896,0.03515786366735183,99.68532929688166,78.25419358499708,76.82607777836093
535.6368664992872,0.793428280099723,0.07478407962176738,0.08907065317965197,0.2890738571595445,0.04042733547708917,1.336154255423439,2.5593165835998777,0.006676594132946859,0.09256918131863087,0.4676899800322904,0.005608940783019129,-116.68299035968751,0.0,78.3405204002731,0.6477952622479067,,0,1.606382504429554,0.1118743532892493,0.03425540078487296,100.68005809286849,85.93956289150151,79.260139595222
536.4396469517235,0.7922054061259853,0.07234848161611548,0.09352862446563869,0.1706181530571978,0.04011058581456137,1.3384699832911926,2.465029421806405,0.00673776184255499,0.09438995431595361,0.4610967311440199,0.007359138378375244,-102.30038256227365,0.0,82.6933847274384,0.6496084765493704,,0,1.604342242736519,0.10939490058633666,0.038185525539066456,101.05156978934622,88.06989103029532,77.73598682908492
538.7232534976978,0.792566698177175,0.07219290008408843,0.0907954969537538,0.21782842426929164,0.04092549080418088,1.488707024323235,2.380366769751302,0.0066649485758526065,0.09268807859123292,0.48445873221462626,0.02509865715817097,-78.8903016741762,0.0,81.47934070716856,0.16886134646827367,,0,1.341961257635939,0.11282002603955404,0.035703222890656555,100.01545957035592,87.6960475297319,78.91591156587802
539.5036456506637,0.7913099961050931,0.07237981696699082,0.0917199252066539,0.2721004839792524,0.04084203020869787,1.4902485322637926,2.2942321068944675,0.006603203061110008,0.09246824183131873,0.4715780171835666,0.024933511229568342,-78.9504100240845,0.0,78.48706627026176,0.17686713879599827,,0,1.331905098703125,0.1074659041554658,0.036367984828660535,99.90973309238397,85.62699540907215,78.73203026145006
540.2616495041594,0.7896969628305799,0.07198596846211486,0.09148550753311109,0.3442889442873765,0.04077993472574854,1.517884206795193,2.2550871905161007,0.0065681579054676234,0.09215963799706249,0.46999366994032,0.02516831736966318,-78.34124837538026,0.0,81.8532508815361,0.15749665707382815,,0,1.3214701119825927,0.11040233503600833,0.040110399115915706,100.77230215770633,87.19652215732722,78.24849184292984
541.019653357655,0.788613231731,0.07206152109453831,0.08967156136095716,0.2639619244933064,0.039722334869385006,1.5138656242055752,2.144886071793674,0.006580723137153907,0.09256430887430003,0.4583659812772076,0.025095399527444284,-78.11403562885195,0.0,83.42253881139519,0.15658453683166487,,0,1.30468395728027,0.11088726027234502,0.055284629324723944,101.11294289421222,83.60785459871009,79.1436186989614
541.7776572111507,0.7958694490536582,0.0727195160794198,0.08922669207514589,0.3228722436684049,0.04006692134790475,1.57075610873724,2.1385741049545373,0.006633240004451606,0.09507390618630385,0.4715610067645017,0.024734725202038635,-78.16907001932636,0.0,87.84535629713436,0.1699997116650006,,0,1.285923507806737,0.11145313970828051,0.06072901406465108,94.48232867301385,77.86056763306725,70.50136738322435
542.5324627361505,0.782253297393722,0.07235453655822162,0.08661539874114269,0.3201756594070607,0.04017020214344505,1.5687752173653553,2.128498749241154,0.0030967887750218506,0.09359592515975783,0.4525734778480669,0.025693629606701202,-77.71098460796202,0.0,80.30729287534737,0.15951890096071525,,0,1.162357844829624,0.11054083615984933,0.06438146454900157,85.99051065381737,71.44499237282727,63.96602864667561
543.2712766186717,0.7767261719309668,0.07552992606941894,0.08171735883978636,0.2996021267748189,0.04054749776898124,1.5749857347887957,2.13427618745836,0.0031247359098986963,0.09242604095410778,0.48148715223001964,0.024396332286022126,-78.09661688273212,0.0,81.3957020615508,0.16972889901415872,,0,1.070356098607139,0.10873200881630836,0.06331636728530826,79.20035945512315,64.27479291481531,57.83080328155654
544.0004955157054,0.7712796927192305,0.07557634134462707,0.07509553662105525,0.3342191339713725,0.04072933876588833,1.5596235387871322,2.1766379345358273,0.006721564111097656,0.09322355638356361,0.4644549347449847,0.025312857731564258,-77.56428558690912,0.0,88.13811484876864,0.17525040902946928,,0,1.0665648430445593,0.11520250593732939,0.06247897702201714,78.13665611809898,56.980085323067264,50.09616151942132
544.7425077267222,0.7730839963036178,0.07650815768385319,0.07459200287116059,0.26428049103840545,0.04102682642151521,1.5378072929402624,2.144896168055775,0.006782556264056868,0.0936012677125021,0.5074696290748933,0.024728422850940155,-78.41922807383048,0.0,82.48759911772174,0.16961946175368936,,0,0.2730455173276228,0.1056869044925612,0.06153013219445722,79.13250160242848,49.152116482887095,43.27826198053021
545.4749249522519,0.7721746826445602,0.07537173119088815,0.07412019511180773,0.34041030736928635,0.042508355872204244,1.5307481902060696,2.1745481800763824,0.00658372588599085,0.0949702245907868,0.9329017615667134,0.02475577201513706,-78.35252374221834,0.0,90.99332768323552,0.1753083844541982,,0,0.26114365398809625,0.06924286129702029,0.06067105409598108,77.35387555666519,48.2003824724837,43.17474341033805
546.2201354917644,0.7732200162844135,0.07315478686176057,0.07461704339938738,0.3504447695934059,0.04161502414668201,1.5394012768481065,2.1819295747151775,0.006835248969864656,0.09447428004751682,0.9536760601447208,0.024804733929433668,-79.40122290562364,0.0,85.17655423589888,0.16864961537299494,,0,0.2817083144194851,0.06659697001111888,0.06356213718102943,77.66434916783048,44.111768577188826,35.913911833928424
546.9461560603024,0.7621873819043652,0.07577465033220106,0.07549966444153001,0.30889474725416194,0.04205212054641751,1.6333220020012935,2.1861900684740956,0.0064715925027194815,0.09198984043274712,0.9597978813152264,0.024393055487676046,-78.00631357243837,0.0,99.50879633987772,0.19748629860260083,,0,0.15610987180653393,0.0628939631986102,0.06286627704574667,78.75374215518244,35.5850869401756,28.55956189156215
547.6817716143278,0.7646531299829659,0.07261734591262167,0.07501070878581768,0.3429565564712483,0.04218797267947217,1.648758288866115,2.2179108217200425,0.0065053333375690485,0.09314642088263621,0.9646855667394525,0.02415858424184193,-79.9783493110458,0.0,87.70751896852283,0.1768211724076605,,0,0.17510922008683605,0.06678636454155673,0.055498407916713385,79.1449876485992,28.79649524468437,28.87760593428655
548.4269821538404,0.7683204460057235,0.07182265924084255,0.07374673719962424,0.32716561485328416,0.04196962521270786,1.629014055807399,2.1533604172338654,0.0067704026635770735,0.09512988009329755,0.981255614495366,0.024511352566654543,-80.46848378626272,0.0,83.75557401743633,0.193771168662311,,0,0.15038280923313224,0.04189071933508916,0.05160198730432123,79.13500863644722,20.115534429953264,22.203797271275498
549.1657960363615,0.7667643840295091,0.07386952498015381,0.0775064087907856,0.3316385785357885,0.04219622404325462,1.6356486083795576,2.172596919952813,0.010164378599680543,0.09307005172705289,0.965146240845982,0.023915023897730706,-80.45237678421897,0.0,92.16521154300055,0.17471724526830743,,0,0.14684915160662473,0.03449369538678772,0.029194575267885367,72.2599091718879,14.104092665220248,15.503599082940461
549.8822216194122,0.7507338319529595,0.07339535467700602,0.0729567244504561,0.2798574358007208,0.04265835671778028,1.5738077097021073,2.1617824807919392,0.00989884695308615,0.09293434872666714,0.9575498927407644,0.023999064749842713,-80.89552807654114,0.0,91.43393147406884,0.14994549068150517,,0,0.15828223965160393,0.02986365110119539,0.014676342124583902,70.7271993679287,6.87900567514237,6.436805706728427
550.611440516446,0.7576470454031271,0.07525576959956516,0.07528587931246483,0.32691786316597077,0.04200839436184274,1.580085758967718,2.0892881172879085,0.010158088651500332,0.0945234584413284,0.9787680890302985,0.02355072647241342,-80.00270087171806,0.0,94.2938287489643,0.148640215330457,,0,0.00876006154892629,0.029898678794166512,0.014019586380702507,72.4992010956256,0.7437848018501502,0.7786614835746661
551.3470560704714,0.7551510235180066,0.07232437554197794,0.07457737850192409,0.3523172944513327,0.04196019934428823,1.6150766663213099,2.1561647252639164,0.010025861452663246,0.0954895014031408,0.9436733846697988,0.02332413399347249,-78.62522021727459,0.0,91.4883289289427,0.13998328014729863,,0,0.0007262759080235237,0.030300744694752295,0.01576201312328108,72.55188351938457,1.084183787666934,-0.030309449446405814
552.0698783105136,0.7561851122380511,0.07426177140816977,0.07386140588169733,0.34899149633799165,0.041618378892547894,1.6073124700320371,2.137527401575305,0.00992063701308953,0.0943075779232448,0.9477366248576736,0.024090329103914444,-78.8924932973027,0.0,88.08764962945564,0.1515114777454928,,0,-0.004335394583478958,0.02898616881416904,0.014150315150707225,70.83202634996869,0.4312188379593294,-0.25971691848287354
552.776708908077,0.7476545667146316,0.07283074754238825,0.07592167513224259,0.30805690324997265,0.04120201887133605,1.6365287687745582,2.1568211597004545,0.009983054137295047,0.09252061574003102,0.9625517485883334,0.024119754280144307,-78.38942143554905,0.0,89.2238616179479,0.14506878345134425,,0,-0.014258377039121311,0.034975049805655,0.012952610208268633,70.79883974607343,0.020248575069006625,-0.9031871404219396
553.5059278051108,0.7464660890294649,0.07296817852749277,0.07490742185715026,0.30547168609626074,0.041519393781394395,1.636782483530155,2.1579131978415913,0.00673516067873368,0.0931442241788581,0.8763245255644807,0.024289702564900872,-78.22556288872929,0.0,88.79971420639384,0.1395440052723795,,0,0.014001799417619264,0.03286587467213378,0.014980247973254156,70.7915749451674,2.5060635860784823,-0.6430821959617917
554.2255517166574,0.7539480910623252,0.07314452127906469,0.07820678371983346,0.30706392833634416,0.0415963314757042,1.645453011002735,2.1571601846194945,0.006801433387986154,0.09348088763579686,0.8450932339449135,0.02549704747086892,-77.06332267159135,0.0,93.56146003509545,0.14281353931655869,,0,-0.004727815965102111,0.030907775544267314,0.014265356454487238,72.05196845477452,0.4145091189991773,-0.23667562488182578
554.9323823142208,0.7523095960019373,0.07397555437403423,0.0795527775748995,0.33179041308758117,0.04172365272374702,1.6570718323940528,2.142026061847341,0.0033825149325244835,0.0926184733726644,0.8022534826164027,0.02804096429206585,-76.6033287449373,0.0,87.24169342911651,0.15231398260802237,,0,-0.011232097462143336,0.02491569832893919,0.013966713197287678,72.0804143293142,1.0986726091105894,-0.5449195021265668
555.64241124028,0.7524460818278038,0.07116157631470671,0.08062112692531483,0.20351590464574604,0.041992168651924074,1.6144299364056212,2.1449976605815726,0.0031395996023134,0.09320880609699124,0.7706446538661789,0.02747852399516685,-76.357835478637,0.0,89.25755405873709,0.15557393665066263,,0,-0.008407360536440865,0.027692069201243518,0.016799978499805607,72.25188717995073,-1.0374423745884715,1.0260380186281308
556.3620351518265,0.7530624317810825,0.07020715106426864,0.08265428333251332,0.18728210517987698,0.04074259574980538,1.6048249013740845,2.127549217772296,0.003271024359322014,0.09564223095853254,0.7150529085047385,0.02650239864890841,-76.27722225616701,0.0,87.49407698697678,0.14238187684938955,,0,-0.021269114730956912,0.0312907319756119,0.015427684644353058,71.87322381897046,-1.451943238295206,-0.760002498133235
557.0752624063815,0.7562391925952775,0.06991070489326602,0.08358495742992253,0.10490944665063652,0.03825038703408633,1.657175749303,2.177448092182919,0.0032199219906152996,0.09335360123243608,0.7169467184398273,0.027300866836157508,-75.822864913732,0.0,93.20169608061296,0.13631460115691543,,0,-0.0026840909696670373,0.028325999104350106,0.019123869684449867,72.16405340944162,1.185308093015237,0.7289800582241007
557.794886317928,0.7466692188074499,0.06936903404852707,0.08392899376519002,0.2415136151291796,0.038061418621406065,1.6505576099639294,2.163862148052784,0.0032263982919181213,0.09200886998265506,0.6846915633503939,0.027117617263939797,-76.2661380625663,0.0,89.25587968745991,0.13979693439394575,,0,0.013734136316702563,0.03742411186537382,0.018990826142469233,64.45352782259194,-1.5867019627177816,0.8305848773727251
558.5145102294746,0.7602040816548993,0.06838690072577891,0.08220208086076486,0.1515787172772936,0.03874470396181741,1.6630375583185188,2.1666447793245527,0.003369186899750139,0.09299490510410083,0.6378577164034631,0.025209459833291464,-75.85778687333281,0.0,91.69514711434934,0.14631136902058628,,0,0.004062719504912294,0.039323276297784836,0.019137690463294485,57.02986391415815,0.4861151992184751,0.6627016360225695
559.2405307980125,0.76133775583129,0.07152517319007218,0.08134205627023362,0.10242834682351955,0.03846036344127933,1.6011343311052255,2.158157448601056,0.003376421380007419,0.09267629388889485,0.6460355148755228,0.025474220537175,-76.40898563006898,0.0,94.86091103569234,0.14459790470032813,,0,-0.0008927419347104671,0.03817948672913964,0.020474769324185675,56.66490063079604,-1.2274797970875364,1.1723084760441527
559.9857413375252,0.7810585187127674,0.06926463491707818,0.08286972578751207,0.1560347369816525,0.03797114391600655,1.6397227311720535,2.1684421925414896,0.003325201126815825,0.09413650129635322,0.6625429556445548,0.026669298364131604,-76.61301671407234,0.0,83.5319401523377,0.1260688093547074,,0,-0.0016462335376865734,0.03600136691292776,0.018589883335471437,56.17874604782242,-1.4030610102563819,1.0406343954377166
560.7437451910207,0.7744491090580512,0.06970237803534682,0.0801150383347549,0.1912498093055364,0.03880952566191449,1.5989972800850536,2.1648111516266155,-4.212505303757968e-05,0.0929186338172752,0.6798159585994519,0.026671102657185537,-76.25655258854226,0.0,91.67983901024486,0.12381059913682498,,0,-0.00015207124409949844,0.03936963251033176,0.02077512697835251,57.21961096933422,-0.23326449353620052,0.34878648520075295
561.5049473730122,0.7862890184640261,0.07011252225700156,0.07995146762652076,0.1617678873131556,0.03940597870943144,1.5848886606944503,2.155184502708639,0.0001335970312652691,0.09273581464265543,0.688107615100314,0.02600252600221599,-75.94708798713503,0.0,87.62215649762486,0.11530834619928654,,0,-0.00036472162423991424,0.043418789019965626,0.020320230343727375,56.98894473811269,-0.34524554241918737,-1.615515351925537
562.2789428689866,0.7815218428648159,0.06802762500569129,0.07873785578395018,0.1255856843566938,0.038099523764953604,1.5991285147111347,2.1411430154229505,0.003327993662573087,0.09322725591104826,0.6782850873353685,0.026039307224830957,-75.64575366927295,0.0,88.11191317442776,0.1197284384209418,,0,0.01429217379055692,0.044536782263862665,0.019487083999407597,56.114139169068764,1.4893857487150468,-0.6657231991308799
563.0241534084993,0.7905088496961089,0.06853051060353788,0.0787414572384781,0.07728746219520125,0.03830240610980383,1.590809339993949,2.0956669679000033,0.0035006329774012568,0.09595396128899536,0.6693402677086661,0.025062043748056567,-75.214610630746,0.0,87.71601804818683,0.11747142362669288,,0,0.013102050921519826,0.040260281162981845,0.01869900058943879,57.60772703790302,-1.6085721990948703,-0.07963144287156657
563.7853555904908,0.7931548664805053,0.06938414743930153,0.07549400731385224,0.13484280793038153,0.03889527192360754,1.585618025795572,2.161929134551722,-0.00013887935528857827,0.0982093387939099,0.7039477880458215,0.02615423299863215,-77.12831952065055,0.0,91.7418595149446,0.11182329743291561,,0,-0.0030600288279824823,0.04514205974126005,0.020038139266704308,58.30028162334839,-2.2660806001839817,0.7532327626885231
564.5657477434567,0.7828336232554639,0.06825989397997628,0.07466284955302112,0.07307998707877998,0.03919518747417123,1.5874310419995994,2.094103627996457,-1.41640740223576e-06,0.09741501816802661,0.7062923606380461,0.025444505310602116,-77.97593680784962,0.0,88.69260379691477,0.1305957015606071,,0,0.023218891475729423,0.04336166217596716,0.01880061001017424,57.5329216318136,0.894479592616912,-0.39680449271215995
565.3173549399608,0.7790036792085421,0.06908375322305609,0.07638542064805559,0.01949152244214058,0.039458655362860064,1.5876134787691414,2.0766158017846608,0.00020898510670411223,0.09737238873092112,0.7079328925157209,0.02568449951156881,-77.59906000155473,0.0,89.45344940738194,0.11413599910425186,,0,-0.00962658777380755,0.0415651665576569,0.022404166584907147,55.763250994310575,1.0898007105675007,1.1946096329020324
566.0625654794735,0.7751544720937007,0.06892582385229652,0.07506274140003232,0.03666335146702339,0.03983588917985152,1.520291253886779,2.086058035699463,-7.132467367391526e-05,0.10045116233653638,0.7550135528089821,0.02578311799005334,-78.20996318924325,0.0,92.51193486705664,0.11012965978681251,,0,-0.00988874336472659,0.04635916703066951,0.02310685291928008,58.71650859173865,0.41814298655674936,0.7183108543088239
566.7917843765073,0.7588419674712864,0.07210489396385181,0.07560680408815924,0.061811512793604674,0.03989885733463671,1.5204221903343877,2.099529749439057,3.2137955603860854e-05,0.09963047178766499,0.7261272302535912,0.02655945627995059,-76.75442800908891,0.0,82.50375230674953,0.12128077738279881,,0,-0.011145597686322943,0.04185421952416015,0.017625730011602253,57.19673820237129,-0.37849085906817603,-0.7780640654672382
567.5242016020368,0.7544162231475722,0.06938074131021144,0.07575913173405019,0.045423976384627154,0.03975169477266324,1.5802046267087582,2.1652134025660668,6.980004746811962e-06,0.09688781727431782,0.7545077947068586,0.025898245628389487,-77.25126964810764,0.0,87.24468956339761,0.12897162901943607,,0,-0.0077196716264162435,0.04436458535835305,0.019038773914696033,56.93031474437063,-1.1276819358303787,-0.6785714810533501
568.2502221705748,0.7579226651181282,0.06924566922002785,0.07531048174165826,0.09224966737290083,0.0400486047277175,1.5906355397288918,2.1623409916042755,-4.4466003198185495e-05,0.09678097751147044,0.7372105979727703,0.025640611720650793,-78.16005633554725,0.0,89.41918670489389,0.12985248091520357,,0,-0.010344546240155314,0.04431966096390157,0.019815663311325494,57.66565943773103,-1.3987656373917088,0.5868140206667115
568.9794410676086,0.7607234848781983,0.06974036599234265,0.07570130009788213,1.3370210938706553,0.039760081444178315,1.5878948882496582,2.1748749321354532,0.003090578207384104,0.09611902053896401,0.743709644975177,0.02546052030262216,-78.82663082947562,0.0,89.80962303338683,0.11779060798135033,,0,-0.01788331976335842,0.04867475068852345,0.023596107936683496,57.88345339526336,1.7798589355841632,0.45342366599072603
569.6990649791551,0.7591641458892197,0.06995916030130159,0.07716034885044801,1.3922032109146754,0.03975429768190712,1.5815629994768257,2.1798482637310803,0.003325970258997995,0.09763731480410356,0.7376818532829644,0.025426736094757266,-78.86753821436692,0.0,90.6623814913131,0.11246131383157003,,0,-0.01097451333833226,0.050618916793589874,0.02396248373280576,57.42451371257361,-0.37784015430427653,1.026772596751204
570.4090939052144,0.7598036147029318,0.07085045720415319,0.07517902658304719,1.4630403619703005,0.03971947197433946,1.5309439768071404,2.096736240850977,0.0033129211538635277,0.09945255603142505,0.7518781048186571,0.02513262165814155,-78.53995408898095,0.0,87.93003266802037,0.11344890696722906,,0,0.009905571335584123,0.049092111877315645,0.024565312063324483,64.52257013300391,-0.20578302864729045,-0.2561061214343355
571.1319161452566,0.7557942975020863,0.07055916734405517,0.07479250609124716,1.3733509953050373,0.03963481056884233,1.5908982473548576,2.164553286363192,0.0035713483170755097,0.10137419689919616,0.7336660603268932,0.025670626779264478,-77.77307803246178,0.0,91.23923954932164,0.11829056319025746,,0,-0.008150970906632643,0.05509628679654034,0.02165180534061107,64.91109383230908,0.5079016105708397,-0.5166466340908288
571.8643333707861,0.7549753775409263,0.07078966732605295,0.07768451482827099,1.3563020249529756,0.04036021099300537,1.5286800638287237,2.089149359913365,0.003335799467461334,0.09969897946342103,0.7392171054043706,0.026334765371026376,-77.75721316931836,0.0,89.95562036966763,0.11843804340447,,0,0.002085047753863066,0.04963539771137635,0.02194445560312326,63.911663325868986,1.2219396352693526,0.562314687235161
572.5839572823327,0.7508243872934122,0.06933242074743338,0.0771590703296693,1.4071020188079222,0.040096904219307374,1.5753411677106453,2.1022102354384953,0.0031914336406026105,0.10257906134753274,0.7499771979562945,0.024995250894506306,-76.68602098040803,0.0,91.38969070229292,0.13175306834698697,,0,0.0176850005929854,0.05651125575926827,0.022941215638269345,64.29295582869398,-0.6834335723386019,0.2378762952742206
573.2971845368876,0.7441937441907681,0.06567581373626608,0.07619779918775664,1.4677162164065582,0.03962467752967814,1.5196757731488857,2.0867956216649666,0.003480022359815038,0.10027843035437675,0.7364814301964677,0.025410162171764526,-77.55369021922087,0.0,89.35295863073536,0.09491273089074499,,0,-0.0014299402610332417,0.04994898806142383,0.024668322526919313,64.00044657119115,0.5165153950290895,-0.7393014043728234
574.0328000909129,0.7564739384613169,0.06692643259323755,0.07619531619108591,1.434537875913806,0.03995994573945843,1.5741739643959303,2.1063714215113323,0.0032654533194791126,0.2243779123505866,0.7644513424451826,0.0252843047077645,-74.430231487119,0.0,96.14176426020256,0.09890666354971485,,0,0.023267525858213692,0.057808474071985576,0.02323480072284777,63.99776569879478,2.3215404482780695,0.44908258275159435
574.758820659451,0.7481932667981429,0.0677042139447534,0.07629534775921432,1.379379511752066,0.039545099538412634,1.5777839925097323,2.079543704314534,0.0035304152060122176,0.3068537871406826,0.75587541975276,0.025466589545475787,-72.82472146570481,0.0,88.16074964880121,0.08955757794665535,,0,0.015775546100848734,0.059065310866520435,0.025159151451361918,64.60122408684451,-0.29359875329216656,-0.030488707053862748
575.472047914006,0.7474993661314344,0.06705229462178586,0.07020233422307748,1.368244256104877,0.03930074970422821,1.5217609879639717,2.0675184183375874,0.0032248104029345,0.30568208407648956,0.8710996376681545,0.025458976612114985,-71.99911883063204,0.0,87.07346057189106,0.09579199917708099,,0,0.006734844396729173,0.05723756246453892,0.0228012711077059,65.52698840836413,-1.019478797377107,0.850658980617353
576.1948701540482,0.7481805645051546,0.06452669970117521,0.07015983094812027,1.3864777494054357,0.03893298475071383,1.5123800087785162,2.0742417636870187,0.0032873135515918703,0.3073185539210462,0.8902379160758163,0.025432257467671453,-72.83796652460501,0.0,90.56567897080714,0.10678447081706346,,0,0.007180963624951596,0.05597732686236747,0.023134875229441316,72.88496154573801,-1.112413165642414,-0.46397372235558254
576.911295737099,0.7495961779999375,0.06720201252223622,0.06733164633269886,1.2972494980477758,0.03901008359854516,1.571991933376067,2.0729384354556744,0.003564495865709046,0.30681536087689965,0.905328424213451,0.027323174805690055,-70.94669829750617,0.0,93.58692017827317,0.09997233884481442,,0,0.0006623079967816788,0.057001666659940275,0.023354943914668042,70.82505374746665,-0.41996902174163026,-0.6370932889799731
577.637316305637,0.765933748427364,0.06684628294147002,0.06835961106854838,1.3066129626675984,0.03840697644501903,1.518766203083514,2.0720061337734474,0.003321952255028736,0.3063895505118792,0.9175612557551092,0.02690685655062653,-71.07384683979703,0.0,89.3119434913327,0.1207907703296564,,0,0.012136999022688581,0.05666207762323394,0.024043558524939803,65.183597135009,0.850614155360914,-0.7112412036376229
578.3601385456792,0.7572260219278611,0.06416989723885541,0.07026526172051108,1.1983862949099797,0.03812934795437054,1.5795802576879827,2.091301029330463,0.0032934604674479356,0.15435163775148508,0.9348898154217395,0.026303174218055635,-72.57680916097458,0.0,88.80833929702342,0.12162630573861834,,0,-0.00030990923021828403,0.059315923820253205,0.024219362824524665,63.284482790136906,-0.5061894939810064,-1.708901616105095
579.089357442713,0.7521462025282449,0.0641869778748406,0.0692789868946087,1.1551948690294904,0.03848935611853766,1.5168774596436492,2.0609176062255097,0.003550367039768177,0.1543703976417448,0.9314719122815336,0.025745580935129193,-72.80594663758536,0.0,91.59827464003716,0.12133474395843795,,0,0.010266595793851509,0.05705046080350121,0.021477134856790942,63.95884458465786,-0.19942677675259035,-0.07371191026690288
579.8345679822256,0.7618126154102679,0.06455581016783823,0.06829292696933453,1.2720569554047765,0.038315954370068635,1.566811764072383,2.0774794914467907,0.003401861391147768,0.15384300234642767,0.9176326366568587,0.026381304588254086,-72.30525168191964,0.0,91.7019032404408,0.10243337893862173,,0,-0.016538160321755535,0.05247360873298155,0.02366903322827688,64.27248024675615,0.31789567835056554,1.8832228529147292
580.5765801932425,0.7567592162268069,0.06483768439394105,0.06904117933183376,1.1919929806716496,0.03875874696431566,1.5197013880553492,2.0287009911363905,0.003148964753670966,0.15343749306406418,0.9384927900209757,0.026492855279815986,-72.82955279109622,0.0,91.6704235245389,0.11292725200765619,,0,0.0075756029756077516,0.046440336100547375,0.01559312339806955,64.30684302711624,0.7196857960266826,0.4589018968783373
581.3153940757636,0.7555045586613403,0.06301762798816708,0.06486098402228968,1.1823787224077276,0.0386730219235778,1.5215901658154865,2.0013318486708864,0.0035497002713892377,0.15337491576537074,0.9432222633402574,0.027147491129570246,-72.76320227845973,0.0,86.18144585854904,0.09770461033408712,,0,-0.019111655627391273,0.046605629926007565,0.01460980581207282,64.85995061066647,-2.0184628005501026,-0.24646729322562497
582.051009629789,0.7568452398664184,0.06356798724775298,0.06463977796194391,1.1827640923945553,0.03833129636591829,1.5171566895271198,1.983912607877874,0.0033307044851856138,0.15446115396634688,0.9315174638139327,0.026722774769366898,-73.0278057215522,0.0,86.2777774323343,0.13848610273798162,,0,-0.002087557151264085,0.05082216660265042,0.017436830435895317,56.82641365082435,0.05266589321851838,0.2580034784943541
582.7962201693015,0.7588433330927327,0.06716006786305043,0.06347750741906699,1.1260782247258077,0.038208999163616544,1.6478635480591326,2.020243562787476,0.006805945748256413,0.1531205272133153,0.9497062200323554,0.026230247046923245,-73.54406564186982,0.0,89.98192714059238,0.13205659202357714,,0,-0.004336453507700408,0.0498963977308231,0.01367326166599315,49.73183819312859,-0.5448603081638523,-0.43658190476428593
583.5222407378395,0.7556310758867765,0.07013599450580056,0.06279024438344019,1.1121908829039817,0.038278239279162796,1.6454214602182713,2.0291407303598334,0.006620879988373317,0.15395593774212668,0.9373595262479444,0.026538801529524127,-72.45458613360503,0.0,86.91700352205325,0.12811935047619127,,0,-0.01206849270556234,0.044589953121046765,0.015179355598466069,50.52342802158593,1.1189371805127963,-0.5022011915682617
584.2322696638987,0.7530286398133789,0.07091832966912567,0.06412404190617121,1.108100705676161,0.038843289148360896,1.5258954036523298,1.9866489696527327,0.006550518173289699,0.15195086307569353,0.9477150455630783,0.025940165272815802,-72.55689861346994,0.0,92.98771957509588,0.12970946719086626,,0,-0.0010900823859835629,0.042366213908032954,0.013934246509217254,50.880711026122476,1.780377306822416,1.656498426729098
584.955091903941,0.7495759889435988,0.07028666029508425,0.06564814358496344,1.1715928049362099,0.03898671952551877,1.514931675194416,1.9939388990294127,0.006711815776100777,0.1535196368334511,0.9562627625706619,0.026040100335504888,-73.32109155453881,0.0,87.67061552031457,0.1141829000571497,,0,0.0017154888524550153,0.04016239425764821,0.011849516987839823,49.189931498818,-1.5646399629066803,-0.8946924970708623
585.6779141439832,0.7523543125908018,0.0735332027382465,0.06582233522925861,1.114527200018321,0.03896076453270168,1.5136707092534407,1.9784091570289588,0.0067879414330729694,0.15231038420556955,0.9610854407772262,0.025984173471715073,-73.5929176563065,0.0,85.55851643884618,0.11228543191848082,,0,0.0037739980557399606,0.03901022932480521,0.016361316736614694,43.453798293353046,0.8713093279825023,1.228641558973508
586.3975380555298,0.7523788146106886,0.07268313626579151,0.06362018840616138,1.1196578308747567,0.03986892205096076,1.5127369208714125,1.9561138206281707,0.006601167742946031,0.1084095269457001,0.9343491080543198,0.02547427462740322,-76.40294554465223,0.0,89.86634795949769,0.10830793500651763,,0,-0.021836495978301822,0.038621040581964104,0.014711472164831908,43.53449799656457,-2.3099082233253614,0.007516642165952316
587.1139636385806,0.7563349378436932,0.07410531437845257,0.06575810142647998,1.121640342742047,0.039915537931780314,1.5090200557307702,2.0273522005196845,0.00659480785941325,0.11037753586621492,0.9423046219788351,0.02585877381383186,-76.90577651965545,0.0,90.62418808779432,0.10120407650751824,,0,0.0048144625664413455,0.043765496742075194,0.014645842033480664,36.358359616122975,1.7071542519967924,-0.2516342582820807
587.8303892216313,0.7511609535199029,0.07077480306417501,0.06885750647126931,1.1509701876725007,0.03915004859819788,1.5111469404901519,2.018072305733598,0.006616804993340901,0.10470572786843543,0.9417703067749557,0.025888631708597305,-77.27734675137587,0.0,85.36551820456124,0.11751545968019202,,0,-0.0032669187680536634,0.03776503897101129,0.011587467299151527,35.8257365067941,0.23753093548353266,1.1018138459264406
588.5500131331778,0.7489016004947422,0.07317426633022055,0.07563706046010635,1.2978737403092988,0.040314378162103544,1.5152896652253933,2.1374505563282233,0.006695461757472995,0.11046505995698108,0.9515393917310316,0.025371326633075564,-77.10712682154272,0.0,89.44541137441222,0.09852039364524762,,0,-0.002140558471787215,0.03730946976107962,0.017152128822641177,35.81288212391299,-0.455945134529423,-0.29870945669538645
589.27283537322,0.7504318269015143,0.07341150470722528,0.08055775587612587,1.3034610533646607,0.040951635042686736,1.504924394396605,2.162868877559504,0.006737841098861511,0.10615032103929486,0.9484942835383691,0.025791661826351227,-77.40430869161892,0.0,93.84555204170195,0.12594215464910388,,0,0.013512241101193187,0.04100658489493686,0.014928183253257099,36.67580664777911,0.4209435625832667,0.691168076771675
589.9892609562708,0.7491059990198858,0.07409728309615723,0.08216691465970852,1.2499309751383356,0.041216976010778235,1.5147223067691753,2.0262309822363007,0.0066294786890504,0.1078968777949196,0.9599240390935752,0.026163871679053274,-77.11933103129775,0.0,87.64212538028846,0.11287757978040132,,0,-0.023261891183506293,0.04477736618613923,0.013319374333285217,36.531652620966234,1.5959390619277445,-1.3008594302122094
590.6960915538342,0.752436638486643,0.07361661272493064,0.08198831495633849,1.2673449483759938,0.04101969641495901,1.504263130624744,2.0228352109235357,0.006620849548613392,0.10595649701066585,0.9545486391947564,0.024985184545331423,-76.95139693693694,0.0,91.33934497237304,0.09412546593281966,,0,-0.014346626402551847,0.042788293041637414,0.016659048117975757,29.07816192565761,-0.1496955774848264,1.1985298158815298
591.4349054363553,0.7574822486083354,0.0734851459818614,0.08219910707382781,1.275427318325551,0.04029425432493636,1.5089035664557384,2.137250857475494,0.00652378088717032,0.1078249001342389,0.9303767670501176,0.023925483066596143,-77.09441029522895,0.0,88.14355749639412,0.10884536523653375,,0,0.01641421075835556,0.03812757844540622,0.015546478316540178,29.824521986798185,-1.289414956278989,-0.35550538638025847
592.1737193188764,0.7667944624013298,0.07445947120246572,0.08250930094768419,1.2656373811884813,0.040514171384912076,1.5283065902525226,2.2603463406360595,0.006509618035317689,0.10626751623325947,0.9328524734037561,0.024413603958986337,-77.42234700208944,0.0,92.73140998889696,0.11571472097417711,,0,-0.00925335072817763,0.037655120671843276,0.015184053532452082,26.984983968097623,0.619638631450139,-0.609710727447509
592.906136544406,0.7641756898484368,0.07429476422642209,0.09235366795601764,1.2312916168971728,0.03977044206425801,1.6204892813926177,2.2431493989833395,0.006698390307892003,0.10590692279141775,0.7375666395877917,0.02571557611377961,-75.85857927058129,0.0,90.91106014671873,0.12213112003766069,,0,-0.012870635054814372,0.0426849046859586,0.016955509615110026,28.336476085819996,0.5993717746665641,-1.2658125292827689
593.6353554414399,0.7710060825256044,0.07301178346418748,0.09379592610701887,1.2345029973946342,0.040068539712168984,1.6263326128186502,2.270669662758819,0.00686771120651143,0.10698204536648455,0.7257682357394392,0.025724611294039832,-76.62373316244933,0.0,94.31393840751241,0.12252140363077252,,0,-0.0029563805065893193,0.042844244284823856,0.01780045050577392,27.939339450402635,0.3225023253941388,-0.029091232550470438
594.3901609664397,0.7571815178548059,0.07262334817333166,0.09582335152044137,1.2189334797306977,0.0403466739565982,1.6162571423210672,2.24968273289319,0.006823716500204667,0.10814515648015186,0.6460915971114253,0.02604175218621495,-76.75202097211125,0.0,90.16668977062004,0.15140211697991196,,0,-0.026563515909566255,0.043386869720010754,0.019587928467081066,29.020193703143992,0.9459484217763943,1.0656758984480112
595.1225781919692,0.759643727525886,0.07204806791537274,0.0940642709256956,1.3436055332427097,0.04011852478578077,1.6382287506988618,2.247569272415431,0.006738471148793184,0.10711526805754076,0.6347886433664672,0.025919563050065295,-75.85230139996452,0.0,88.89873407536349,0.147782837940141,,0,-0.008188242173357672,0.050688839174423954,0.02235061799610695,34.35236527380265,0.47826164408504024,1.1798672519589106
595.8581937459945,0.7575453771586079,0.07422705440940287,0.0925148466742932,,0.040085676201385735,1.6221649854194313,2.1110311188014044,0.003541003538255917,0.10658564331319943,0.6395551178353638,0.026370350300546384,-76.52090195063431,0.0,89.63383971275077,0.14815498385166762,,0,-0.016646302509483343,0.05180122566739854,0.016704604062767036,36.30999503862505,-1.125208043528504,-0.8984531067203075
596.5810159860368,0.7528822330018512,0.07465761627930705,0.09363901918559846,,0.039848032714116535,1.6274016087885033,2.099117162632682,0.00330286140179015,0.10719901937197249,0.6045093646015043,0.026896750841320944,-75.99046955434542,0.0,90.33624264041082,0.14543637876441756,,0,-0.00011931974950039924,0.0560504223176914,0.021103070220715718,34.72955219509352,-1.5260537056871826,0.36576453927243174
597.2846482551045,0.7569430396220467,0.07331729218734317,0.09491427344587114,,0.04013793895139954,1.6282219795145187,2.1182173508369435,0.0033717521310523053,0.10707648838325391,0.6001993488123337,0.026233193748844866,-76.42924563754052,0.0,86.8627545611257,0.15349805620518878,,0,-0.010053716541884104,0.05671207222902556,0.02676271036788209,35.057065382897875,1.2726705568540446,0.2347639582048891
597.991478852668,0.7524483015826765,0.07610758985241675,0.09300718630689322,,0.04091119462968514,1.66653337956111,2.1308936269405194,0.0033844403003881096,0.11084266108196959,0.24402742710274897,0.026832366405651155,-77.74293960253166,0.0,89.53959353946763,0.14707779455293576,,0,-0.0040711353533538315,0.07144639608242133,0.08402335617381028,42.06311258565835,-1.4937145650879815,1.259033294179488
598.7143010927102,0.7390483637895167,0.0753581098943341,0.09257000916184578,,0.04096624710126587,1.631849832360791,2.15349049554783,0.003319600566585107,0.11844125186699092,0.2518301654575739,0.02682616252391754,-78.58172894551583,0.0,88.96672183351399,0.15301935042258497,,0,-0.0021879296781104228,0.070123067492253,0.08245993829067082,43.0253978021501,0.48182143698756863,-0.4290349710988384
599.4211316902737,0.7315814242549745,0.07676568407810207,0.091804359534516,,0.040909681049547134,1.6283408701967985,2.1347835579263865,0.0033489040129310783,0.11927939202842956,0.22043608461450837,0.0265599232685978,-79.09471649217103,0.0,88.45758642350698,0.11974984490897102,,0,-0.01625404469036346,0.07204521267383301,0.08343438093405679,49.28648600959123,-1.1276125936435037,-0.8573255900856055
600.11836730235,0.7364012750168352,0.07641992032352513,0.08943085145150842,,0.03985784609438201,1.6257947733231302,2.119218821158499,0.003367115960454422,0.11887234157534311,0.22215690112140093,0.026846978255940245,-78.52310244994067,0.0,87.05715283016545,0.120725017692078,,0,-0.0052637500183676566,0.06986213283845792,0.08634426430933381,58.17611632069303,0.6651192807793996,-1.4007223600918308
600.8443878708879,0.7379235410915469,0.06956351606411314,0.08522378648364638,,0.040450940275979626,1.628270122559285,2.0850664735460027,0.003347291909853123,0.11987652046481467,0.20510856473294264,0.02641622321622512,-78.49418320021199,0.0,91.13740978961181,0.1141231704859873,,0,0.00046116726424028044,0.06864583114271695,0.08628481325833562,63.89069688347863,0.9415780110090947,0.17043447230296896
601.5448218114598,0.7396932575008898,0.06997570752391115,0.0858282780746749,,0.04041102973242511,1.6180706710455104,2.0703185111807865,0.0032049669377657275,0.11918949410614556,0.20536357891784576,0.025986597482903055,-80.28489799298447,0.0,85.40725283463468,0.10561423471538343,,0,0.0008436252055185676,0.07409005781995945,0.08363477577908857,64.02789789687351,0.016825799522458627,1.4079354812957896
602.2388590950402,0.7468798515431143,0.07025156504450634,0.0859921530067993,,0.039877781415611165,1.638716370847418,2.1361453906331165,0.003437251895894023,0.1196344624082453,0.21017996021696925,0.02647473510066414,-79.48513405553574,0.0,90.15953493403477,0.09100531022353527,,0,-0.012359557609902006,0.06746864459354165,0.08371021363042778,64.60586051220004,-0.8106856489841415,0.5980050606038448
602.9648796635782,0.7549254031743045,0.06986122746722186,0.0867268029785815,,0.04024517077752354,1.6194353242279749,2.182187452953544,0.0031621633660938856,0.09624841349208114,0.2173221822547281,0.02550235160544162,-79.56743154459973,0.0,85.33200860201136,0.09273528456871087,,0,-0.010994200160997026,0.07350980686947821,0.08250639206302451,64.61335456352649,0.9096117240661864,-0.8776483450649819
603.6749085896374,0.7622606197090568,0.06969942267325553,0.08528366422065015,,0.03897017731321754,1.6288418379966232,2.1688588108624214,0.003426874895055993,0.0958983902988702,0.22414770047166463,0.025147213731875014,-80.15743584715483,0.0,91.39772467327734,0.09458798554008745,,0,0.012456514569287355,0.06552412906694739,0.081907280028441,72.1326920041371,2.2319323832550304,1.7623605679700869
604.3945325011839,0.7574692013172071,0.0682142007164987,0.08477464372749025,1.0395120055322813,0.03852857034406084,1.6421877166489087,2.3012392208668273,0.0032580601414094567,0.0945902216831194,0.23796846140732603,0.026002014413634252,-78.8098436733257,0.0,89.95640555100276,0.08348380034637187,,0,-0.015528932139994536,0.07139679453222432,0.07874780047636815,77.76781476777344,-1.2786390458095283,-0.4413406664974656
605.133346383705,0.7720420531367532,0.07019713423549295,0.08355596192583538,1.019018340013402,0.03869527188657612,1.645182479945643,2.341417816922486,0.0033750153021188415,0.09729708602575184,0.2183072178814174,0.02558251464582021,-78.18623466368282,0.0,90.71405031885512,0.08341328295971509,,0,0.022934769430072124,0.06985882641012722,0.0805703271327559,77.6474371754484,-0.47382448055158577,0.34120225091491446
605.8817552517135,0.7747658596690405,0.06889517341006152,0.08215807924925413,1.008344672745241,0.038874356797085355,1.6370372269603048,2.3313542914553596,0.0033769834436776676,0.09695644058200516,0.8300997792128845,0.025411033060313334,-77.26916767747377,0.0,92.06010256806509,0.10159101807927183,,0,-0.003694169090022456,0.07279591226675293,0.08074796643453323,78.26884511164454,-0.9390743824641677,-0.17777128536262063
606.6365607767133,0.7903581925068476,0.06740256575927439,0.07891760158319316,1.0371742256694825,0.03931991453932242,1.6379170595431476,2.388572058284262,0.003279180718672692,0.09665925272153333,0.8332966928286388,0.026072340244526537,-77.75644960559059,0.0,88.82214459353068,0.08373478002772643,,0,-0.011274072662177639,0.07124968497896617,0.07766751719916427,80.09960007188673,0.5451431414059502,-1.4669374794656969
607.4041596156962,0.7905288001442022,0.07081862668956942,0.07957308121462238,1.0197218173842115,0.0394598898962783,1.5997187558271617,2.1745652827693767,0.0033892691039126613,0.09659522872037789,0.8462512711753819,0.026901292752137533,-77.49686249318994,0.0,95.1994435848592,0.10970000891402057,,0,-0.013183406875008496,0.06923498720071504,0.0783594947127241,79.71978790041,-0.130940712947836,-0.08089756340605139
608.1685601261835,0.7966230768830209,0.07044436355225049,0.07631525001521296,1.1253370422433753,0.039493781468038724,1.6446193254279136,2.321997805970294,0.003156241240179416,0.0975315675626162,0.8889760643078715,0.025827002548276322,-77.26268155077662,0.0,89.87243584968468,0.07692421530538816,,0,0.009034072271621108,0.0679676999398607,0.07814815641621704,77.93001874238409,1.6654472318468445,0.8522651847899876
608.9265639796791,0.8024451559005904,0.06993889183858494,0.07472839899500203,0.9908457648409481,0.0390417658731593,1.661138302941475,2.334164331083952,0.003124797319978239,0.0981496090683145,0.9112995057383156,0.026593388838516675,-77.92385561127726,0.0,86.18549861774608,0.10423206953323477,,0,0.0033547785394234886,0.07012962785012947,0.016115467723472474,78.98498124450121,0.5193540272740598,-0.05669746026899428
609.7037578041494,0.8009679981928414,0.06992423614289914,0.07411989034091503,1.041227322694393,0.03923367826823863,1.669091611764318,2.2350540916930783,0.003297433240387247,0.09571047494157003,0.9041342152818748,0.027623649279257687,-76.28343864122837,0.0,96.58749264396779,0.09378277449012452,,0,0.02504446565975391,0.06642451135719023,0.01767733883181002,70.89243289363962,-0.7255187997639168,1.0430575596436034
610.4777533001238,0.8103673904565123,0.06935202641061215,0.07690575408605485,1.016962787307205,0.03906731576643353,1.6624194192156445,2.2294639061109978,0.0032194536396406665,0.09650388034323727,0.9040079904842174,0.026992758552142948,-76.60876488686011,0.0,90.47363320049665,0.11021239419397205,,0,0.012315725577535533,0.06483611435448997,0.022060237740637454,70.60366888625819,-0.830417037227997,0.8142802460618134
612.8253264160134,0.8176188140008107,0.06704842809744123,0.07599426209637385,0.5644919162859592,0.03917403293121275,1.657999580883178,2.243277975443075,0.003104941503411357,0.09415236236642456,0.9037922802669295,0.027283599364069475,-76.76796242932701,0.0,90.38138350816104,0.11809023549680295,,0,0.004610490868253423,0.06236970192512683,0.0171671822419936,72.70160378894732,-0.10590138312893305,0.05017089639555448
613.6249085399538,0.815595297688832,0.0706638610112173,0.0735351426878509,0.07269132013706511,0.03905511773913832,1.6546739508475385,2.24467820112336,0.003386093308399689,0.09339766031227527,0.8994255980260925,0.0275955738026496,-75.99690578751758,0.0,88.22263100705706,0.11586119105381347,,0,0.1736370213385628,0.07034520132819201,0.01598836183799976,70.39686955622126,6.793391219308203,6.07117442864439
614.4116973499114,0.8164421093685427,0.06321646497364798,0.07721180309641229,0.14563355134812278,0.0389473126613455,1.6496200600500657,2.243442071954588,0.0033790977260823277,0.09399050612576755,0.8919533161271231,0.0271904467669795,-76.48908304799876,0.0,88.99291289405072,0.12435934111512412,,0,0.16338114298385245,0.06565978970626199,0.01802720005533473,64.84637561345411,13.728058781861483,14.258480218994574
615.2080811453561,0.8209880997006382,0.06128601983097708,0.07552632199286904,0.13193445877593868,0.03933114592972147,1.6150970609072202,2.2350384190246615,0.003228831391796799,0.09270089788041878,0.8927661729264157,0.027025947169152402,-76.14709518147747,0.0,89.93502896274975,0.14802121581989414,,0,0.1735406789844224,0.06187323798740666,0.018414020722456945,63.844484926371756,14.11355398713699,12.90812070716999
616.0012666123052,0.815156327652725,0.06418944106589347,0.07596087911049068,0.09168856492769889,0.038464078028765114,1.6481245413367156,2.2637557243069186,0.0033644973419269327,0.09424942406727041,0.7813650787870596,0.026767890539331197,-76.11730791074302,0.0,90.32609222269208,0.13499467458033573,,0,0.17025777896623218,0.0627612459043508,0.01770799500259566,63.86108255565432,12.304180189884754,13.588267281037819
616.7912537507585,0.8134613979649922,0.061805331143130436,0.07770677274975475,0.104836693099369,0.038172782109019275,1.6210143654442686,2.2307919841591732,0.003247862074536458,0.0932068108669795,0.7210494802670854,0.026969735556533973,-77.22506260227115,0.0,97.79750683431828,0.15022418634184082,,0,0.1733748495475051,0.06438269494656709,0.018767662753566634,64.61913914700656,16.574999445762177,13.630810593744954
617.5492576042541,0.7861337303060638,0.06296270442459874,0.07722636132658385,0.05110261467826015,0.03804088329163262,1.6149874452099797,2.227721166154301,0.006351180914439861,0.09286879788257771,0.7208678505560713,0.025909340424545544,-76.32349040481486,0.0,94.88780552955699,0.12964606111956495,,0,0.18162296613211423,0.059836192712534444,0.018328856078318103,56.6537840937492,14.666616194697667,14.963729597600203
618.2816748297837,0.7628166808915271,0.06359609686539405,0.07754123054390814,0.13970859448832704,0.038160419198791075,1.5857739298108458,2.147751600084293,0.006831250024471059,0.09389404399783936,0.7286204136185029,0.025158060822641097,-77.08784313605346,0.0,100.2420541123794,0.15994230760373906,,0,0.17083174421757813,0.048235718688157486,0.015441076615699453,56.660661361710936,14.86975353331681,14.671579839015411
619.0140920553132,0.7635556179934172,0.06486659623086694,0.0782531324371319,0.15616202677678026,0.03765554271300567,1.5772199827636695,2.1602058928907235,0.00672611770599701,0.09510490899449114,0.71075089693881,0.025661370585907083,-76.88933995218014,0.0,95.18531387266525,0.13956127349723393,,0,0.17165728011570583,0.046531043576182804,0.012970046817482457,57.87488282560089,14.266398886089393,15.431140032205091
619.7337159668597,0.7538691575539608,0.0624653507809703,0.079702015145992,0.10006004041791466,0.03785820706383613,1.5866989521700545,2.228752384909348,0.006578729590846975,0.09284245205134282,0.7322632143075579,0.024896066522624986,-78.79229538352541,0.0,92.58259493169419,0.14863154741865373,,0,0.18071152762644985,0.04707161401469395,0.012813819281863563,57.722825396810116,14.157989799160008,13.782942158832778
620.456538206902,0.7589687708683653,0.062337000963332875,0.07653591949607914,0.11643394190084085,0.03774298146751185,1.5834190784182247,2.243946506059634,0.006734049036428483,0.09470464099566935,0.7280232595044881,0.02477376146798693,-78.45623700795088,0.0,91.24333322941483,0.133398510122655,,0,0.15643068579729108,0.046835577948333595,0.014849417579790863,55.756322503939856,13.131025127940278,14.815891812714671
621.169765461457,0.7569199203400586,0.06259659658900202,0.07748753626113623,0.110257162768333,0.03876124866925943,1.5865413477946948,2.2496826501199205,0.006633901066359856,0.0929682307075055,0.741340132477068,0.025728636877869953,-78.85281672299782,0.0,98.46877006173933,0.12803059905987654,,0,0.16201985939772157,0.0404724284391039,0.01246557807133795,56.865897646180116,14.440244486821728,14.192831146928322
621.895786029995,0.7498161686404313,0.06316830346680942,0.08391433916358641,0.10145268386340006,0.03787932487313767,1.5810953839889739,2.249709987215976,0.006707618335592258,0.09506470809044097,0.7520535189533027,0.024946168433191713,-78.18551234721862,0.0,95.01531952132424,0.12566621498989966,,0,0.18520102859366636,0.03344793850600111,0.015816293642346147,56.607017405125276,15.962449765975515,14.394865811714773
622.6122116130457,0.7505974012373918,0.06361275071802713,0.08311112485131093,0.10843929163649671,0.03836980164750839,1.5814152551436005,2.22703335463377,0.006624736582511775,0.09390649651010818,0.7372296865229844,0.026209553232599325,-78.5215130278882,0.0,102.45886619942559,0.14050178828720672,,0,0.15195043968626887,0.03342238053653098,0.012588039975910204,57.06298581491806,14.871487309046529,15.962164555724991
623.3318355245923,0.7531389191280203,0.06171476051464604,0.08251659200942356,0.15582046834694313,0.03860554089968806,1.5902104911667914,2.0916403776012484,0.006784605080624884,0.09488082380667825,0.7496184830356015,0.02643925397280115,-77.53560671781813,0.0,95.88426823768232,0.12572845836821478,,0,0.16155591144801412,0.03681488565034297,0.015240417490174192,56.70632965157125,11.84975492226679,15.080032832001331
624.0546577646345,0.762223837372126,0.06544362028001943,0.08161421496329546,0.15345635794714058,0.03851277202826961,1.5882562839145309,2.0733037413153026,0.006544240607961226,0.0934645766633998,0.726257725600184,0.02564005134334416,-78.47923222624371,0.0,84.73327123496713,0.13569432683759491,,0,0.15863654893626902,0.03833601626233366,0.008886341282557407,56.341730723106785,5.492180166938983,5.928948956040342
624.7870749901641,0.7567605631559966,0.06446234787937682,0.08270907169221153,0.1146969947549182,0.03919294400282461,1.5964104875293037,2.0737445857995733,0.00659058541214339,0.09360159020714741,0.7167641345480931,0.02648325441790207,-77.97402326837424,0.0,96.64581283269175,0.10961992720867851,,0,0.007100138284247334,0.035594831436488894,0.006856137587942927,58.40029814260551,0.6948928545480878,-0.5809816815730499
625.513095558702,0.7675551415591005,0.06434416376934994,0.08178678251577196,0.08015896006702591,0.03821189415514104,1.596103537263674,2.0819724761110567,0.006570632085591815,0.09325896141864624,0.7162897988824847,0.02671320075866211,-77.40237775810839,0.0,95.09192389034972,0.1034102033281342,,0,0.0066912172364945195,0.038153251899588264,0.011175569030888639,58.06230411448837,0.92475932356296,-0.38267773590684145
626.2455127842317,0.7644372963487348,0.06436914842128941,0.080831382524518,0.12639040245031866,0.03873313088619999,1.5904850515164364,2.247069750668608,0.0067428768304972865,0.09372310933662732,0.7079832566719663,0.02645643140740116,-77.60620074374589,0.0,96.34311943732436,0.10690351098256581,,0,-0.010176201616790892,0.03528012457592025,0.0104803473510438,50.16591726199855,0.9395121126118564,-0.5104063665550802
626.9843266667528,0.764537394951182,0.06350474806630746,0.08048331905379821,0.16904092321176864,0.038815807474883134,1.5873689714428718,2.1035055217702063,0.0033925096886019417,0.09174188547147964,0.6931698160176974,0.02661655031377601,-77.52026552753085,0.0,89.23548494389573,0.08172060556182734,,0,0.012262787466392287,0.0410445075567027,0.010994455280213446,49.48259225789835,1.3780107321623667,-0.14552469254962505
627.7423305202484,0.7648009840152563,0.0653978456227916,0.08104439526539016,0.10501395253591418,0.03873689220589307,1.5767407163138696,2.1057811860182514,0.0034759199758975477,0.09320586665752845,0.6795047225848998,0.02630968506023258,-76.6994279672876,0.0,99.10585787924862,0.09378581339111544,,0,-0.005783782529247173,0.03987248538254995,0.009539436582545434,51.943560630057604,-1.3006484432122003,0.10652467906704889
628.4779460742737,0.7653735095245333,0.0623811760344976,0.08239824364531516,0.12473339845100799,0.03879920753452794,1.5551920824080476,1.9889832250588406,9.835112540989751e-05,0.09353070248538398,0.6829665758643902,0.026571815429208456,-76.21127289940924,0.0,96.88436861907172,0.11980741691493459,,0,-0.003734749488982513,0.04590784614086655,0.007876574275510868,50.91274595775914,0.8496388893063312,-0.7681077945128633
629.2231566137863,0.7695092941705574,0.06201572254969225,0.07855731351094783,0.13840083164399028,0.03876581547508619,1.5554778352489025,2.0150037280695106,-7.271483519433644e-05,0.09259863518078333,0.6886688627657626,0.026104263161942847,-77.09677869495873,0.0,90.85382004424606,0.08180727173951025,,0,-0.006619738252072694,0.04267830851410849,0.0064353905134113655,49.61214776784659,-0.47028445633498334,-0.8653184945503603
629.9747638102905,0.7684188701177219,0.06305610241732774,0.07699670739871421,0.09559136443222388,0.03894938224853854,1.5499449572667698,2.0122624757466805,0.0035035162623859224,0.09283645601524455,0.679612701269863,0.02687737366096699,-77.18673483694958,0.0,94.53353918516564,0.11760282312030151,,0,0.0026968868394203474,0.0500673498964994,0.013222755094813693,50.04175293789499,-0.8665829407931365,0.7427763904632111
630.7103793643158,0.7685183146316696,0.06515877042533556,0.07532328532709608,0.12241056090623811,0.03925176413366635,1.5800272860538143,2.0925164750519856,0.0035264608136395923,0.09252154721917208,0.6832982637131504,0.026716736753347774,-76.97327889436126,0.0,97.26470034702675,0.12166350041678597,,0,0.01152162204843964,0.05102306755816325,0.012097098958428025,50.33916976432257,-0.906498969973177,0.9640439957579623
631.4140116333836,0.764475899659743,0.06294164221821329,0.07605216741245992,0.047605239712628936,0.03919802248592785,1.5665723302251182,2.052436898862487,0.0032860148896464328,0.0936442517114012,0.6953040622296449,0.02657139350547928,-77.82308261042529,0.0,93.03220206188844,0.12375888511814277,,0,0.007976732916737924,0.05688762418234201,0.01328109925870579,51.55075886570209,0.024979005871317767,-0.015087239320492121
632.13363554493,0.7639531843740334,0.0627198166980129,0.07646804939684278,0.06030041251655114,0.039544566968007996,1.5559692776412681,2.038468735519575,0.0032527659232632453,0.09423002740885038,0.6798470429033843,0.026404843182430165,-78.6558581046205,0.0,96.45233171236632,0.15168836658005905,,0,-0.005928275285481868,0.05253695627187318,0.01242001882992521,49.33280563983026,-0.5248320228013296,-0.042064573453711326
633.5568917255441,0.7533919410047126,0.06652918609144601,0.07669992493708178,0.11173532190791977,0.03919023064751146,1.5549741767114598,2.1088586523685446,0.0035552704213083954,0.09381382666343402,0.705578511244646,0.026631448366282975,-77.56064958849842,0.0,96.7432739963952,0.1461642930844991,,0,-0.012858540088236605,0.05137896713878203,0.012735337785692854,49.94444677833029,-0.35492084399793233,-0.5476549266268872
634.2861106225779,0.7606297874723557,0.06947044792857422,0.0752884981647768,0.15937450757800098,0.039933845906106304,1.551316301074525,2.140112293654146,0.003328561144429127,0.09305762791097921,0.8124663465757407,0.02767010473920117,-78.46163782936709,0.0,97.23250837407548,0.14419607491057718,,0,0.03168747697615521,0.05355249091581706,0.010234519901897627,50.11556167009863,5.757588419135841,8.300514695441356
635.012131191116,0.7523988893128921,0.07030131661395084,0.07680698998344086,0.17410440866460045,0.04004387305044231,1.5532817417147369,2.127746950504643,0.0030753302713899624,0.09293581167346497,0.8325280397749171,0.028007755739890262,-77.45034770430829,0.0,96.87770616495331,0.14453835318643427,,0,0.04177876479721676,0.0538093776913759,0.01266227628403743,50.114584817556945,12.745820949939452,15.554329528418853
635.7317551026625,0.7581866825335376,0.09450824240353892,0.07458623942733661,0.17034236739839947,0.041700250503653294,1.5720283616468045,2.158328356092355,0.0034503299725245676,0.09294704213419387,0.8680308984275595,0.02817141413397777,-77.64322261657128,0.0,92.20718026985648,0.14581716659253416,,0,0.035244345337992894,0.054727126593628196,0.013499532654226579,58.35768465317829,15.364547683384181,15.244013467585148
636.4673706566879,0.7681383667771774,0.09319186621849938,0.07574722223067716,0.19104676973068715,0.04198104503294117,1.5785402205365475,2.15199561936005,0.0030856722360047815,0.09348611454859675,0.8615437205768425,0.02738623297154692,-78.29813684279378,0.0,97.08561915780821,0.15236892533239027,,0,0.026193068786260147,0.05134945010732575,0.014947342753103037,56.370456576316506,14.10549319744105,14.45890730788042
637.1933912252259,0.7627488181557874,0.10248693908401188,0.07732678868337413,0.17642988949850005,0.043179591160469176,1.5770662407318567,2.2235636027006973,0.0033638554972730502,0.09318360462811556,0.9031802924296289,0.026510772372153338,-79.04574297162804,0.0,93.2750730475246,0.14667124272513501,,0,0.025919390799696018,0.04138799384146195,0.012148541505010588,58.23341318905323,13.200715676745467,13.77550242719433
637.94499842173,0.7603073767583374,0.09991079083569153,0.080703512665498,0.15272446870906473,0.043367148089133535,1.6008764370463955,2.181469302689865,0.006773920248324833,0.09288267556886808,0.9101072845158334,0.026373207941500554,-79.71779624678173,0.0,88.57026684286156,0.1489201410003686,,0,0.038394852497991586,0.04258914567376938,0.012152234356208465,64.47897765178966,14.207990030816728,13.03229611520789
638.6870106327468,0.7651711119123344,0.09511389470305501,0.08531626462908135,0.14050314354940474,0.0414745652472841,1.6580792685306287,2.3137573173436916,0.006829393659207342,0.0923981032440586,0.8698896014084776,0.02689068661648878,-79.25035941161191,0.0,94.90726050556673,0.15017479290530414,,0,0.03193211572516187,0.042118263974369054,0.015974744887447555,65.16669360783555,14.42128374621946,13.004362820494194
639.4354195007552,0.7667415160202895,0.09480585998117086,0.0915279457205661,0.11723493364739931,0.04174852845611173,1.6621736758418644,2.322675041564212,0.003347568980307751,0.09362073089524509,0.8593400971647515,0.02642063541472765,-78.05221401510549,0.0,96.02800888699745,0.14359694822508465,,0,0.03842649730908614,0.03819695506125788,0.012762773578459776,65.25252249709412,13.499095592436134,15.154421545127676
640.1710350547805,0.7637674192277343,0.093606282412448,0.09662703345495233,0.190133538066043,0.04180726781164294,1.6602896679172061,2.336995321762304,0.003356075577561191,0.09064700477027696,0.8764610344656133,0.027724548500180513,-77.36761098317496,0.0,96.13296541304648,0.1453090486957837,,0,0.03301455541865411,0.04202922034445827,0.015445261142858,63.64660927314779,13.072980904733868,14.349883091714283
640.9034522803101,0.7615930334384964,0.0920391037782966,0.09713098911879307,0.19576820498408148,0.04181831400092244,1.597926061280475,2.2022734170802414,0.006872611374256938,0.09309420830726833,0.8597946565851856,0.02777432888188565,-76.65938227379534,0.0,100.87223346369873,0.14208068392236364,,0,0.04123347966621696,0.04191197540060172,0.015551927009642377,62.50883564278658,15.158762191850263,13.444067907409933
641.6326711773439,0.7700214938044969,0.0768671575204923,0.09842908770066686,0.1498244592249336,0.041322866445161956,1.5953752381897441,2.2013489678343463,0.0031328652331456363,0.09237265274480536,0.8468341770440243,0.02804726243705014,-77.18582248298179,0.0,95.1819612253454,0.1556047410443921,,0,0.028691962896333932,0.04102166299177392,0.013961997542466012,63.24752516546642,13.415024113751183,14.998065338780737
642.3522950888904,0.7748294050299197,0.07786356954987894,0.0981675834561255,0.13384782495761477,0.0411960469936956,1.5295635334783888,1.9843646827500407,0.006583923253095637,0.09366480653685565,0.8542518228225338,0.026667512506849785,-77.32794927941254,0.0,96.6565165259414,0.14404340873343427,,0,0.024941263215594926,0.041976130129807804,0.015960529015111594,64.81127660401587,12.533653535068375,15.79830711093699
643.0879106429157,0.7706730883785542,0.07405046962849016,0.09722767337052136,0.17501849948117484,0.041336993082673426,1.5405561054395278,1.9750624782063826,0.006441073464930059,0.09395735117545355,0.8563647679133478,0.026986394904138265,-75.35407012013954,0.0,94.77387550546757,0.14317924821989164,,0,0.03361144104013296,0.042080067691098254,0.01737080232533931,64.88364988832264,14.784475366946033,12.91735520413464
643.8299228539325,0.7711454890060153,0.0734315568439449,0.09746096729352076,0.20613349753394414,0.040826869910138015,1.5379597586404095,1.9865947333569696,0.006396887150871372,0.09232269152456846,0.8426929668300692,0.02643701204122496,-77.31422662387196,0.0,103.52100840829064,0.1525941959179604,,0,0.025213693186169103,0.04250017425466381,0.01625966894651743,64.75303556862387,14.597051334361645,14.645554690534633
644.5719350649493,0.766463833879995,0.0729987680526916,0.09708448663212127,0.26194686696166725,0.0398709505576631,1.522796714943636,2.0157269934472595,0.006574571327968489,0.09419685474105922,0.85456950479802,0.026114767679273038,-77.71728436492077,0.0,90.17185756539291,0.15081186308899086,,0,0.04391644021071221,0.04476778956647108,0.01760868395088361,58.24639823398074,6.476805206337502,5.797010257011978
645.3331372469409,0.7742375965760434,0.07370953179779693,0.09236567303815574,0.29390125251614857,0.04001358050322397,1.5354980827665987,2.0194428684456613,0.0032946336899418393,0.091815113763073,0.8664535435308943,0.02594863102387872,-77.34696192782856,0.0,94.66872324098371,0.1449129920781253,,0,0.020458435687542572,0.04641867407160325,0.015241780359181889,56.48109018072181,0.15436463657577093,-0.32386801629440604
646.1007360859237,0.7736243621621332,0.07437616610653004,0.09166203686096244,0.32019410005306254,0.04032969386580905,1.4827747844467638,2.020927295929084,0.0034999973865737434,0.09300667181982354,0.8512813735499131,0.02621617424751717,-76.72588347418097,0.0,86.4454972476441,0.15038936218943968,,0,0.0012016413997306958,0.05307054488010716,0.016239170098774337,57.85056843204816,1.4655407694646216,0.3079791922437781
646.8555416109236,0.7736440065302642,0.0689375079541262,0.08976063162774593,0.2205034335598925,0.039432181147096,1.4789352383469914,2.0110706411990384,0.003317994259910105,0.09386799878491416,0.854115923714725,0.02658979457321268,-77.37120152639466,0.0,96.72690599373907,0.14950453968311597,,0,-0.0037303785531686224,0.05587108463002338,0.01791568630048359,56.72222841617607,-0.7913596276091468,-0.25109098596936175
647.6135454644193,0.7684779569061323,0.07109265641075306,0.08450420067024728,0.30426180341630826,0.03975073950886123,1.471498031200418,2.008865466453212,0.006658889931263798,0.09347999807502115,0.8486242296810174,0.02583489361253427,-77.64975046266532,0.0,96.41812270919826,0.1448632675775373,,0,-0.006217135065532262,0.05717174600169506,0.01497172089927648,48.937738046981096,-0.8395610234637972,1.0875963052921434
648.371549317915,0.7759180984083134,0.06869047218583185,0.08132640396394346,0.3263014162818813,0.03936321457175718,1.5370031980148087,2.1068048394060166,0.006490036793304893,0.10358110056218675,0.8411847421627915,0.02556878825730421,-77.33421972124505,0.0,94.4877311002093,0.1376486678761168,,0,0.018884814254241263,0.0657660456087009,0.01980348587217003,49.006048806139454,-0.18375371481789246,-1.0633641416622392
649.097569886453,0.7603678652529066,0.06949294313940615,0.08094315269871502,0.3640241267293262,0.03937598473218438,1.507743983593083,2.087834474264274,0.00663001058236933,0.10205950082646345,0.8449092626814959,0.025576784291926315,-77.87324917167206,0.0,98.74513148197659,0.1469805631237453,,0,0.003174376154636687,0.058536858156464644,0.015493476590194486,41.32708008558597,1.5990639589509443,0.8818870872002585
649.8267887834868,0.7544944824119197,0.0703605488690143,0.07960424283132814,0.3627890657943618,0.039370196593949684,1.577742443258343,2.1041615269343783,0.006633974812548527,0.10180721226421134,0.8664759874863921,0.025613903239835825,-78.79508631574446,0.0,98.992439160252,0.14841176607478165,,0,0.0013798682656509533,0.08165499288686984,0.02367367681946036,43.07286126495803,-1.111249181041874,1.6399753628240716
650.549611023529,0.7509064154373599,0.07209759699698698,0.07697640176456255,0.3374308802731151,0.040503814007838035,1.6822200698960754,2.1321785909412263,0.006677423755042748,0.10271839038282321,0.8602083797884686,0.02573638214225823,-78.2365790317045,0.0,97.68152636693664,0.15318748894944936,,0,-0.01803749044432393,0.07920122963059031,0.020482335200990825,42.1084354678967,-0.34095143218196955,0.46299453192160245
651.2692349350755,0.7590428971842019,0.06882647410824455,0.07777550265461329,0.33437130874213916,0.039714252141871485,1.5768664732536437,2.0994441763104077,0.0067207843077340245,0.10541750073354743,0.8524723295242469,0.02542764991030502,-77.98312342156568,0.0,94.80581254931741,0.15374791287564324,,0,-0.011523461116582975,0.07899604128958664,0.02438257428732679,35.834788383528895,-2.2475304038497548,-1.377293288282571
651.9824621896305,0.7627754721484753,0.07062313556772308,0.07697492371819109,0.35011583430288834,0.03951818770672879,1.5718872918429225,2.120095404024744,0.006661976062542052,0.10629817671779061,0.8387634983271864,0.02574064579674223,-78.03191648409275,0.0,91.77713830499061,0.147336605525534,,0,0.007182115179197823,0.08184385757473427,0.021983907576563072,35.4536321816255,0.1503559111560698,-0.9383701405773607
652.702086101177,0.7587033598593033,0.06883453159713458,0.07673225048454653,0.29407713788440604,0.039322020230130865,1.58686236179807,2.188037156667063,0.0064454278856766484,0.10596962917815551,0.849424563905541,0.02538259916723705,-77.40191256815972,0.0,95.51091640768581,0.14371569032683734,,0,-0.012895179114723323,0.082617150957279,0.022287543618451353,36.190863896533294,1.1232343978741368,1.351321420919226
653.428106669715,0.7539002772147473,0.0705417104464756,0.07666491640784984,0.37573051704579374,0.03973687630593789,1.569551703717803,2.1660039657781667,0.006568889761674013,0.10722284100656738,0.8453911002733931,0.025472821879075135,-78.18192287710664,0.0,94.4317436414351,0.13834686952929015,,0,0.009976525201634279,0.07973319777696618,0.022265731086102993,28.94592215313126,-0.08573609518078719,-1.0269648573927863
654.1541272382531,0.7555354624734383,0.06842652670260028,0.07555012946030316,0.3179424216168374,0.03997304851460582,1.5704193196791003,2.1739590595199205,0.0065898030737208775,0.10858041051972842,0.8567988561698558,0.02578918320609117,-77.73849556964089,0.0,96.79877160664272,0.1403217004075428,,0,0.020236870432496876,0.0837896933816558,0.023088269738870855,20.759028464216755,0.16789851318891466,-0.8790057905863058
654.8801478067911,0.7510543616919567,0.06613812488486792,0.07550151782815244,0.3218789747399324,0.0395425464786667,1.5709685504049686,2.183788832923572,0.006630670597982583,0.1053185502375168,0.8653046267250125,0.025886422554259023,-78.83927511568965,0.0,92.64863499919426,0.1526391079772545,,0,-0.002512756488893753,0.07728331481048172,0.022890411089889234,21.38097130770608,-1.1225697046297562,0.22728934637279374
655.6189616893122,0.7645908116112728,0.06946467598587167,0.07720812032684193,0.32323993122239164,0.03818948171166095,1.5823597181482876,2.184000190061016,0.0068011253930279295,0.10462969768929656,0.8627063821492988,0.02480608815929917,-76.24012206373176,0.0,94.93225801757596,0.13287449267151036,,0,0.007990092876452876,0.07468805388098987,0.023850204150980377,19.859724051205795,0.7263482982273892,-1.2164740593904257
656.3577755718334,0.7655110506964473,0.07070284689855094,0.07614270769315622,0.36172854702728535,0.03831720999750424,1.5841149462290505,2.1862319697148602,0.006717175540751976,0.1037011556654407,0.8497093231520201,0.025772397221303235,-76.68007647865079,0.0,91.4598056978463,0.14140811787142535,,0,-0.005534099917822187,0.07201235536150401,0.022313177563469455,21.12900454140292,0.5547084578420316,-0.5316183858000836
657.1157794253289,0.7700031466923559,0.06997260190852823,0.07476283601994299,0.3330610754842418,0.03868562093314842,1.666480383489091,2.2187157387275804,0.006550702073309493,0.10275251691338061,0.8314143035379293,0.02513273147799637,-75.61957794711779,0.0,97.83293694963396,0.13753320573433933,,0,-0.0151182182427864,0.06281502115880859,0.020689746837372396,21.29644653586951,0.08040622231750895,-0.022846155943122913
657.8513949793543,0.7677061089431805,0.07056933905874678,0.07671979008344308,0.41367653582489655,0.037659805682826404,1.5782668436080707,2.1723451434151664,0.006562524601334819,0.10224510665813324,0.8020181579759301,0.02468230011380391,-76.28564979288166,0.0,95.17942928231719,0.1296600993227084,,0,-0.0033365008659655393,0.059485003905637886,0.025091416203067214,20.77776743953476,2.5572731723446966,-2.0497015723483787
658.5966055188668,0.7647204569603003,0.07028315946582277,0.07828486765273007,0.32677032378283016,0.03805892288585626,1.573194582429944,2.181449017434225,0.006569560986654456,0.1036589075634637,0.721003531678436,0.025066933478381438,-76.4804064134405,0.0,97.62770766117542,0.13378820686279672,,0,0.013489307287367771,0.058719658097660894,0.023844305405870805,28.39288481358138,1.2337385534362317,-0.23932149651964
659.3514110438667,0.7738436876801841,0.06904569389643606,0.07686583108493968,0.3274218483320135,0.03830095136515175,1.5722441997960437,2.1830855855627167,0.006685005888477832,0.10388429740110015,0.7295586027548389,0.024632600052931677,-78.03934333160596,0.0,91.0695334236426,0.16036340312474712,,0,0.011268748558811067,0.05438240622631313,0.02140575280116225,28.901063564027623,-2.0089866934950904,0.04247461806062351
660.0710349554132,0.7685585689292815,0.06925800623831005,0.07836096414951974,0.3069328956082062,0.03819302420099985,1.626693860302304,2.1841438539073037,0.006694339440138224,0.10309913427296018,0.6867570659906075,0.0251803101092731,-75.93122406572468,0.0,96.9860346211033,0.1781591748157294,,0,0.01589265515777627,0.05575290571094169,0.02338837509753168,28.551215425842773,-1.4868364153673386,0.810590099568298
660.8002538524471,0.7632697671778039,0.07121639523970237,0.07618686842147848,0.383902966545826,0.03805063657312625,1.5707204749033188,2.175714005502099,0.006625419243169382,0.10366656157105673,0.6866110987290757,0.025106216911316648,-78.4736792601823,0.0,98.72283578452581,0.16054249744288238,,0,-0.002939407116399186,0.05303410053197487,0.023536461997401923,35.69841802909878,-0.7495520274536738,0.6627057965659124
661.5390677349682,0.7612902530228739,0.06729968472498414,0.07725023003405503,0.3573894640382972,0.03827237226971356,1.6284486053132539,2.259552132744347,0.006553967194931213,0.107807185230677,0.6755245763827074,0.025491786525218853,-79.41871541769117,0.0,91.3346447135505,0.16508635980065522,,0,-0.009181470666045605,0.055607236610555714,0.02239309558271615,41.351824535199064,2.5321092632151005,-1.4435191117215234
662.2586916465146,0.7518433733916391,0.0698587500367025,0.07830769165041389,0.32053390572936197,0.03814208439164325,1.6750311195703902,2.2512276806888676,0.006620612503805509,0.1075145662810479,0.6853593154923753,0.027108065056564757,-76.79997604620156,0.0,100.66325125636848,0.15723109331367865,,0,-0.007340060306919519,0.0599015149849864,0.02590765438643266,49.147627001108994,-0.0908207627888504,-0.0343865586528437
662.9879105435484,0.7521590593096648,0.0709130664242432,0.075599731181208,0.3757059166957085,0.03828086763271186,1.658992906100209,2.2736675178434638,0.006619786148242842,0.10767437926808025,0.6393890145051192,0.027047645170403936,-76.97967649437294,0.0,93.2495348137976,0.1617573018785569,,0,0.003969308158061843,0.06061867709779652,0.025585620875017905,57.335830922015866,0.21133220878051956,0.0382680276763554
663.6819478271289,0.7558743272424274,0.06923156383116498,0.07683755695302981,0.35008959431026127,0.03933104874483626,1.6658905579403736,2.2489024015965327,0.006559806548026395,0.10765825880292551,0.1580193222531017,0.027458624944625348,-76.91695847868586,0.0,97.22734721175522,0.16424761116264586,,0,0.01895446117521301,0.35404873791131464,0.11985944588510221,63.716307498822985,-0.2810511659842224,0.1268840879337512
664.391976753188,0.7514372536912395,0.0646098651439845,0.07758513098167144,0.34445942580442523,0.038834878911312175,1.6712285008460193,2.2817052520727445,0.0065879383722791075,0.10272035151411965,0.15717477577860817,0.026324419220062092,-76.63980248612143,0.0,98.15083707998818,0.16131756672013567,,0,-0.005789152234495592,0.3635256356676056,0.1204504046165794,70.4121288061129,-0.46960499147337686,0.0038193687166223162
665.1020056792472,0.7458026024308105,0.06947130862525744,0.08112305749175314,2.141686577624325,0.03922717375768168,1.625235996682832,2.292711999625157,0.0064710696770820175,0.10378916374923175,0.142739007921951,0.02429357071660737,-77.7487004255478,0.0,95.03516020749007,0.16016557239271687,,0,-0.005732470764767522,0.3664132007176705,0.12026700235219705,78.29039974140245,-0.6202030962169208,1.0777257339437136
665.8216295907937,0.748100502518144,0.06631322608854005,0.08399723971136415,2.146103251209188,0.03915116528231125,1.6279417888130414,2.3175517139421267,0.00656878871861922,0.10287574447031085,0.1344058684015221,0.024746284849671354,-76.98069567669422,0.0,93.31261829593682,0.15800306382949875,,0,-0.01478350107375133,0.3743049506566079,0.12162119828084678,78.44892212150104,-0.14346137576082257,0.9351266082164026
666.5412535023403,0.751549464433669,0.08215857480493301,0.08386127309403041,2.176962707949468,0.04383889274562292,1.5792607551579334,2.345597605876362,0.006686531407529548,0.09665770820302694,0.1412142136303513,0.024628106935383285,-78.40057021987394,0.0,98.5162815731013,0.166538177930673,,0,0.009325231311226423,0.37318224743121675,0.12339282072127294,80.04700159177922,1.707487796001841,0.7054259887466618
667.2448857714079,0.7487407068502413,0.06787777273589905,0.08589984594026794,2.1301774632484567,0.03979643300663657,1.5891448623292472,2.347882493884495,0.0067174290990026485,0.09356528472415708,0.12679575522825579,0.02512901728133814,-79.01779643523727,0.0,94.19879500927178,0.16654087883050567,,0,0.004573128971852646,0.3694593015085037,0.12508544797732746,78.4014042112873,0.2927905878113507,1.2744134650276173
667.9645096829545,0.7525690326627213,0.07784103762615796,0.08461512917973787,2.1184927252426546,0.04377464619416128,1.5668212224910965,2.434365896557,0.006544521534426766,0.09365884754053719,0.14054272390812783,0.024558365158878895,-80.7660066646285,0.0,96.25430600559041,0.15803634809297,,0,-0.012190881122328646,0.3704337134094471,0.12535538118499454,77.94040288738259,-1.0471793134209904,-0.35075979662712364
668.684133594501,0.7502466428768311,0.1321755769689506,0.08635470530692596,2.0336387914244622,0.049023976446593634,1.5308503293824156,2.688317685512504,0.006596197449824931,0.0928833732547002,0.15557518868262452,0.001504411852882802,-93.72182978913767,0.0,93.74231786575254,0.17042110378511333,,0,0.006084409635433205,0.36708658057607874,0.13447769601176313,77.93768432678614,-0.42233444665195546,-1.307748255821225
670.190546316005,0.8365084567638246,0.13228037470612045,0.09085943733115519,1.234973119393303,0.0494344241293735,1.4465258534396026,2.726957213156154,0.006603570327245733,0.09278018641240074,0.1908793286156474,0.0020625501202353826,-93.56136459620191,0.0,93.81746465879195,0.5114230362934451,,0,-0.0043731547646121225,0.3711436867146194,0.14053663603370092,79.57012024110844,0.5998622817119599,0.3306522164591072
672.1479233554115,1.3800256604955807,0.13911503041936513,0.09368659282965969,0.31915321617751524,0.06529402574020803,1.4556834636664338,2.762207026790514,0.003442418279131892,0.09346677315829915,0.23915200762300176,0.00262610990585529,-102.63297334377044,0.0,100.53036758932718,0.5717359202064897,,0,0.0325746492393267,0.36698833580840945,0.1454193703668154,77.85133811693215,5.91694856451994,5.863404138677213
673.8718224146274,1.5693864608782704,0.14024678713481536,0.09850761598536145,0.12536431306558157,0.06482376919183767,1.340876520111836,2.768144052051696,0.006584725927877304,0.09621811902017392,0.2653082543965268,-0.003308735237633648,-104.76619428387772,0.0,96.49389416989385,0.5761634971163017,,0,0.13945337925702173,0.3746169625861972,0.1457621458517098,80.04588626991224,13.636241220956506,14.107947037265369
675.1991287403687,1.5710398793491698,0.13984188930145022,0.10550294843054273,0.04399960472895235,0.06532635462696701,1.2724499857315992,2.7607459419905274,0.006566984524973864,0.0911394771099936,0.3093499767886303,-0.0066400022819650606,-110.73970469256155,0.0,93.87344239528827,0.5715527189197869,,0,0.17435833963722452,0.3707660897745083,0.1457585409261502,78.46943649139787,21.137200058761163,21.225074604903565
677.3867854314701,1.5698500553282368,0.14413653519269085,0.10741488319836522,0.038323827597594465,0.0695501504947708,1.2615082783928016,2.779420843169738,0.006444490560842203,0.09199957301091623,0.3671390406235707,-0.0066410191013383905,-111.58299532955147,0.0,103.33796397618879,0.5651146592944734,,0,0.20308030053089818,0.3723955905289169,0.14415858064320092,79.33707554388712,30.95636213489509,28.66351885112582
678.1895658839064,1.6070090297849646,0.139904639315831,0.11677823135638976,0.0637699627930211,0.06892101788978822,1.267849931311048,2.7695148848908926,0.006570233422952056,0.09319306481126365,0.3741498039772409,-0.006860072569351275,-125.42962581518964,0.0,95.31218840289854,0.6249205668515025,,0,0.2911044067281171,0.35611100313883826,0.147161109116198,78.8953983324988,34.24125392240456,34.90108611839354
679.7855318032917,1.6084272830742603,0.10365425322632292,0.1161555170529903,0.025417323717489865,0.039793527303319365,1.2674614302218352,2.772786728056852,0.006531884591273288,0.09163903967938411,0.36852934969709245,-0.006694894134333242,-119.50703535275026,0.0,102.83041867061435,0.5665604323723387,,0,0.28664142846624807,0.35022995667013374,0.14498021995249646,78.08274746051326,44.01790750202073,42.88107832279185
681.330324466745,1.3837764233518983,0.10443441361682718,0.11822809505533567,0.03442037189192949,0.04017345314820256,1.272341095890793,2.706353051762424,0.006687703234182577,0.09320348175820493,0.40563805771071826,-0.003898085247129098,-111.20089404226363,0.0,96.83026345374714,0.5783992234921834,,0,0.29605705958050355,0.11564665677839692,0.09354528174731874,77.98350909342516,50.19928798033226,50.416386005168484
682.0499483782914,0.8759450126065291,0.10373818819469276,0.11799809615262365,0.03342212731557204,0.0402535076521576,1.2637703615400397,2.684299736709836,0.0067856147697594365,0.09320492751482372,0.4014173917072656,-0.00497653010607263,-115.66726845025794,0.0,101.08317070035005,0.5673521898315677,,0,0.3004424476768656,0.10563051991344795,0.08981857158923594,76.79594876287572,58.0636881720118,50.986209784966306
682.702407391427,0.8377593658581345,0.10347337444932099,0.11754700260193877,0.1417500240576568,0.040104023124526385,1.270367884004532,2.766556989898247,0.00675580236603167,0.09398676788765678,0.39494007188833946,-0.00404021858029925,-115.11819411266654,0.0,103.65407035118922,0.5608023721939296,,0,0.3013783374823478,0.10511563866289844,0.08613890760970655,86.7263704314177,62.14281640477954,58.64267358349051
684.9668239664265,0.8418911905156586,0.0911359021309171,0.11846681861628712,0.07910484208173127,0.04009298023914607,1.2317818605954742,2.639478440016029,0.006780262201966299,0.09669890783543057,0.4172796501015673,-0.004025079826650792,-103.29890330824864,0.0,102.5833472204886,0.6241915134878792,,0,0.29714097639850573,0.09748011923093139,0.0846127830014352,84.46457814907279,71.3104073238579,56.92098673317277
685.7312244769138,0.8791893296746027,0.05344215230557472,0.11545176640400305,0.15080465853292932,0.03877127863441672,1.2188335014401266,2.592631691084774,0.006612659916626767,0.09685517638739352,0.3863252050176387,-0.004078294396387161,-115.31992322559378,0.0,101.08910575401401,0.6351760529385895,,0,0.33854641148234077,0.08943365333676734,0.07591880524433853,92.62072004433291,79.25163841833793,64.8269942330449
686.3293119056212,0.8512913033517066,0.05309636572237654,0.10387470472715503,0.14674622824190636,0.03864535470932276,1.2148319642488363,2.470727636934331,0.006714626864571691,0.09810533031391935,0.3937878904124391,-0.004378646390977809,-114.97400297443654,0.0,103.16845529099774,0.5601356116575955,,0,0.34978368515266367,0.08885663517838278,0.0766547037311723,91.61884683763088,85.98573526370157,71.78687661933223
687.1704723000067,0.7887287762464722,0.060454970223941015,0.10529100906081204,0.1521754400178574,0.038896146366937376,1.2264368178406937,2.6128641271655053,0.006769242927304304,0.09988234453637772,0.4041558079032059,0.011129706313022819,-103.44575153156102,0.0,99.98711571585397,0.5631401671451599,,0,0.3511800333053464,0.09037537149471377,0.07971760638520389,92.43090143085414,92.45516946278158,77.53265740072783
687.800543013672,0.7957126653069603,0.06974661109178867,0.10358783566377766,0.1930541746240502,0.039740602379026616,1.267417415356401,2.4741371705873427,0.006564282012307696,0.09960413934722281,0.5322565273021261,0.014704170314312367,-93.9130831077184,0.0,100.78847989448278,0.5584054555688422,,0,0.3465090141495078,0.08853556856979221,0.08249835651568035,98.56387718829883,100.00634851866312,77.55098289252265
692.4029377190739,0.7946053720935051,0.0650508966243072,0.0994726261680159,0.1378552303805134,0.039096834586469606,1.274883815930825,2.4912617619309096,0.006611704712433678,0.1009960652972474,0.5386820055336726,0.014572573479130626,-93.27117828442,0.0,101.40917505049018,0.46491747623375274,,0,0.371057060454393,0.08875196487780572,0.08359454820793463,100.8480227567004,99.23540107884216,79.73003206496077
694.6193793666371,0.7756392179995548,0.06606887427846586,0.09149292396494006,0.29709015765965874,0.03936037029199626,1.3963089469473773,2.1549886153066575,0.0033530102996664705,0.10078119433041145,0.5353353427311,0.026336450014748148,-85.97677014850723,0.0,104.65390124235874,0.23794280212374005,,0,1.1187639779445087,0.09051208594090608,0.08539915519244023,98.99907135635526,99.10424902978262,76.85360482830977
695.4381514615521,0.7654042939969804,0.06959901086568507,0.08495095858735065,0.2170493610598006,0.03976304051606295,1.672122951112595,2.1548828195117693,0.0033321946810439063,0.09924068866984628,0.5630989802461988,0.026622399961456027,-77.837126972186,0.0,105.86654540450691,0.17218226041982265,,0,1.1397045655788638,0.1009652918676476,0.08350076722813451,100.56992084145112,98.38536887187321,79.08981918264911
696.180163672569,0.7758537090801794,0.07103639515264086,0.08127832555947885,0.20008935013163445,0.038816139728988806,1.6810075808082598,2.294811529094767,0.00323305139698977,0.1011133730267739,0.531875966380984,0.02625812073390911,-77.29469188594815,0.0,108.81425235768802,0.16124039602283816,,0,1.1333661285242955,0.10394292224470456,0.08725496328472586,100.42494628022007,100.10056131313195,79.33709961185893
696.9157792265944,0.7619751881909823,0.07084333270410881,0.07997741573756009,0.25942324419526663,0.03918933127402459,1.6752734173051262,2.1644616347073167,0.0034910346186580823,0.09986811248867901,0.5325549687984087,0.027006375700384274,-77.29491154527,0.0,103.56614377694738,0.16829393525880257,,0,1.1646428490224794,0.10934993791834645,0.11134570264301058,101.74910805164774,100.12953335396222,77.87093047939433
697.6417997951324,0.7694352334358459,0.0700818219657718,0.07932341323184497,0.2779611925028256,0.03933895226129344,1.6729426246415344,2.1558565796300213,0.003259432825367583,0.09899529294576029,0.5382388136597684,0.027434357082834215,-77.10853420528231,0.0,111.06059854135373,0.1614071963453134,,0,1.1674340076136882,0.10611569803737737,0.10703256927016003,92.85749278994862,94.4673988921041,71.94731801004706
698.3646220351746,0.7629360351272051,0.07024227710095877,0.07765290545971615,0.25976212185344405,0.03857818794581359,1.7157984629470666,2.2145613267537714,0.0034288227042894286,0.09923071817839968,0.5560813962641568,0.027468556505969074,-76.91148665344978,0.0,109.31047808818796,0.16091536346872712,,0,1.1631971454804693,0.11440723635325528,0.10932905458065761,93.56850219807546,86.65134630064422,65.3190467118553
699.0970392607043,0.7669409559083054,0.06980648616260039,0.07570455158750382,0.25310010548003514,0.03963805264166125,1.7053010914006275,2.223296800542599,0.0032551330778222893,0.10108348118854821,0.5660832180733048,0.027055214678443393,-76.78066973049624,0.0,113.03335031418402,0.15048097855422532,,0,1.1660910799709072,0.10591653119305063,0.11064868953586571,85.30068006625206,78.64075520920805,64.39800549062247
699.8454481287126,0.756416387797401,0.07055553794164053,0.07818324993651797,0.319357957848107,0.03947151833657885,1.7002925778084081,2.214158642750855,0.003384119675703602,0.09951900805533756,0.5628749781637515,0.026908607343588103,-76.935221379619,0.0,110.3465136889563,0.1626633481265227,,0,1.1922818575662795,0.11534994885852153,0.11321843482896475,84.16558098754791,71.3335912702479,58.819807275307035
700.5778653542421,0.7501407838424718,0.0726096456213109,0.07773298700958362,0.294396758310284,0.03905261455050574,1.622717371293249,2.1724270073614966,0.003254442408988707,0.09941927222334408,0.5637954666919246,0.0273055420907403,-77.51970338500426,0.0,113.49774852081948,0.16565938423521903,,0,1.1727318473550608,0.11412395520429783,0.1138042088444506,85.61447297706655,64.74338638610064,58.24551019332507
701.3006875942843,0.7538738622510048,0.06896789988039675,0.07597208694969848,0.3292689578928936,0.03947556267392814,1.568420174217574,2.1863737371991467,0.0031861502447704535,0.10017111586167249,0.6590251123544998,0.02658614977241743,-77.61543568067357,0.0,113.04060677886359,0.17339870334666066,,0,1.1908460960700402,0.11766119473717065,0.11159740609792065,86.19738422469824,55.52145716865943,49.535554590199645
702.0267081628224,0.7486739018434959,0.06930350312035288,0.0771182201406559,0.24613800203223757,0.04003294797424804,1.5215330923340582,2.182074864602982,0.0033623091426836045,0.09994566363560498,0.7381237038964922,0.025981441723353007,-77.40027784999135,0.0,113.085810794788,0.16114191394437616,,0,1.094955359388585,0.1123402270860798,0.09936512856330186,85.85153576652608,48.75133645368198,42.647358748903066
702.7495304028647,0.7638317840483696,0.0693431796594419,0.0788768070648814,0.3263236016757316,0.03986174948214498,1.5597457955151182,2.1623008866686306,0.0033193465581634876,0.09959611965088622,0.7456635370768625,0.026082651157115864,-78.21989442287187,0.0,112.56677264938271,0.1706951606673464,,0,1.1033943698223188,0.1186867056421697,0.0982818997183149,78.72633963603424,42.70497721498762,35.41592678137277
703.4723526429069,0.7640996391698842,0.07563396848408087,0.07833574469429637,0.26992274371717306,0.03952853398731382,1.5631540810599505,2.165800751158273,0.003142221190350987,0.10115609532021537,0.810137241092039,0.025725010874949716,-77.67801414013486,0.0,114.71545932750773,0.15673776447405832,,0,1.1130661831230493,0.11049645089048449,0.08866967887886662,69.73435561037857,36.92821036528883,27.985340367297443
704.1951748829492,0.758581969688574,0.08019316878626358,0.07999951762518863,0.27712008664921006,0.04060103583289901,1.5729981982199404,2.1677562125264305,0.0034652269211519287,0.09886901793750111,0.8243210485175634,0.026458945604192166,-78.82509275167418,0.0,111.03646543735249,0.14168669010483262,,0,1.1009285504546147,0.10327446258143481,0.08125824074170551,64.61568650201365,28.519316672548534,20.5661076629806
704.9275921084787,0.7650223638644834,0.07778805048953302,0.07991643022067915,0.2837782661336202,0.04033447544473769,1.571015399695544,2.169489337008934,0.0035129861354396413,0.09893432076053948,0.8239830665175811,0.026400944280946546,-79.08184678570561,0.0,112.00638520996772,0.1594085623248286,,0,1.0932897526226915,0.06510107603265294,0.07948558240424987,56.390343120240324,20.99765382250939,14.235651106243143
705.6696043194956,0.7601594330054102,0.0818044009567162,0.08070776004880478,0.30188995978621297,0.04006145320807096,1.5295117537188787,2.1696226491918407,0.0033856020979078803,0.1006001723734104,0.8368068195361016,0.025484032399299594,-81.0417006497028,0.0,112.05833646320065,0.14427840792959035,,0,0.15344886273571293,0.06305234423781247,0.0725662245398329,56.35908955882149,14.562106213006851,6.544531921128878
706.405219873521,0.764527108330875,0.07976090241631127,0.07936925395900328,0.28241856982686353,0.040954452735783645,1.5325825267492694,2.1614496669556713,0.006565598812239441,0.10151122526394836,0.824190246609624,0.02555595679877586,-81.31393608558939,0.0,109.60755945136603,0.12903681594920985,,0,0.009243843860883439,0.06212680841763109,0.034190622753808714,56.60318975248507,7.449452398981075,1.8703660127692552
707.1472320845378,0.7687485524292329,0.07592115716793461,0.08124345057051673,0.2266584624006938,0.040788795462892005,1.521861393104424,2.1556662513245817,0.00661210768685886,0.09916042392073385,0.8366766264871673,0.025478266133393,-80.73095061539296,0.0,106.64998121802448,0.12940305500315943,,0,-0.002125480538341065,0.058874495035069335,0.03343157195684525,50.43262175550305,-0.6327251211456566,0.558256841598852
707.8892442955546,0.7721689775573428,0.07658338156296021,0.07917903805520261,0.2794474455342053,0.041524118022504504,1.5164842092836197,2.173195610130733,0.0065504206664093395,0.10088890468035404,0.8596359171236065,0.025441202785857882,-80.4848830139561,0.0,112.69672618911673,0.1555245611293499,,0,0.0013733218737366063,0.05376265537525846,0.03003209283655336,51.04269627121222,-0.22041178873365794,-1.499999283432315
708.6344548350672,0.7746505238630148,0.0807775630611719,0.0806125646573941,0.3364703265068206,0.041675856647380966,1.603441091071419,2.1681745528511445,0.006651771807176387,0.0998340071800623,0.8486029462117314,0.025431837692191893,-80.77664786729679,0.0,114.15321141681967,0.1346306857915719,,0,-0.0034194086889761254,0.05080139367262425,0.02964900418006822,43.19619384243479,0.18066409824374718,-0.009462146047917246
709.3668720605967,0.7795074360671703,0.07976903201956781,0.081464591074671,0.2850218269906752,0.04259383332792693,1.6064375648116485,2.153910534103,0.006697144759413397,0.10168354046711015,0.8480353296591073,0.025986582615185994,-80.20887454802865,0.0,113.0953379039903,0.14033472092439833,,0,0.004229054501960507,0.039999648549735166,0.023836988814224462,43.21066347415925,-0.2865143681058744,-0.1401989305255089
710.1088842716136,0.7828431865562211,0.07979043632278454,0.08080740219570408,0.2831734488167805,0.04152663632705884,1.6139598796798706,2.168479198678799,0.0065844458050893055,0.09976781509362033,0.8503561221152706,0.025596680918593764,-79.77387148076923,0.0,113.29934737775288,0.1557775899794701,,0,-0.0028381299355521848,0.03789845622861095,0.023108866260512655,42.509153404008615,0.5931604676124059,-0.5232740652614067
710.8604914681177,0.7749169181223705,0.08000277297218741,0.08193564410337571,0.2521288665296512,0.04180582878888235,1.606573138372779,2.148394924644576,0.006786619011859044,0.09831264990604449,0.8471934943661813,0.025278962365651504,-79.91451572573666,0.0,116.20293034697599,0.1475244044501801,,0,-0.015387218986358992,0.03610485557982147,0.019925266521204917,42.90885640470517,-1.8953550596906106,0.31281324124551513
713.0609414732022,0.7667472513805996,0.0930308908057453,0.08223236478794688,0.24961335072915428,0.04220399967262637,1.5554639598998563,2.1658508163065453,0.006675121337756069,0.09964244994350455,0.8631606878047969,0.027006645609675327,-79.09575633247113,0.0,119.89845977797911,0.15660571261076067,,0,-0.016871889131627134,0.034785884892850026,0.020311227600563427,41.67205200083418,-0.43941314396510933,-1.3110889995755612
713.7805653847487,0.7640232512600885,0.09344307716157729,0.08478266874990019,0.26232240209179036,0.04211625658800642,1.5581309650840778,2.158771220635664,0.0065751680713611,0.10045316854156872,0.8683232368902387,0.027009697623650374,-79.12830655561434,0.0,112.10475977096281,0.16126641122208335,,0,0.14327295319473493,0.03605542984378551,0.018233432929680916,43.48548880884799,5.269281724658317,6.631184450776105
714.5065859532867,0.7626133015660035,0.09240140434388408,0.08350072773716902,0.27150867882818275,0.042417294735203864,1.5673434481753084,2.1153528988279175,0.00672429619932829,0.09944208932360724,0.8738243986755051,0.026992670947272725,-79.70927864678362,0.0,114.31818748264665,0.15597649330704932,,0,0.1422923260213551,0.03034778306978208,0.02127559250484317,43.475952137069164,14.797512346354752,14.848305996800487
715.2262098648332,0.7657387960577396,0.11466743153533929,0.08941068615447204,0.24948953256957934,0.04344835579914227,1.5581549325643202,2.0159597457899974,0.006570757772786207,0.09993294888929292,0.8643127887878126,0.027468910233012355,-79.18408737575993,0.0,125.26914137562308,0.16315105490992482,,0,0.15150361346751745,0.034721143951494116,0.019760310177177314,42.38899977517005,15.656932516928773,12.338986142147554
715.9394371193882,0.7663181555379694,0.12680365091601944,0.08869503999525616,0.26936850049080646,0.04384820718612447,1.5590145783041425,2.0424571075746734,0.00661603419453765,0.10105316336782827,0.8666887514180941,0.026694652917672385,-78.77590576573347,0.0,120.40422267116212,0.16382961408323082,,0,0.15715670568448276,0.03633505109634394,0.015028574383621308,43.06938255008919,14.657183172157055,14.562784577665852
716.6462677169517,0.7714859934515119,0.12922025432871334,0.0885425527312313,0.22057685426839393,0.04389888737719851,1.6031245753956311,2.1241226632945636,0.0066853419856170585,0.10112450098945279,0.8905685204698112,0.026680209959974104,-78.82083097879573,0.0,112.59590401880853,0.1708996074098809,,0,0.15923188669442123,0.03979872998936582,0.016608092455110086,49.661650533562764,14.502562231874576,15.16886461781477
717.3850815994728,0.7686208890401834,0.13075300327622164,0.09286255538759244,0.21996006813942284,0.04337137652709149,1.6806319137744552,2.151730900289757,0.006583234367893727,0.10121661001492943,0.8823454129879923,0.02713933554254388,-78.49630682389665,0.0,119.36210408484514,0.17150882246695665,,0,0.13576536479089882,0.03862087282473343,0.013966852156669277,50.55988870623148,12.398257224363878,14.5007609464172
718.1270938104897,0.7762101686974281,0.1350552363930233,0.09912116710499749,0.24872624148354247,0.04396205314012793,1.567455966615358,2.14322011985094,0.006666965090703063,0.09877289514227988,0.8748810946132288,0.027060167382334313,-79.21633178070596,0.0,120.98493727298802,0.1662971834173034,,0,0.14840401024269068,0.04292014421086589,0.014114713411551622,49.618631400440776,14.04542689485893,13.438528821153426
718.8787010069938,0.7700981725966217,0.13377796387845245,0.10074242329562899,0.1782816694380452,0.043637525883459524,1.5645507570338582,2.1826108155932635,0.006802212728830236,0.09872449548718089,0.8824043806471986,0.024928194695465335,-78.92501284452307,0.0,117.27810899654068,0.1684770591881963,,0,0.13752345455116688,0.04605830730072302,0.017358762607581325,49.81313573348893,15.348596365548103,13.572745426723886
719.6239115465063,0.7834359086342343,0.13266893099752006,0.10464803162494972,0.2126091274829637,0.04425108167472433,1.686846886565024,2.367141661052762,0.006721500513341741,0.1006811116097951,0.8619621431584185,0.02648844581678302,-78.20415898520247,0.0,124.82706181898484,0.15966443100831215,,0,0.15911015642031726,0.04494093237037335,0.01882618946935878,49.24254431021018,14.24997358815259,14.46781723440169
720.3883120569935,0.7966158084151993,0.1362251316326736,0.10900231235893777,0.14475482392875147,0.04450162617427816,1.5643373911246736,2.1801163701853485,0.006579639510046153,0.09988579164171013,0.8737948964250295,0.025584543090442655,-79.05145622421264,0.0,122.83843979838088,0.17683039599383216,,0,0.15067792142915784,0.05123494741232616,0.017780961679413128,43.12406453492607,13.170047655349697,14.18478871406963
721.1559108959765,0.8036265629312213,0.1318526012401981,0.11559499006082513,0.12204523753586075,0.04523641279647773,1.6855118028128737,2.3698607764864708,0.006611224701828473,0.09826906113189586,0.8999332166669727,0.025764030226925003,-79.06226664454773,0.0,126.23969103736692,0.17308626196004473,,0,0.15385929253176348,0.05408879179768217,0.018933342210140824,42.374899055576975,12.668644009053477,14.918136085265724
721.9299063919509,0.8054906709407039,0.13250758445168304,0.11644945050668354,0.08146251010491457,0.0451244821996656,1.5749933859523637,2.3656037005743333,0.006633071978774731,0.10046724039347528,0.86334124398,0.025592318934530407,-78.43603297378144,0.0,124.57570587980436,0.17044369614918242,,0,0.12278088028128664,0.05276221334367278,0.017822188338416783,41.39194856012799,14.809316353082657,14.788376789626891
722.7166952019085,0.8069664303683608,0.13401724800084888,0.11976265575319577,0.1542960642956201,0.04595864389036914,1.6665213686554603,2.3739873281560184,0.006568881089543259,0.09901355353460105,0.866530502000153,0.02551510920015699,-79.10334140438209,0.0,126.17935035425963,0.16627861827234974,,0,0.1402843791187335,0.05294208067230562,0.017472135501634834,43.80832739427738,13.121390958709721,13.889254626851454
723.4938890263786,0.8102843756148854,0.13148585165253573,0.12287176703283346,0.08990213689517612,0.04498549574793241,1.6870484589182444,2.406972568026323,0.006680031303352376,0.09960038839375254,0.880280871979295,0.025603415495617215,-78.55070706880774,0.0,117.06456694054002,0.16823253350486006,,0,0.1374951253037212,0.06429955875601893,0.016224454707488817,43.20966500629979,14.826537066420377,14.050025639336896
724.2998678073108,0.8085384896698556,0.13352633622601232,0.12616776004193617,0.13212330813466397,0.04608986772231109,1.6613374527270117,2.397147318945798,0.006435234118996271,0.09992077627775602,0.8606891253221303,0.02588958833437812,-80.10861511180774,0.0,123.59777426290417,0.1675711331865667,,0,0.14636537762193214,0.06410120093929811,0.020714488880096367,44.32730382816145,8.628960520410121,8.031679378895117
725.1090449167386,0.8102327653784461,0.13175455455307267,0.12922309632466902,0.1244028537882935,0.04682884273508796,1.5588176924614288,2.178950527797949,0.0065818648537409215,0.10008417174462485,0.8705959566424567,0.02664595495587728,-79.34596027708122,0.0,122.27876984641495,0.17458799411610665,,0,0.01020872831229432,0.0644297088729626,0.02115684146189805,43.603129260577234,8.200894223843129,0.3089905088003268
725.9022303836877,0.8057951189158753,0.1333654302284841,0.12589595131954398,0.09954871537029181,0.04754994720536285,1.5651768703350961,2.092995560614701,0.006716014506293538,0.09849958395855993,0.8772541648550173,0.0264380008371485,-79.75483085396644,0.0,119.47818901442237,0.16384388659334786,,0,-0.008879698417549653,0.06596093868834314,0.021557288056478698,42.95607583849127,6.590660292565578,-1.2483382295423762
726.705010836124,0.8057918288497724,0.13216088360789768,0.1263731048324585,0.18235334699793782,0.047004772832560784,1.578222235570795,2.072608059666223,0.006793848713656737,0.0995949119661167,0.8740855341847865,0.02644955417200904,-78.55976058444989,0.0,120.86045880879392,0.16632361629720657,,0,0.00750047722018394,0.059635245879891295,0.018811148233577896,43.781581682735485,6.396188311045901,0.6074308825704867
727.4598163611238,0.7795787654779569,0.12930464240426684,0.1274790898261377,0.07344742692074838,0.045878493451820615,1.617140691988455,2.0760804863295363,0.0065786116703158,0.10018101695505482,0.8816843120057267,0.026577952714860062,-78.31960730533854,0.0,123.14070008998311,0.16765052488765123,,0,0.016248613240786608,0.06282693831519853,0.02122331699316549,49.082652910181714,6.166927898260666,1.3099861071331762
728.2018285721407,0.7815330848491281,0.1296863247798467,0.12882161109472928,0.06454984205650435,0.04644159843163932,1.5670302046059248,2.0809110424356483,0.006686108266079441,0.09928118260827078,0.8680462765906298,0.027023168538745434,-79.47607227310633,0.0,122.84046537053665,0.18008836311709553,,0,-0.0003930856783493273,0.061606648300726874,0.023741105928109685,56.51148060978196,7.853882868313199,0.15211564084443685
728.9310474691746,0.7591634231121269,0.13019924513241732,0.12615171103200482,0.10458185954516433,0.046438333028925714,1.5646647355033483,2.08408265080307,0.006430952877576384,0.09734710522818069,0.8475896043925004,0.027472937885330836,-78.98163429146167,0.0,121.50614960689033,0.16457812925451087,,0,-0.02074793805275261,0.06521302661006935,0.026973953975805598,57.58882089850717,8.860818833682972,-0.2575154690545303
729.6442747237295,0.7508741481056792,0.08610645095222061,0.12786175213596815,0.13915308788629116,0.045639404103798,1.5636858318227804,2.0785978203221243,0.006744357045010641,0.1041614102045726,0.8586111526096056,0.02633473149854398,-78.5348576476522,0.0,120.79188288569426,0.16369060718553627,,0,0.0012983953905554445,0.0631548426078329,0.024520775942309322,64.28638849610074,10.86038277634508,-1.1646325554952375
730.3702952922675,0.750894620796509,0.08790536794056414,0.12753439813290723,0.1403524369199857,0.04173946334397637,1.6155987001617766,2.081271420988671,0.006559153381073542,0.10408486754938878,0.8223163875763718,0.026793673809442163,-78.12807481276498,0.0,122.47182588221513,0.15579150016797913,,0,-0.006703432645388392,0.061088269706762385,0.026391210035280332,63.72242139850855,6.180411860078583,0.03617691359831197
731.0963158608056,0.7568350762872701,0.08730056945884108,0.1199425727054686,0.12154025589681919,0.04191888177113276,1.5669268152994504,2.0978841710563,0.006560730194166683,0.10333029865871421,0.8138835302700098,0.026039322937813175,-78.33782813949409,0.0,122.55404359792445,0.14815873132234533,,0,0.005488058027496936,0.060841520985669396,0.02402283307054875,63.45273023746312,6.799175258157,-0.5102080819178441
731.8159397723521,0.7530915130298558,0.08654683851788433,0.11333836020387816,0.11896273412385464,0.04206678741707076,1.5625929427472856,2.0763708016960942,0.01006721257471963,0.10534872142725935,0.8534599594864386,0.025948571610707783,-79.34903779494515,0.0,124.05101392493957,0.16163518401061033,,0,-0.025423662155895307,0.06230815309028982,0.021510201837451687,63.75810438504891,6.62658298517472,0.23783616909348726
732.5259686984114,0.7576329565577647,0.08435444253196574,0.10771049559543512,0.168207980104117,0.04191550984695884,1.5738422495253082,2.0978777947859375,0.009924127406734783,0.10167310214109744,0.825390679304672,0.02612712783810823,-80.07627300444258,0.0,127.6424753269585,0.1330190847150857,,0,-0.009624275529055329,0.06625775764307867,0.022954592280717556,62.85622777841714,7.947700052356982,-0.7531191508647805
733.2423942814621,0.7507071236002771,0.08293394626424912,0.10595810421162401,0.148456322783408,0.040654242430846324,1.616971688673453,2.310239241306029,0.009830153978769367,0.10250951017146923,0.8288747711014308,0.026041103325833596,-78.9545731021709,0.0,122.3276971963277,0.11356475367838757,,0,0.006288389169585549,0.07364410776752789,0.028729958501402624,64.83533413854661,5.414538838243616,0.3397994661773474
733.9524232075212,0.7537628469273622,0.08216649700561147,0.10137487669046832,0.140286626160654,0.040825336552267034,1.6895506287788125,2.3083167842146968,0.01022140850593814,0.10392423695829359,0.8178004294706195,0.02672630919339824,-77.68579383675466,0.0,123.27591380474146,0.10369892943376978,,0,0.006205631074810216,0.07700483908709381,0.03116046546317082,64.40494917580956,7.142585807334746,-1.3398533328597346
734.6752454475635,0.752623540113278,0.08280219341310222,0.09990711793677702,0.15989240004981886,0.04217344467419092,1.619011670800237,2.3236170715814586,0.010009500196269089,0.10298054372489047,0.8350322902966453,0.025261697991331548,-79.56730511429393,0.0,126.71303979240409,0.08799974900309841,,0,-0.007122036971289946,0.08033670539701578,0.03171710868224864,63.79351217845344,6.370383542651182,-0.32908541654278894
735.4108610015888,0.7661199206408438,0.08254397209339637,0.09304918113489095,0.1866092058120475,0.04161433769168232,1.6221570459152577,2.3339846818013847,0.009949580056429392,0.09983421857590971,0.8131174814608257,0.024907963642649716,-78.97909050509078,0.0,123.1211633306133,0.0926842434639119,,0,0.014642309339405026,0.07853761429411221,0.029797833720178246,65.10748025625918,7.56248827625075,-0.23808478648220552
736.1560715411015,0.7755188146518646,0.08189636174127356,0.09504197473459422,0.15496366418884477,0.04176516199989188,1.624905176262374,2.331243960733372,0.010159014980334512,0.10125870118430758,0.8264938639648333,0.023943513600996526,-78.9487925750143,0.0,117.80947793883163,0.09241519869531313,,0,0.011731838140674718,0.08075785808255037,0.03015099721698516,63.703596667568505,5.586478397974141,-1.2757256510031711
736.9044804091097,0.7826432008097198,0.08374859155139988,0.08985347833193877,0.14561339268950102,0.04199064952276918,1.6352115248842696,2.3115802890712116,0.00989737112962344,0.09414326673438039,0.8092099151870664,0.024875686927633662,-78.56034927400275,0.0,121.62608457649071,0.09295928171271303,,0,0.005137336586469072,0.0796918724956786,0.031792699786951234,62.44180860073752,6.2382475986977415,0.7749059793983722
737.6592859341097,0.7891675527534093,0.0821045846724976,0.09015566146712088,0.1592912399091707,0.04091522626688433,1.622996390861362,2.3103645822118937,0.009847198617594496,0.09474217259720513,0.8331816432299048,0.024232985418695927,-79.90251963869576,0.0,117.4576789121387,0.08497830367967163,,0,0.004887225507603123,0.07555134751669537,0.03245801649832294,57.33206824441037,9.876943516977995,0.26310414643914104
739.2232685685374,0.8160934382335492,0.08322028902213077,0.08952722933932425,0.12515338688318658,0.0405728593379183,1.627352272545604,2.261735685086578,0.010073604774415624,0.08733292761458318,0.8277050153231504,0.02472970246244598,-79.21788797643727,0.0,117.27905639107101,0.083705793919826,,0,0.004954011584693645,0.07635075459901712,0.037529056595183186,49.45988227724288,5.837424663313382,0.032279847137208065
740.0164540354865,0.8304621583062519,0.08392827936661716,0.08874711186771496,0.16108179424901836,0.041919814990631105,1.664824662129352,2.3233756281379545,0.010213912929461565,0.08622332948517562,0.8206928247328498,0.024829165959400826,-76.25436245964231,0.0,126.27446004049881,0.08978393286249456,,0,0.03788871971049432,0.07248107570680856,0.03762058582773032,48.73667235578404,6.173474654739157,6.548090309236835
740.8000445169482,0.8281051728607354,0.08220538241877483,0.09138273759898774,0.17028201943885943,0.040009640411815005,1.6326805910890452,2.2480411641860982,0.006587022830897717,0.08581703396160215,0.7595667701733761,0.025140968838506795,-75.8157980935615,0.0,116.00505695641021,0.08766321443474069,,0,0.044741301343655976,0.07855814278809703,0.037877698804593365,50.67865206188896,13.746300804920747,15.356330640437049
741.5932299838972,0.8280240115906978,0.08366202086514965,0.09196121215341725,0.21263472895944152,0.04063981888198613,1.6293058840574817,2.2652254164595744,0.0067236333599244085,0.08553730224106096,0.7552727273617866,0.02425608140214162,-76.37946079361608,0.0,117.25992754693827,0.08952530576843956,,0,0.05028753043617089,0.07391938159054046,0.037829974235752115,50.51829022549162,15.07771730450916,14.380601393305787
742.3896137793421,0.8237331534337493,0.0826624044545351,0.09069088685304204,0.24329440800230343,0.04137079389777285,1.6108096304711004,2.1772767616345585,0.006581226347812854,0.08608844870715697,0.7367853460951461,0.024975162777519527,-75.94373795670138,0.0,115.96823030871717,0.08350380121005854,,0,0.057364885389374634,0.07581644207287248,0.03979391881018415,49.30912180181939,13.976950236501185,15.120435176387701
743.1796009177953,0.8229486687669776,0.08205074845653905,0.09034125361450944,0.19075774143519447,0.04093017151841962,1.6146051352221946,2.174796455766223,0.010034338423839077,0.08775276788386864,0.7380332107891087,0.023263637009670282,-78.85170889736422,0.0,123.87811382974157,0.09216693069323137,,0,0.04937816373917985,0.06464999841887929,0.03894948541000953,50.23705598782209,14.203533296169837,12.958950500119178
743.9727863847444,0.8296432538003746,0.08265048483176515,0.09145580294120129,0.24419525345558935,0.040830182845861616,1.629873042488984,2.2379985587725497,0.006558823892033119,0.08657656361825611,0.7355516207497815,0.024952197654527837,-74.74784394451106,0.0,121.6994448071354,0.13768188535695441,,0,0.06056766868758956,0.06409482256431523,0.03819726786396265,50.450264217025016,13.426759918277934,13.812164147128355
744.7787651656764,0.8206087885337563,0.08237965815156403,0.09141368371673159,0.3072204529952132,0.04137374574923179,1.6289653461988984,2.1664190208448746,0.006862897180868417,0.08667498322604927,0.7310211818500737,0.024891188151644535,-74.72969726934532,0.0,119.30244205183075,0.12426944049423305,,0,0.04161000264115999,0.056314316884138176,0.03804698510424207,50.348817197635725,14.29794160704324,13.878156655207237
745.5751489611212,0.8211915109835047,0.08378827782047354,0.09235133948748746,0.34473545846617226,0.04130130856536278,1.6364264276580047,2.180805557869737,0.006667995684284988,0.08599083459253173,0.7272078042669206,0.02491686220841884,-75.42396172558786,0.0,124.04786573016993,0.12283712418281643,,0,0.04424618033046349,0.05421401451380905,0.03393938897996825,48.86492049943937,14.327452396356383,15.234597954744553
746.3523427855915,0.8098753270857684,0.0824354728067602,0.09244589630944466,0.29982548885478894,0.04108586156743013,1.6285999235322326,2.1698851264835213,0.006730807560452351,0.08535782471910995,0.7181800949884735,0.024606780949475278,-74.17007968342601,0.0,119.08731759386586,0.14006848874068964,,0,0.06645768519133953,0.05611704919462632,0.03371700975860155,57.497204156786985,13.094688059802515,15.095516088559789
747.1199416245744,0.7967254649234683,0.08482779153094694,0.09108868750263391,0.3095455546724894,0.042666221740476726,1.625308224635259,2.1832404747116376,0.006668744368478992,0.08795204907473125,0.7462412623873931,0.025011063823298107,-75.07896584874862,0.0,122.01038254798284,0.13776763056432162,,0,0.04097212361940766,0.053276978913550724,0.03517704438877284,57.638030763849514,14.465690736653322,13.238258066500874
747.8779454780702,0.7937724426358183,0.08705089155261876,0.09133497473396361,0.3457174948985745,0.043604492388664644,1.5998308225405378,2.154410282399482,0.00669920794632572,0.08796131811901557,0.7710974784319506,0.025210206760160322,-75.7366216260514,0.0,118.81845975255824,0.1668996021597505,,0,0.05331536836145282,0.05397193971914775,0.030962778431615746,57.833882053764846,16.220035904268418,15.799363343700064
748.6039660466081,0.7722767830976365,0.08786674266140106,0.09179685147510719,0.36356064237128627,0.042424133446980955,1.6023079559964073,2.1252209475051287,0.0033133848969266726,0.08714750538564026,0.792336178780111,0.026371553394912664,-75.20717640336414,0.0,122.1558093693459,0.14200979300022326,,0,0.035091156603209446,0.051445838130219336,0.033465734902368684,65.45718949824555,15.552975611791231,14.01232855861278
749.3427799291292,0.7652172358080017,0.08724290731300059,0.09308279421960917,0.3658086038616557,0.04345489185648945,1.6254608586595185,2.4008236330208943,0.006390566998338433,0.08716897185748204,0.7829733335110852,0.024802820818913933,-75.87012656297165,0.0,120.20128381867937,0.12028633247578623,,0,0.039412124666105275,0.054561859810721404,0.025218822483044048,62.49529236344745,14.049021234872342,13.440629947558289
750.0624038406758,0.7583559546140121,0.08516910633086068,0.0920184951113491,0.33980755860436496,0.04464960145894072,1.639229899663817,2.3671542615051875,0.006569266565428924,0.08703346681290566,0.7946205938661665,0.025374467521768806,-74.77706410608712,0.0,120.908647771067,0.12456467592364999,,0,0.041950310748318884,0.06997440410652916,0.029909860710288116,63.52091335149944,14.16321569708405,14.889312671396333
750.785226080718,0.7562039251239283,0.13736247259081952,0.09029217584557529,0.2702425632452833,0.04456407759121825,1.638499427957422,2.390787905099669,0.0068026442744027055,0.0872715438081927,0.850047039054553,0.02629997544016083,-75.33714703953177,0.0,120.93540168285655,0.12057623990475402,,0,0.04736091218553964,0.069266954653372,0.02812756719782562,62.797818500744185,8.63522727934138,7.891023423427284
751.511246649256,0.7597026304540289,0.14302048946188242,0.09143839119230059,0.31364922148288205,0.044786935064861845,1.6301894321495014,2.3889695212748565,0.0031555062465570454,0.08721037896237742,0.8447575148459001,0.025723380640027185,-75.55990576349022,0.0,114.16093163438073,0.12319870879399447,,0,-0.019178929964348595,0.07275368982646499,0.026374285613546343,63.92079299412008,-0.27780607888882564,0.9570955996504833
752.2436638747855,0.7578207646642213,0.14255788701220454,0.09448162726961906,0.26602137101785583,0.04568794120342525,1.6039256090557759,2.255937091903544,0.003354420076092511,0.08758924868243108,0.8756825998137586,0.026425140299994668,-74.86522306701103,0.0,120.18065350122114,0.10341843793318645,,0,-0.005681015885490725,0.07659402779708498,0.029467337209613018,70.4699075473407,-1.4933310127504638,-0.49182154890025576
752.9600894578363,0.7560964238589064,0.14210092403876473,0.09688556788606506,0.2680515357505621,0.045409580327170185,1.6053875238396136,2.2368436391169606,0.0035318096344546463,0.08680121016996956,0.8761671725847452,0.027665060777706342,-74.81220052759437,0.0,126.70881446045794,0.1075035298522118,,0,0.017027743374727282,0.07241103161979773,0.027696451303110815,70.46846369237038,0.5544341075409216,-0.3851416396489466
753.676515040887,0.7536158461947977,0.14345658702397904,0.10386523249433813,0.2310486043480491,0.04569788006971984,1.6042767479243158,2.237531443443488,0.0033856345100255467,0.08735648565942733,0.9044406899522163,0.02738912195684456,-76.49040087144479,0.0,122.57031446492917,0.10417226889418588,,0,-0.020924385894871066,0.07410248751976611,0.02499858039364016,71.65522764536907,0.16784571921298147,0.42299432445920954
754.4281222373911,0.758500407487647,0.14449030526392626,0.10835716250535483,0.2783785372811799,0.04557892997526329,1.6308883228928952,2.3547612605490817,0.003183438470205235,0.08624367834362442,0.8921124308737698,0.027457172504116133,-77.11527198812458,0.0,118.52504429936694,0.08526206798893146,,0,0.012703735299283179,0.07838435774715599,0.024742436096014335,63.74049319461361,0.5972208832540761,1.174516835198943
755.1573411344249,0.7672531201657329,0.14343614599350693,0.11434493052302848,0.3162630755293016,0.048527092807193,1.6090536132352131,2.2411921491463165,0.003380915747314248,0.08645120439318633,0.9136777190101404,0.027282925018560753,-76.4873771456873,0.0,121.78368048169958,0.09609561737956797,,0,0.006297630844591199,0.085582419206233,0.020956150532433618,65.34079019216351,1.093059935115593,0.8665112115834159
755.896155016946,0.7675488511358061,0.1426096884582428,0.11928239559542748,0.22140875378602054,0.04833076229655872,1.5942247705316184,2.232527946138414,0.003300178224877502,0.08837439756298252,0.9339998759547541,0.025797996127350824,-77.48523443903183,0.0,119.77166073954304,0.09161542505866983,,0,0.004476023981543646,0.08308102895635798,0.02348140411168563,63.444998368736535,-0.5747985815219164,0.430381841990576
756.6285722424757,0.7665039599751945,0.14414655235486462,0.12463703627231575,0.205953500266172,0.04880786693492959,1.5372143141776629,2.1943480937059086,8.69820620672497e-05,0.08623724031356639,0.9400250024037634,0.02782964242620525,-77.67179190402395,0.0,116.24442054888925,0.10109986807648699,,0,-0.03098309023149132,0.08300884009087267,0.02529444348884767,64.36357312166234,-0.3815454832856903,1.1176508983037488
757.3545928110136,0.7659178027644802,0.1455298127253437,0.12958262351837327,0.23273121146527068,0.0494578658636824,1.5442708955388658,2.156265446186626,-0.00014131627698072078,0.08755301617384857,0.9464446276704286,0.029250891799017825,-77.61172388465405,0.0,115.84919034666041,0.1278165301884104,,0,-0.0034400172874956693,0.08178194147528926,0.02401496357604446,65.36343325011772,-1.5549731320372264,-0.5355691552465186
758.090208365039,0.7631217351843811,0.14370664135509661,0.13616496268381031,0.2781787250796269,0.049486278324926795,1.5389220000972161,2.1735867810747784,7.852743667433467e-05,0.08714690424257959,0.9469474203280126,0.029466374626212256,-77.9173087691396,0.0,118.78032983923102,0.09894093665954545,,0,0.01096917936350598,0.08063184085123283,0.024289363456136408,57.30457781709941,-1.393557462450228,0.6535394473497265
758.8226255905685,0.7676522045631237,0.14307053323352842,0.1341147806649716,0.17899143617367688,0.04926864297520952,1.541553213269401,2.1762306990438196,-0.00012719199517246643,0.08776741415981948,0.9598963152615239,0.03126663534319468,-79.44825144732508,0.0,123.2687900132578,0.1149297022717867,,0,0.004152543949910034,0.08416895194013793,0.021283411229489988,56.83756853211348,-1.2640948678239583,-0.8038231193003137
759.5582411445938,0.7685872712019908,0.14278900967054634,0.13490532487386878,0.18973218494322264,0.049686064656889496,1.5849478788939986,2.188528280965506,-0.00010312736632045486,0.09320321379575722,0.9489782025462214,0.0308501691823972,-77.97744359839824,0.0,120.92404494986204,0.1032316656449582,,0,0.007018398510389953,0.08182283625610154,0.02055872165285576,56.09739494376455,-0.5205037849159654,0.17676876777586786
760.3162449980895,0.7653480555933501,0.14509822620850654,0.13608439742649125,0.22076153485639854,0.04981882487428851,1.6396188955293698,2.178022671419134,-0.00011959247558758093,0.09413841460007288,0.9495146660171716,0.03172407886795557,-78.11785612646356,0.0,118.51941279276626,0.12755351396999084,,0,-0.016585687457494863,0.07728746472278258,0.02171248457327344,48.86279928372869,-0.30605009485075185,0.39180001768536177
761.0870421655682,0.773731786902967,0.1448243352221348,0.1428467519157738,0.2438844761600825,0.04978738713636914,1.6625156158213765,2.181146205233034,1.1257218620800016e-05,0.10606036503124935,0.9293874297485137,0.030688474465741543,-78.14696137357365,0.0,117.10905015863821,0.13081528694350208,,0,0.0017992401733495187,0.053757069734217976,0.01763652820251449,49.26226825234925,-1.0229941966619374,-0.03369135069427921
761.8546410045511,0.7684192574132815,0.14153386916189287,0.14293867710648597,0.2521291033535801,0.04953689358193678,1.6402911009516827,2.1786522618163295,-8.490207036197622e-05,0.10742028915492259,0.9336114744888812,0.031172434071544738,-77.28334788745723,0.0,119.97842969743513,0.11624910260203167,,0,0.016877936023106492,0.054134907280391185,0.012915830768775543,50.16774049582115,-1.4344474137677754,-1.4103181116894234
762.6126448580467,0.7735482313490236,0.14172533427599016,0.14260894443614208,0.2112868842906505,0.04929352183213439,1.6548472436278385,2.1717868621905985,0.003478267019846467,0.1057157813319635,0.9327823396233137,0.031305644019101554,-76.3951013193845,0.0,117.77953527489191,0.12923310330204965,,0,0.0016698647775015478,0.04372976414088455,0.014694391598288479,49.42994321778677,-0.21107575223657168,0.009497840512978929
763.3706487115425,0.7752858487126714,0.14224046493055928,0.141177865006527,0.2897421282754465,0.04969281666204643,1.6604657812191095,2.1687727762315854,0.0033887483276449303,0.1061921015694663,0.9462297988402044,0.03164810905793099,-73.92332512752428,0.0,117.98472656061524,0.12391683567415478,,0,0.0036701146484850143,0.0483625620504584,0.015556986223301143,50.575601096472575,-1.9033446295135934,-0.34946564722416185
764.1094625940635,0.7663150643561867,0.14118473226609926,0.14257306126889926,0.2560329079898136,0.04920984530397384,1.6593992686207153,2.1887994981852277,0.0032633879453466065,0.10652697973571522,0.9411940636533871,0.030843350689424932,-74.0938938688158,0.0,119.16585295426457,0.13289502844705844,,0,0.007245487520464604,0.04589726897736747,0.017359392291282867,51.64265291198457,-0.3965191193849114,-0.6359700596487617
764.8322848341057,0.751952679647277,0.14329775154367028,0.14178504633008657,0.32035705879610965,0.04941239073951883,1.6654019117251884,2.1917024515269468,0.00311151813185477,0.10819144213332241,0.9408543378908947,0.031017858297139968,-73.88796755360126,0.0,120.73113945149873,0.13368483721862226,,0,-0.005665853945164823,0.033150717439416104,0.01790193265575849,50.03455178865821,-1.1711358025050251,0.7024824433826037
765.5487104171565,0.7505582887628389,0.14313535594594134,0.14211256947021844,0.2814361608647796,0.048504364482246126,1.6659847834002024,2.175961118809252,0.0032267453997074417,0.10678574908517487,0.9447655801659348,0.032000303435382564,-73.40928808155859,0.0,121.68053366280917,0.1331396019793075,,0,-0.008464997011183303,0.03337031788446382,0.013318046873216492,49.78138457167518,-0.9156275384425523,-0.2948614953440105
766.268334328703,0.7485159442683235,0.1433556947570486,0.13999246848674518,0.360062864613318,0.048986961274088636,1.6614073362039639,2.1625348828595174,0.003377031413796879,0.10584029202261976,0.9390837790009734,0.031398909229586866,-74.28770991642087,0.0,116.49079034425247,0.1306056170578933,,0,0.0031282401706679433,0.03074131242482238,0.014321222091274132,49.625077733818884,2.99601353362348,-0.46811630273527904
766.9719665977707,0.7422279249482169,0.14337158109201548,0.14198009969499994,0.311629404064225,0.04887205511604638,1.6126063599775813,2.128917762987109,0.0033560197395092264,0.10651636441457418,0.9272826322652317,0.030561846525709993,-73.87014582841122,0.0,123.79109545472096,0.13258481828461086,,0,-0.008797662378104289,0.0275297715662799,0.015200273681695554,49.45413678131871,-0.37656351740947114,-0.10970101302587913
767.68199552383,0.7453536967343809,0.14373437098776215,0.14373334525272366,0.32991941069541747,0.048798586502996164,1.611711784645251,2.1500588355814627,0.0031946153910437274,0.10679739090723749,0.9148016126060273,0.03074227724088079,-74.19238588704069,0.0,119.81085109633092,0.124879414998701,,0,-0.0005455072459043236,0.02811391008397864,0.017261805831425343,51.16185322757391,-0.2915097317209024,-1.0021128967149566
768.3824294644019,0.7456331690660184,0.14321471400327954,0.14496226228890266,0.3890555165137759,0.04842242941212135,1.570033079196161,2.123763389475471,0.0032433804708077315,0.10626501247926518,0.9196443966427064,0.029900732722044968,-73.68728410987057,0.0,124.24690726328329,0.13297489926469774,,0,-0.012466845573033201,0.026095700214690317,0.01617820234647107,51.52302332807136,0.43456162569007684,0.06265640038537071
769.1020533759485,0.7523102114811538,0.14333117720803196,0.14292551478407522,0.28665209145246145,0.04824173782712825,1.5819466378199405,2.115438070507353,0.0034086071937408755,0.10686603205931508,0.929455208876717,0.030206795409170317,-73.77544162531416,0.0,121.60607970789742,0.13612702749579425,,0,0.0055904930945912925,0.026954645352643674,0.015476359304414242,50.53877929270899,1.1583482999770098,-1.5496194123538682
769.8152806305033,0.7431758987963741,0.14314627082890366,0.14415817434389028,2.5958177019462876,0.04884981078509515,1.5711281306438531,2.202949648720261,0.003282597681979377,0.10512703614160815,0.9444634227027194,0.030624333595952045,-75.40194179552095,0.0,123.26437494086645,0.12499946857563084,,0,-0.0015400773201233752,0.029804799399117416,0.01566320885012592,49.815390203541234,1.0390497096025704,0.3238756033841966
770.5253095565625,0.7430659095985032,0.14410284471705515,0.14422779244178996,2.5766858682312344,0.048656199963826106,1.5796279187933553,2.146785339643391,0.0033895514121059017,0.10821307418230415,0.9238889572106405,0.02987232658415555,-74.81145192989267,0.0,117.76397992125565,0.1471108861622947,,0,0.01048880257097508,0.029133387953809427,0.019741355940297477,48.8445945521902,0.49653837596502864,-0.06953222961804464
771.2513301251006,0.7483320910903003,0.14284941545065988,0.14305137019030567,2.567526659291354,0.04821350751070531,1.5627313689699296,2.1427104829046324,0.0034095160447360964,0.10755553627873218,0.9181317037128571,0.028625007618567736,-74.18236497719937,0.0,119.6559802603451,0.1444107313827632,,0,-0.012180180263737232,0.02819119839846553,0.015029983475991283,49.63577355715769,1.2106137618956676,0.4454336591670809
771.9741523651428,0.7478883290979981,0.14515343590213725,0.14234778530540088,2.5585538095650904,0.0455565472594882,1.5666571170003072,2.1519746831320186,0.003353528994343072,0.10541556108570742,0.8804844445450497,0.028281121584244083,-75.90649879578974,0.0,119.71600372073955,0.1537843899912492,,0,0.0012727450525581694,0.03284860846098029,0.014673675900835964,50.349119667981256,0.7513477281609519,-0.3588398060935047
772.684181291202,0.7564943928222368,0.13446245652852176,0.14265962510459163,2.5680473924899805,0.044913528110450594,1.5647776629901262,2.1547923589170637,0.003200677356942158,0.10716814385753205,0.8822291001801642,0.027623198435906438,-76.69271027826616,0.0,119.60519977654262,0.11500502761544057,,0,-0.014306523820216606,0.03612066490659708,0.016116088606239396,49.57217693306333,-0.47635147201684563,1.0177102712947965
773.4134001882359,0.7588772905799717,0.1170378177509153,0.13785006845263492,2.543240912020638,0.0448924099136794,1.6861188046128277,2.160622355374166,0.003384565448635639,0.10750993756467472,0.8679230204902519,0.02783127981504122,-76.81555960312181,0.0,119.33062218733428,0.1630810731340739,,0,-0.008158992042395919,0.03634147741237157,0.017206484194094505,51.150929461333966,1.7051063766402275,-0.13784098478688284
774.1394207567739,0.757789933992876,0.0702361039302814,0.13580779581058153,2.5783394440667937,0.040281790700380994,1.6774696381176666,2.13758838643098,0.0032674324545617995,0.10842792885748148,0.7795406985859181,0.027629352450747643,-77.88630127068572,0.0,124.36165610139513,0.1439770166458287,,0,-0.014505066250571595,0.03360532587052173,0.014795615822238452,51.06571501016307,1.1775595921941808,1.718562787626211
774.865441325312,0.756222331377647,0.07193878805089196,0.13043500871950955,2.3891528500323007,0.039904941684277676,1.6905067681268346,2.166140082867645,0.003418194891563081,0.10762354671939363,0.7602281095528827,0.027804419748430672,-78.26509428830374,0.0,126.32510028864961,0.14920201038274444,,0,0.004449256097593937,0.03880652642213288,0.012758386580132884,48.887505914543965,-1.0946837496627946,-0.39317533418969874
775.6170485218161,0.7646300461155618,0.06986342822418347,0.12349703162160275,2.4171212932690875,0.03987073980028212,1.5605603279817075,2.150026537274169,0.0032868485307881814,0.10793785311536457,0.7167191203657873,0.02592800577883481,-77.17401595233092,0.0,117.08735669432866,0.14061248849063734,,0,0.012366564160207734,0.03676601353796438,0.013961439407011458,50.900616210216526,1.9208555590706606,0.740026759338398
776.3654573898244,0.7642955820574756,0.07000155321687017,0.11494935542535308,2.384904348789749,0.03968971399095818,1.571211488895001,2.158262679057906,0.003299976993004789,0.10657024919068366,0.7184166764690133,0.02594434891978365,-78.50885076077917,0.0,122.00413531133404,0.14132927931801223,,0,0.013648802969104123,0.045145907392054464,0.015226611562719296,49.259470909233315,0.07269602980510899,0.7936095647165812
777.1010729438498,0.7626832940625574,0.06944219175279488,0.10901477461288449,2.268854187516046,0.03974910629558514,1.5723663450249041,2.156361402348351,0.003518438767937068,0.10781820447993273,0.7164611436565536,0.02583335076817897,-77.82424124614877,0.0,116.89539781354763,0.11389671473496263,,0,-0.005061764057531289,0.04267509308400436,0.01472610910721372,49.36480176557469,2.1901600411187028,-1.0664650905505946
777.8430851548666,0.7736247904497405,0.0697469235427614,0.10727383773700128,2.2827525751558038,0.0397501471796423,1.5601702107063973,2.1354240971926144,0.0033161319258229248,0.10766970325218024,0.7230476374543927,0.026699587877866804,-77.62365845470364,0.0,121.14973423678117,0.13701769051659868,,0,-0.007078418185860172,0.047839060090350286,0.018466453770460037,49.2629177811929,-0.6576789662233118,-0.3897085324771303
778.6042873368581,0.774458940906315,0.06791836293956838,0.09957803638202137,2.170021311330432,0.039332650717587854,1.5340215543612254,2.1220230080298412,0.0032695857742021535,0.10719385073493631,0.709723024972514,0.025953923691810165,-77.75297127675883,0.0,121.42244642738001,0.10169061711039229,,0,-0.010264495197500589,0.05079398066604442,0.015705958048558503,49.90085618804004,-0.7829062477562736,-1.2813466915705984
779.3367045623876,0.7889950521950909,0.06884995912227346,0.09311760517464525,2.2166238867055013,0.03968154150627917,1.536441844365473,2.141609918606432,0.0033519458945198213,0.1081621410934633,0.7323249952012751,0.02522250667530331,-78.32282078675001,0.0,126.8402711262827,0.10666812246938619,,0,-0.0002610694099722297,0.05477152511790055,0.01549739629131346,49.74302944203875,1.8332969448677674,-1.282264716128645
780.0627251309256,0.7716722255760832,0.06989102883903148,0.08575464491933245,2.0993151691678023,0.04029122901804626,1.539796577903272,2.1394199318310334,0.0032537876752614945,0.10657916540330586,0.7369421874476206,0.02449305385376554,-79.02949518018701,0.0,122.40620548990118,0.10479942152448554,,0,0.018193474172703644,0.062036472614511014,0.01905920429429889,51.49094026849155,0.09206504281707574,-0.2764480015751983
780.8175306559255,0.7725307729257656,0.0731910619756149,0.08046834984880653,2.0804954230166945,0.039622759598190595,1.542111071390901,2.148803447798652,0.0033087577912132827,0.1063643355772758,0.7624671506688541,0.024544853649933425,-80.03864534164836,0.0,124.09359951102476,0.09721939901882828,,0,0.011187769841184398,0.06061471762410261,0.018954903230022448,49.61694961276595,0.7656245950712205,-0.6093518522090507
781.5659395239338,0.7659304696138182,0.07110243180598129,0.08083086918726996,1.8640256961194988,0.039337583308933485,1.5395818043018619,2.17283313489154,0.003348250069459396,0.1054354412262203,0.7546233110139429,0.024676242760635587,-79.74855851740172,0.0,122.8004369438066,0.10630449758611159,,0,-0.022095652734801626,0.06381263419975491,0.019674069900703365,50.54684933295252,1.89050839599448,0.937116340746224
781.994515542366,0.7732303099071858,0.06915772388884767,0.07972565987427711,1.6573016717132758,0.03943333703187838,1.5825637163508601,2.1312499638475995,0.0033320606435052074,0.10803787612352517,0.7696905514717686,0.024391638980079164,-79.18190385421859,0.0,123.14433952164669,0.10802173846529205,,0,-0.004191294072851458,0.06556118900007464,0.020229308886018968,56.55020646205142,0.2662324995777797,1.3570076009911556
783.0595589314548,0.7670187443737639,0.0700989380735997,0.08122365901890387,0.9568199253118038,0.03976605718444788,1.5803760772159345,2.1530462439879177,0.003282518100348815,0.10576451147572283,0.789143114221506,0.024628492207939622,-77.98024481509039,0.0,116.5456370983379,0.10506492468844401,,0,0.004975550174973513,0.11605041624990957,0.11242376559190063,56.70215688128935,6.571360623915699,7.2623357419726835
783.8015711424716,0.755199153756007,0.0808751772691206,0.08209011157229577,0.8606651649268185,0.039672004231170746,1.585532350206998,2.1632352982514447,0.00657114179549477,0.10683186731255846,0.7939750427403776,0.024781016897453965,-80.03766451642961,0.0,122.46154852941747,0.09454915669441386,,0,0.007521928837856838,0.13189572300993008,0.11276606574031184,58.989688303141946,15.688623876995099,12.949991110154123
784.5435833534884,0.7548621094715692,0.080554650672842,0.0803311004512633,0.8015618762507939,0.04001504307361013,1.5950651850891011,2.186866447529204,0.006743223106297871,0.10648233381760647,0.8046130254455772,0.02506719943963625,-79.02605516126081,0.0,119.32352113012199,0.08959051470929925,,0,-0.0055598090001387195,0.1279356872270111,0.11361828998247518,57.40563461425246,20.445411665671358,21.969819057585923
785.2664055935307,0.7486146945773154,0.0828230755648394,0.07973969211328255,0.770702347324176,0.03919351777332562,1.600696110647942,2.1506410659548627,0.006648583554149573,0.10706318466324173,0.799544060745053,0.024584469090899622,-78.67650062944023,0.0,119.24892709857728,0.1021563010834428,,0,0.011058230302672785,0.12676584609783104,0.11474697299802636,57.36780533790397,22.680926732505668,21.06325503300218
785.9924261620688,0.751604958153196,0.06910649530023664,0.08108853031421964,0.8008116203510516,0.038835613329967565,1.6137005309492387,2.1902959970690037,0.006686069125809364,0.10491610509267257,0.8079313052458974,0.024758296906280963,-77.55897850224598,0.0,115.05712862669024,0.08311441821862177,,0,0.005798832622125565,0.13302552868178236,0.11568401837178185,57.38993906310032,20.259698122129787,22.888127732855228
786.7088517451195,0.7546066172203194,0.06967447592734713,0.08038863681510244,0.8723563694415692,0.039501228630164156,1.601512570477885,2.1736987233201344,0.0033400363271002907,0.10645382558197251,0.8260453102480834,0.02434423212875386,-78.05735338547083,0.0,118.4867159192154,0.09498040576333984,,0,0.016080090344666214,0.13104589979796202,0.1095021419090568,56.962681446889036,21.534375365728796,20.374897376369017
787.428475656666,0.7435140354475483,0.07177084537641426,0.08117009925584363,0.7436420883978734,0.03947699062267333,1.6127438137971686,2.1591663259650566,0.0033887850776285187,0.10596977869255222,0.8266216599825637,0.024616780331835786,-77.84740348566316,0.0,126.0463715581102,0.09500440884533583,,0,0.032509796757175864,0.13004554145452707,0.11658084513993487,58.20804016277701,20.311437063096744,20.254852029610404
788.1353062542295,0.7513154326270836,0.07985055741194344,0.08198361053206099,0.7003925426500472,0.03991063791044568,1.5996279736193804,2.1401158491206256,0.0032020459506695385,0.10577074934730231,0.8401220364042881,0.024513845092691933,-77.83948574248576,0.0,127.13552028089562,0.09286111117302102,,0,0.018259626573561828,0.1337162725581289,0.11975908186266347,63.408346141205435,20.667043462364365,22.279640575357956
788.854930165776,0.7532192007533915,0.07107637991788152,0.08045256711034585,0.6553518595955019,0.04014217082129763,1.5786807923997255,2.1480412257048735,0.003189973831170757,0.10647631486954463,0.8266660636273877,0.024747965054679605,-77.85760407548709,0.0,120.93237568598535,0.08446006313609404,,0,0.006856824356183079,0.1352774850957366,0.11770124575320197,63.13626507802334,19.64554508321699,21.219030023994435
789.5745540773225,0.7489357172362989,0.07173001192058683,0.07767375918991358,0.596692994177278,0.03981848088378726,1.5963413672859885,2.1135194754649245,0.003309648455647859,0.1060847336206724,0.8461397455646387,0.0243660435073042,-78.51047526954389,0.0,128.48585372292058,0.10295260100728662,,0,0.014592941506149567,0.1327790714906019,0.12078935040600246,62.90936726985127,22.645072025017736,20.53745392495091
790.0383117092081,0.7489688930657321,0.06806943348407102,0.07678101322701683,0.5879872115989015,0.03991885187476251,1.541563193872793,2.138248582428048,0.0033994790772985074,0.10559289400587439,0.930494016149227,0.024474906682320417,-77.8396899192771,0.0,118.83712845372061,0.10034756772483093,,0,0.02082743758936937,0.12694317034099997,0.1139583365815802,64.2608453262628,20.292708083187293,21.76324092056742
790.9466370020045,0.7485061471724469,0.06935922014521395,0.07561709795450715,0.5495140250407828,0.040327983947817114,1.6097567944905087,2.1305010365662005,0.003523316449877008,0.10626009865449154,0.953190012128548,0.02429021691062614,-77.82886614401076,0.0,118.58439219615872,0.10379065477844837,,0,0.01867943030903461,0.12378617242798512,0.10784621882209258,64.50816575312174,21.658450171826765,22.37088178243161
791.7174341694832,0.7501815136425968,0.06942805327959595,0.07664213663419533,0.5307010698142561,0.04007161190011059,1.6262135148148016,2.2863277890975264,0.003344469059014906,0.10589286394892532,0.9652015167431938,0.024772226358773967,-78.33684951975911,0.0,122.92841103879482,0.09344165992031302,,0,0.023467763992883618,0.11939553700838429,0.10859876339061739,65.81159678141594,24.54656530290589,21.5778769967313
792.4754380229789,0.7635111594558165,0.07623837528424181,0.0766802728549403,0.5003670323196479,0.0402285822965804,1.6104310352877103,2.1553759405647432,0.0032046374662587215,0.1056307058292366,0.9726027642212236,0.026141923621630574,-77.29067747998639,0.0,120.58429289401127,0.08615293247667848,,0,-0.010581104143921868,0.1242249165061209,0.10949326041541646,70.77167482088554,22.544901657885234,21.565470250042647
793.2078552485085,0.761898847095336,0.07900731757159908,0.07611693467692203,0.5415077850436202,0.04061213040167951,1.618578952936451,2.278423893236669,0.003238868165750704,0.10614226363524278,0.9717443329849295,0.02584006132999641,-77.4662526368992,0.0,128.62910840668619,0.08749768948859506,,0,0.031562290970595555,0.11972157661942777,0.10883137212725191,71.72650798924141,22.87218770503742,21.79530568507832
793.927479160055,0.7569539675976844,0.07498323798384952,0.07561028739992261,0.5624156455955001,0.04018306617446834,1.5322045777128936,2.120494724674004,0.0034567236829220805,0.10706216763664465,0.9796621833605882,0.026517623754390686,-78.41350472809708,0.0,122.21111298282929,0.10909891007337864,,0,0.010466934170009965,0.05469208076398275,0.037443036909133885,72.61899126703035,20.28039501290278,20.720747643015148
794.6630947140803,0.7724367391010811,0.0761572951250209,0.07598025531495577,0.5579977790510502,0.04027462575542091,1.621188695369129,2.2365915512602585,0.003267858615678401,0.1070842607838392,0.9326921110627416,0.026393951788243483,-78.28913272986719,0.0,129.78539434711192,0.10601408892324615,,0,0.0005314034594276745,0.06067002334549403,0.03670745559219465,71.67203646416993,19.054559028309637,21.500515671153902
795.3827186256268,0.7743286759824016,0.07689436047366875,0.07968738799643822,0.5185658462529513,0.04089346655009048,1.6254818049084083,2.228305403184147,0.003413134370778108,0.1076034340834991,0.9282666950730226,0.026330873276059766,-77.74923084552863,0.0,126.02028936213132,0.08993502917545099,,0,-0.009297194706591655,0.05237350569024019,0.039359300756359294,78.13763136619639,21.428076272279295,21.40054968031471
796.1183341796522,0.7683978875577532,0.07907191689602722,0.07826822618393993,0.5473303759628964,0.04131574724994761,1.6266644293117958,2.2499180485428623,0.003408263414850813,0.1068930131390084,0.9307527377444793,0.02606424683104253,-77.88368882931127,0.0,123.13358655903676,0.10237628804349636,,0,-0.011611929788888035,0.05529190708782344,0.03636114566952594,78.39485033909136,21.178661213330518,19.956210533205176
796.8667430476604,0.7754119854112906,0.07506919601404206,0.07936959925542116,0.5665176944181454,0.0408978558859007,1.6241552659453542,2.205046771515632,0.003565708238550564,0.10534224656247852,0.9063933824516561,0.02586915548165306,-77.0922274986871,0.0,126.98821880749425,0.13867886444130928,,0,0.011017267694313333,0.05630833869402303,0.04017165880486312,84.38849429737748,22.154546975488028,21.402427319219687
797.6215485726603,0.7764223473325675,0.07660635586607299,0.07924411491392554,0.5580452002399917,0.0405786567831283,1.6641175924681004,2.232487191389518,0.006608413772063791,0.10640408316330983,0.9155379147386403,0.026149942381900673,-76.96297192124344,0.0,124.61739523269998,0.10716934277447822,,0,-0.0005178595892187518,0.05273389067131214,0.038083181565319264,85.04832847897177,22.86331988367101,21.738481335848668
798.3603624551814,0.7818277340842996,0.0777023989639885,0.07922905507271268,0.582915625667734,0.04133760957023903,1.668455163734709,2.226035495804278,0.00362655665230738,0.10905253760870996,0.9113451033058537,0.02546752024778385,-77.34380965350564,0.0,127.43655473527957,0.13115092805559816,,0,-0.011030660034352366,0.052836706999109015,0.0376189158312671,85.04892566890896,20.516364649898463,21.59086257373782
799.1183663086771,0.7907725849286282,0.0788528167371261,0.08043504661999468,0.5760897886003805,0.04117902524818876,1.6646734466160322,2.2427841364012657,0.003439349300159088,0.10674877723390916,0.8953774861843029,0.025477884101755693,-78.13159984127229,0.0,124.17856707057095,0.13774360043194214,,0,0.005946521522045833,0.05102067587196596,0.036352160839897805,84.98584560430915,22.609022557031423,21.243808204033993
799.8763701621727,0.7887013077931577,0.07726789193217516,0.07975776935178486,0.6461216529239718,0.0406987712989659,1.5663447646659376,2.1886568569853337,0.006709993506833526,0.10649159379236141,0.9071184338324125,0.024746930696789123,-77.64879215774863,0.0,117.67570796686766,0.14700889651871413,,0,0.027361343540568028,0.04631823338819931,0.039117189565187234,85.93050143190555,21.83301014269069,21.091230002636294
800.6439690011557,0.7927219623368248,0.07681270989041468,0.07859502510010004,0.6884431483154577,0.040966163857448244,1.570709705766,2.226515857864441,0.006607600613752656,0.1074499648909517,0.9102136934904708,0.02545315727035596,-78.57482978814814,0.0,120.00175616346549,0.15804605435669658,,0,0.002896975326806317,0.052530194618840204,0.03860318255433197,84.78143083344803,21.057596905532602,21.112749413459817
801.3891795406684,0.791964008915112,0.07840186583855688,0.07974740504438141,0.7128865680076631,0.04034869493126765,1.5718591678005311,2.1870710287219,0.006669739343264629,0.10620880252747761,0.9284359987873532,0.0257482016471918,-77.98008023850956,0.0,124.97585931532555,0.1401286896973407,,0,0.012166649749482738,0.04556984631765886,0.03675359147674858,86.61577966995932,13.005681811505966,13.81022672636026
802.1471833941639,0.7861753191985071,0.07694803884094344,0.07850374358493166,0.6839307352268801,0.040023425817343014,1.5698241515540325,2.228767538466415,0.0067680883681041915,0.10536293478370826,0.9146434964072594,0.026320468964039213,-76.76039467381881,0.0,124.07024472122157,0.15386764208110632,,0,-0.006562930843692217,0.04433366334654512,0.018594522761534935,83.98548305132012,6.845213892215245,5.2196804467779465
802.9179805616426,0.7892716083127133,0.07635330964698146,0.07965930720056574,0.8640931979061975,0.04000736821796667,1.5733077864468725,2.19578266037766,0.006770458137950714,0.10743685876314144,0.8882465854253033,0.025721900151639946,-76.6703354545756,0.0,125.84995551528901,0.14782302208436449,,0,0.022540060663560773,0.04270196823850401,0.015513979251051928,85.23843657122073,0.02083228228879065,-1.8007147200122142
803.6759844151383,0.7863876762421008,0.07256171404701854,0.07538779081713108,0.7858554936417562,0.040550636387350424,1.5722689573557747,2.1970391216510765,0.003327149721588487,0.10582013322340372,0.934884411451491,0.026398122796590328,-77.49730545116468,0.0,126.92914032453562,0.11222506635376504,,0,-0.006386129005319054,0.04803176926790341,0.014441990818719021,86.10262460642251,0.1879242849197745,1.68287348507281
804.4147982976593,0.7814069341959162,0.0741296702745744,0.0746694813952347,0.7647148268821984,0.04045136093600883,1.568635234434359,2.202690401880717,0.0031288435510419144,0.10642573638463608,0.9459852436798522,0.02728991324693172,-76.73933221546518,0.0,123.58064084573918,0.11733110920407783,,0,-0.01321848125937397,0.0436349857339768,0.01649483738875536,84.71303585555115,1.3880566831304026,0.27345934010399175
805.1664054941634,0.7714531148710952,0.06894905309467317,0.07280227971570682,0.8223841078306708,0.04095321639389303,1.6747885828228193,2.186452868778318,0.003403807983948903,0.10720062948143977,0.9485771123497772,0.026842511681421582,-76.03735731375538,0.0,124.35634731274313,0.12930946139137445,,0,-0.00450456545716033,0.046310649246166694,0.013916811337608689,85.25786792280579,-0.21745163953869906,0.9144146920842906
805.9020210481888,0.7706364212598827,0.06997485875472793,0.07222772305010014,0.7897125553114924,0.040856209080778534,1.7501404668497487,2.2090255449951752,0.003211819871776872,0.10741258467437408,0.9681815566778256,0.027000664418928795,-76.34518744374255,0.0,120.58279540544484,0.12586313953574702,,0,-0.009288670445593379,0.04519990843304399,0.01710666098249939,85.44009252449892,0.6042355878748643,1.2115015017276822
806.6472315877014,0.7709228930184273,0.06913058285098797,0.07243101580188688,0.7795625424421914,0.0400621381817727,1.7584619918561855,2.206092636130872,0.0033192624184884435,0.10791814129095437,0.947068315132165,0.026939102320440306,-77.10916521053545,0.0,122.30572008041825,0.13387686965575746,,0,-0.0023942665293208132,0.049316272976413465,0.012767500214136637,86.18484416678166,-1.8300151255268657,0.6874603384647664
807.3764504847353,0.7645988354245714,0.06674527437106631,0.07129459089212918,0.7969800922378958,0.04043868808940192,1.5802025568883555,2.193646384898648,0.003324898716737698,0.10693377725542691,0.9498324805934707,0.026251101381282595,-77.4829473548041,0.0,120.12027511622563,0.12926574170132268,,0,-0.014697513820503348,0.04471153876582469,0.017462968167773336,86.67128234136763,1.177560358687351,0.4074977811129036
808.092876067786,0.7590277936144273,0.06682079396229064,0.07202188914611658,0.759461708150082,0.04040927241188774,1.5789368840298645,2.1240368804896557,0.003354733090114396,0.10669742739969645,0.9602869215944094,0.026970489205018208,-77.26859822588543,0.0,118.25240911173694,0.11802436052908266,,0,0.013084207127369657,0.05430135817439334,0.014199292807998084,77.8236201539188,0.03662920514333374,-1.9196960118576742
808.8093016508367,0.7594790318019595,0.06895681255480654,0.0740790777949404,0.7953767649380158,0.041011839034512165,1.743112989532387,2.212440740580956,0.0033499890088191805,0.10815518410829802,0.9565492516654529,0.02636286806863334,-76.63477116722488,0.0,118.44237765060751,0.10508944489345409,,0,0.013276365122616934,0.05942766127196399,0.016500409213818245,79.49161754200716,1.4285896870475225,0.10367842483941521
809.5353222193747,0.7517727806510708,0.06607047712980509,0.07013387134648431,0.7629427967196672,0.04113405849850258,1.752795357065945,2.215040114862713,0.0031155338617347775,0.10670958504207705,0.949066153383769,0.025963831142378713,-77.00927707029936,0.0,120.02532218359583,0.1372609576857993,,0,0.0007533951025890587,0.06880560141254449,0.01389976875608032,78.14867583805923,0.9036670249083829,0.43490132004767856
810.2677394449044,0.7567627233568159,0.06607146799307616,0.06797150699023043,0.7731834211780662,0.04182012279759842,1.738373828344092,2.2101323809565314,0.003402190493672329,0.10640222939362252,0.9608487151790778,0.02504601049600449,-77.594606100111,0.0,124.26477796851431,0.10670641766903793,,0,0.010356244744238834,0.07373901528581611,0.018995425351050577,78.0453418422539,-2.513686087443298,0.7465400236331607
810.9969583419381,0.7534588752727237,0.06566975273014328,0.06881660941730308,0.7709116039848661,0.04119294244226984,1.5863201807703682,2.2151199207615746,0.0034473822799327126,0.10774004257512773,0.9568968037241504,0.02543632687661796,-77.62334804376678,0.0,121.2259243820399,0.11117192557120983,,0,0.004304076029055346,0.07374168913105104,0.020067554138773525,79.74303039271057,-0.071647943182996,0.4454274585224193
811.7133839249889,0.760960781772679,0.0657907089237015,0.0685575529139817,0.8599201662921943,0.039839942576317344,1.5768785585797582,2.126585211945018,0.0033532691883706688,0.10780486151908095,0.9398405798338693,0.02511701537233562,-78.59806132717196,0.0,125.13916204166505,0.09962809091005481,,0,-0.004608051182006515,0.0781268745551943,0.015250452944653603,72.21418657734743,0.8539711752944338,-0.23371548164164704
812.4362061650311,0.7598213360880185,0.06667787651545357,0.06918591699252821,0.8400386495738441,0.04041288972057066,1.575845189165925,2.1579307463302344,0.0069693233337938506,0.106418760318664,0.9454796685976781,0.025209664467510003,-78.09212929135671,0.0,129.170962000475,0.11773192626931768,,0,-4.656680866922886e-05,0.07489728798238036,0.02174608607787025,71.84612037775487,-0.6273398720828004,-0.03391750814530409
813.1462350910904,0.7607401438138871,0.07002503008720815,0.06929502577161152,0.9417201970702861,0.039852267814588664,1.5757058205564272,2.1380141508372486,0.006680672929288467,0.10573318857796855,0.9348039534274409,0.024881604715328885,-78.37830358547649,0.0,127.40422165483365,0.11179482667845418,,0,0.00606516903028971,0.07533148220408965,0.021717398628886272,63.49199971083854,0.130474587212192,1.8048701714677042
813.8818506451156,0.765063466200427,0.07109860001804301,0.06787135993596977,0.9797196127072981,0.03988728138263923,1.5812653540321755,2.1317053863738815,0.0067368699351581,0.10615897055975151,0.921706713558563,0.02590344226723057,-77.26529355065814,0.0,125.08624866835336,0.13243225027904262,,0,0.008675449000314911,0.07254748816809296,0.021560853210214965,63.19909719879618,1.1039397188397342,0.28259011024073816
814.6142678706452,0.7625576391333428,0.06958530904630973,0.06893360756946289,1.0455629640245274,0.039454608960405674,1.5845141279848936,2.1693072376834204,0.0069901736551062485,0.10574390367328236,0.916572792097518,0.025652421833997196,-77.1672167507805,0.0,118.06193641621847,0.13184497704908452,,0,-0.00656124897024504,0.07757711470682337,0.019299741371435614,64.74536087705377,-1.068311524944777,-0.38879048717296233
815.343486767679,0.7688956690038052,0.07104581825842714,0.06789652419333501,1.0843182511970098,0.04000324507124086,1.6727102763325383,2.160686144981726,0.0066342240834191225,0.10550458069616177,0.9185524370392901,0.026369141467040055,-77.03062992242204,0.0,122.39719242257799,0.13718994362074038,,0,-0.005685068162923318,0.07020531294884125,0.02245499414245425,56.05033484855887,-0.5999950940791209,1.4444870309313504
816.0823006502001,0.7657198958705322,0.071036332787086,0.0684853413039738,1.0452655036102714,0.04053843716221905,1.6642423613777853,2.298419162150477,0.006619153352420984,0.10809083436356182,0.9400480569133994,0.0259630286935033,-76.26521935041102,0.0,122.0484214171788,0.1346967487075136,,0,-0.0007565970232229933,0.06662498312162618,0.02410562035655912,57.494954776776005,2.717124807343289,-1.230753575750906
816.8467011606873,0.7896339888909703,0.06883214976200161,0.06805284484277577,1.0653648447537494,0.04022775640399834,1.610249691051476,2.131198134992836,0.006669681854237778,0.1053609513211213,0.9332160615116922,0.02625623806798807,-76.9251306575811,0.0,126.25056583171539,0.12241048928089578,,0,0.004854248266957747,0.06187541963930608,0.026346391130491042,58.07496237458683,-1.3823582772475675,0.019985825864156172
817.5951100286957,0.7785138634939599,0.07099591174004469,0.0683401456951697,1.0855928461895958,0.03975500508246874,1.6119329797741586,2.154069893617295,0.0034994009172499988,0.10682561303093943,0.9247424950570456,0.025931198517043418,-75.63716766189305,0.0,124.98290523374013,0.10972070345972003,,0,0.02310617053395098,0.05665031753797823,0.024005118016666875,57.53568652822135,-1.2624154375729522,0.38312204463968447
818.3467172251998,0.7885575533418695,0.07060592364891541,0.06776871004096292,1.2065879590479553,0.03989886620724683,1.623383905182845,2.151650583887836,0.003333246607494057,0.10639184737724194,0.9534303511270883,0.026421216563080486,-76.13124713246935,0.0,127.69554121924949,0.11747107264026556,,0,-0.0038481172474976663,0.05417835156193994,0.022508874254138275,57.79927261872465,-1.0334670981610972,-0.2800771948192218
819.12391104967,0.7909575074373881,0.06959241143738472,0.06859100979619503,1.2537757113590515,0.040016984641617195,1.6698625062166133,2.324387977896824,0.003451657839946595,0.10640330155870721,0.9219710257045036,0.026873602985407866,-76.30203386189747,0.0,127.49430701964353,0.11686814360111003,,0,-0.0032215582328048308,0.04531038142589825,0.02604033639788399,55.3656110617139,0.7147778990615034,0.6192802510042981
819.8819149031656,0.791043893709655,0.06908101416080477,0.06803776854304222,1.229879484866173,0.04012622043001649,1.6659174427457601,2.2921395961084596,0.0034835631455637454,0.10562393702892643,0.9363262399365804,0.026075362767783876,-75.25083992509926,0.0,121.94112419416359,0.136244133319379,,0,0.002007269618428652,0.048271511113455665,0.02448630982662441,57.47361027403774,-0.34145734758706137,1.9718059852136542
820.6495137421485,0.7961220646227711,0.07012203264301403,0.0692944799834225,2.0227827405243373,0.04000085086175605,1.6814690513598083,2.3095212701837142,0.003338910351272224,0.1066053469753115,0.9423762257599926,0.02632108987188205,-76.19190948199618,0.0,124.11855530511409,0.11442527677736068,,0,0.003516946999942503,0.0447271027330994,0.022044188092368754,57.20984253522499,-2.428087994354286,0.5443382141843875
821.4171125811315,0.7900853739361036,0.07078530514334559,0.06952868536121719,2.8732600826443275,0.04143208946398519,1.673680378086989,2.2919685607480567,0.0031057859055219532,0.1078217975758293,0.9240070832776363,0.026359502952587818,-76.02070155715943,0.0,121.80303541678961,0.12236149092527136,,0,0.0033452886457222978,0.0509229567790592,0.02681492373149787,62.84997739767102,-1.2450933712010386,0.7702190466453394
822.1751164346272,0.7867301480532296,0.06829532922338778,0.06951271918911588,2.8637351316702793,0.04150641441851232,1.6190469682903432,2.298236401339659,0.0032973850525751937,0.10562788147427976,0.9252682365944231,0.026434027641111454,-76.44252703175661,0.0,119.98895071813608,0.1268365083873128,,0,0.000850945286257075,0.04729801614083648,0.024277477898781378,63.5812057415107,1.2760341715086043,0.3151296590520569
822.9491119306016,0.794537133715429,0.07116563834281886,0.07734481243830102,2.9183264217393727,0.04182557917289939,1.6118473881790392,2.2893085099347896,0.0032290900181284467,0.10510446027496427,0.9115804855403171,0.025987700160780145,-76.26084761232123,0.0,123.79670167602913,0.14761148575551838,,0,-0.005359618723462326,0.043036393068016605,0.02463708328344467,64.98339713143832,0.4569429465375015,-0.04535130877348288
823.7103141125931,0.7890783250791409,0.06971142424731651,0.07711659173950297,2.8439898565106305,0.04187670676799969,1.6075992870992801,2.2919526979666993,0.0032170508732183765,0.10798929897760029,0.9313698155244708,0.025896694958304538,-79.17696058071026,0.0,124.77161388682592,0.15229077469823918,,0,-0.004090842702604312,0.03797375985270614,0.02599328745982043,71.1235199443159,0.34433377849846575,1.5606183777752731
824.4395330096269,0.7935282397193826,0.0689885971241482,0.074862962676989,2.9248433572361288,0.04183151027995953,1.5482415101958014,2.326345124144709,0.0032751938106466674,0.10610691300003663,0.9314130478777081,0.025379165405049038,-79.69381941933061,0.0,118.53826128441408,0.17201039595325093,,0,0.00527726715468787,0.04163261992933386,0.022813796432209633,72.81511844951063,-2.04462870506426,0.09524383361258157
825.1719502351564,0.7889256992755057,0.0714944787842749,0.07868664023785918,2.9069175061002,0.04224306585115206,1.5543897332430003,2.5117249615505592,0.0032348899420284213,0.10731968608181774,0.9255812042656189,0.022385466801013495,-81.5527239846383,0.0,125.23535174148277,0.19112012042582174,,0,-0.0007895186411125197,0.04551912508022826,0.023953864693274346,71.32078577632952,0.7251192155471364,-0.6854702249977849
825.9075657891817,0.7853810168488949,0.07369162830598948,0.07832293609082656,2.597272529832021,0.046204600669668285,1.5521029681305132,2.515041723388249,0.003306685065532528,0.10717854740980387,0.8574542615610389,0.02193578886477852,-84.44498315273202,0.0,120.52454022735361,0.19575120570740173,,0,-0.011100609412291823,0.04518985826472733,0.023036934336263123,72.53163064067648,1.4255043783459882,-0.8306504886252659
827.3915902112154,0.7961324770138339,0.07055237482640615,0.08100100504542118,1.298575631230471,0.04713435167576559,1.6240875996269817,2.5222791216601674,0.006787052953434177,0.10573375070042074,0.8689389551684671,0.019698755601779153,-92.94339158606306,0.0,119.84109956844948,0.35920784336345185,,0,-0.001602658915791345,0.04842257331288256,0.024376489656842713,72.44853040300133,-1.283127091579869,0.007423723689640403
828.8244413773168,0.7880743393588749,0.07401896668261886,0.08038268003317425,0.3169114091166558,0.04748008591503029,1.6216905140532871,2.5333245224020104,0.006734459349121678,0.1075081760521184,0.8634203122790507,0.019515448925522698,-94.23448234039793,0.0,129.58328192782471,0.5148833855709464,,0,0.03951654703921926,0.08281641974344044,0.022383015932785244,72.95809121008907,6.826806091869967,7.395161663200344
829.4832970474439,0.8023675944048118,0.08191653472497355,0.0796178494896249,0.24481627395923355,0.04771921281529846,1.5471665954499632,2.830595189277483,0.0067219811763374795,0.10681535148553752,0.8561074188540534,0.00974575483710682,-100.44843009000964,0.0,123.07028853609299,0.5450397929928186,,0,0.05219662085408927,0.11533571073358323,0.032421212008565105,71.87302233270371,15.072565450805463,6.63472496509402
830.2029209589904,0.7994406957178799,0.07303751211998001,0.08004887404366935,0.22596387143897712,0.04729275160417604,1.6505480539302544,3.0697681709119524,0.006527096047131878,0.1069886664366936,0.8567683852778185,0.010427412972459579,-103.01536491498761,0.0,124.67170528673623,0.5618642816245656,,0,0.05839461610751444,0.12127378720660632,0.03182048271692453,71.30933424389535,23.627952722597467,14.242273865370812
830.9673214694775,0.7979832648268739,0.0726295992858418,0.08718872387714499,0.2976855838547719,0.04767494653585821,1.6015167030343318,3.086804277689892,0.003419057265011736,0.10817318043407102,0.6766393899037452,0.009708282358568677,-102.49019054469623,0.0,120.665394803372,0.5580064337193992,,0,0.04671097117875837,0.12715175136063958,0.03753104924276804,78.80187988847241,28.199309491476107,13.889628552140154
832.4513458915113,1.4324404878510621,0.06921610387324896,0.0914257393501468,0.2700606306524624,0.04753506184236634,1.6192514802624132,3.0900094897950403,0.006814475652580089,0.10873395051650084,0.5947375023349083,0.0010401654451843902,-103.69761469750907,0.0,121.53008720937562,0.5579285085931154,,0,0.06567221332328578,0.14707835441993874,0.03937390027977947,79.67811633308406,26.30558131533757,14.33721260273505
833.8298254731848,1.4366891129386694,0.07391563162181884,0.09322485691041346,0.18078227761030213,0.0500354655070064,1.5582565497576462,2.8602416906935515,0.00667437957067344,0.1067546387389203,0.6791568602654335,0.000683297198659736,-102.8320421660442,0.0,122.205815888451,0.5894511100841543,,0,0.09251356502568439,0.17307179629261796,0.04237864967834005,79.56828490831678,37.39785925836873,21.531166569039776
835.4353863780575,1.4322126952432304,0.0741275334384828,0.0938971255484389,0.16395325872211405,0.04779681081495131,1.6169878014775254,2.8377264491135428,0.006675507070909374,0.106542774358137,0.5561862355208904,0.009399118232390797,-101.58216249298117,0.0,122.42890087168917,0.5854173769065971,,0,0.10679483164534667,0.17432320953182742,0.042311553184103505,79.37760642697883,42.267540859014105,27.626337916241283
836.1997868885446,1.433199069003359,0.07256226720315381,0.09596554868412797,0.18216887027655995,0.04758045937620766,1.605020592072594,2.832551072692281,0.006363049497176844,0.10899585344820943,0.5584315129893568,0.009880637212762146,-102.74524822329643,0.0,128.11966317401237,0.5878152005674124,,0,0.14771421679771515,0.1765641043888513,0.0424253386760331,86.85258777928334,50.15602104417449,34.21310439074649
836.9034191576123,1.4300082274889947,0.0698628808126016,0.0949248143248418,0.20548880802315383,0.04695386415675645,1.6170402897600322,2.9333534985107175,0.006461671732495577,0.10610441489462615,0.5512352175526914,0.00962891493150841,-102.7672789671614,0.0,128.96256418126995,0.626619802116587,,0,0.11967519983613749,0.20517747252250143,0.03995234335524866,85.57344695601468,57.031068615783546,43.214278372794894
839.0558942352603,1.4336118568805079,0.07016292108622649,0.09852647205064075,0.25260003031763,0.04752727585880045,1.6101186351536412,2.9377394984028786,0.006654805041159937,0.1067290101703803,0.5393197696836627,0.010101666029359016,-100.64141182965251,0.0,127.99121100839133,0.6247891217522995,,0,0.11590860479292935,0.1999290215297334,0.03761665411339402,85.89473420016361,65.52117215535483,43.07074102907637
842.1518762191582,1.4307425901038966,0.16799975974768688,0.09880758962449993,0.20080369446437665,0.07579072135299444,1.4978478518696883,2.8997523384938244,0.006865627726097696,0.10657492320607082,0.6920051614624572,0.0009656770886553116,-103.6552596931466,0.0,126.16080150813495,0.646271057286887,,0,0.22180949526622631,0.20515421043881607,0.03981104240354539,85.69452538110197,71.70477877885763,49.85382669114687
843.5239591438402,0.9246321523152722,0.16631793546802104,0.10520345091879622,0.20101119201102274,0.07519568825172387,1.4958434239437308,2.927271600197088,0.006691260085149312,0.10768618524090662,0.6803419953175937,0.0004673028634594186,-105.5869630002119,0.0,125.02327828758564,0.641726190089673,,0,0.473253815346802,0.20392351986139692,0.03918819939210557,85.36838573469976,80.49393663746957,57.24540054486441
845.7116158349415,0.9214523991683166,0.06392947245144837,0.10592633110086996,0.2551726218606446,0.044431755977156435,1.5421166515484146,2.9110293192671626,0.0067279928559403354,0.10690293297715613,0.4036443782432594,0.006592633514018131,-103.89829224507974,0.0,128.7392303306091,0.6242093852252734,,0,0.49266288777139994,0.20770543516076806,0.03826009496663524,93.28608891725554,85.63638032992947,63.608905224377395
846.431239746488,1.3054537949651894,0.14846213780962125,0.10695058255883325,0.26292180866149817,0.08065626339172177,1.552076697004264,2.88543703758663,0.006907924050293717,0.10686809243568075,0.5446957691618254,0.01255489605746518,-97.40451192019623,0.0,132.68075406620216,0.6450754205264083,,0,0.4951023287323059,0.2041612195061812,0.04112405921921648,100.19433375965137,86.31144539386351,71.24325819704863
847.1284753585642,1.2978785774119017,0.14986198731584072,0.10886342080794993,0.2768857395117629,0.08039506208063119,1.5126470702327017,2.9063918230236045,0.006731337131562477,0.10673538275022838,0.5605172847325952,0.006451122928030657,-103.09960069099228,0.0,128.13111827908028,0.6505026952650177,,0,0.5166241346494332,0.16184744614689764,0.0374698622618667,99.49772244827889,87.4270551811574,72.26729807185981
848.0144123518903,0.9215524066706926,0.1503752770579184,0.1108890822230121,0.3296434284737646,0.0806429038707331,1.5343535715835595,2.8889111982356934,0.006656045352584113,0.10583464705438453,0.5348444290157707,0.014532233843692366,-96.79279948865631,0.0,131.18348162689185,0.6588653526637909,,0,0.4964253847728976,0.1634356156597606,0.036034444168788725,97.82191012923685,87.90747207524005,69.55357067971138
848.839581103797,0.8603230315411536,0.06389619903095145,0.12845283512172717,0.3460234760461875,0.04438247879607045,1.5412328889177163,2.884389819243062,0.006485716807360826,0.10600233799946397,0.4035812415248997,0.01680516620250187,-96.15200938316963,0.0,136.52244517792386,0.6472652898265198,,0,0.5047845069976998,0.160638094598552,0.03916096966978716,100.1445737359611,86.49482595192408,72.08802446988257
850.0901275456401,0.8582071801768141,0.06561406374581245,0.12779325024424817,0.3276185492593282,0.044023966392687464,1.5438395659057544,2.8742602669077213,0.0032160796645910356,0.09911633655230616,0.3972778264885158,0.01784373154127194,-95.81532807169492,0.0,128.97170856449307,0.6391274799228939,,0,0.4826668326281606,0.16147772762089282,0.03665363985914285,100.72621797101213,84.92722271089492,68.89957055187858
851.3790539294323,0.834552181121053,0.06382242059194787,0.13041249426956694,0.3428169701531462,0.03923304369496508,1.554780688280532,2.8610739111621233,0.0032470317898794176,0.10049158828518512,0.24131636319783056,0.02345737742852125,-97.63564205938289,0.0,130.0912312978315,0.6226608492878175,,0,0.5304007281658506,0.15399072400644823,0.03147461516257228,100.90477371381976,86.93051685238535,71.38860182065832
852.1818343818685,0.8406059532305535,0.06324379279147306,0.130272004031449,0.3542957751985199,0.039135047829851013,1.5576293176148905,2.751910505461714,0.00674805274346773,0.1005294738242439,0.24152209966252078,0.023492374635460327,-96.30522410358502,0.0,129.15438992653077,0.5997880788146177,,0,0.49631624608174774,0.14619247254663853,0.029325284478312452,100.04220298184677,84.67312751413881,71.64766602384766
852.9526315493473,0.8286791139241406,0.06298774052086646,0.13045267192853255,0.43879002513634396,0.039121611086145605,1.5685529509407532,2.73334642803834,0.003165810823282561,0.09897482853543475,0.25019636063540035,0.024296003545526915,-78.90037857440008,0.0,130.19659375994794,0.21385767717263,,0,0.49511467169881324,0.1462180066287513,0.02831776603831096,99.19473964222868,86.37265461756148,71.9395056379524
853.7138337313387,0.8037677714797441,0.06419620509238953,0.1309652497624422,0.45302676514242,0.03953377147765999,1.5662934714763774,2.3623673175473923,0.003409926454905136,0.09845592867535657,0.2598651090774306,0.024080354585196743,-79.39198181254491,0.0,138.3817560600443,0.18253263973351896,,0,0.5238724363264814,0.14413880844819732,0.028307829622464475,98.90696534677927,79.34888180474147,63.702771765543346
855.22984143833,0.7934807162961206,0.06210018066978801,0.13093714075067808,0.48214055613013496,0.03840645114270765,1.6727830586933359,2.3198661487890826,0.003439243063091815,0.10074687623411635,0.24786417899312946,0.025354550426440338,-79.48300328871656,0.0,130.89486559685818,0.168601205019095,,0,0.4893619627130772,0.14793439387756563,0.0304761710742376,101.5045899536344,72.18014697297717,63.10425611887471
855.9718536493468,0.8005315639960838,0.061949255123399966,0.12884997156130004,0.5158670518485835,0.0384267339061982,1.6702171429004737,2.325270253967035,0.0032108804315294963,0.1009281982008873,0.23817039915007027,0.025234615151852907,-78.36620006569915,0.0,138.3289961641468,0.16880217769835795,,0,0.48396930280147404,0.1492723899390775,0.029864599104306885,98.64508049022909,70.87564804232262,63.85843133303554
856.7074692033722,0.7952533562164984,0.06311826702601449,0.12538779821972826,0.5882014054299632,0.03895524596209929,1.6718194758657492,2.307796481033917,0.0032543274963930786,0.10047780703385636,0.2523215437221474,0.025339897482073374,-78.69150598345334,0.0,142.38237865352139,0.17309176306428847,,0,0.48665844061831687,0.15202235146753154,0.029186329527472327,100.7801535342079,71.40536376760959,56.97520867287821
857.4590763998763,0.7867900889054656,0.06242350459968919,0.12118327876566515,0.6484616117843686,0.03916409037116385,1.6673933719244771,2.1316635541636906,0.003469925278749099,0.09897313726277271,0.23414243138948582,0.02546507316530481,-77.90954544753001,0.0,132.85626925632562,0.15082594241253056,,0,0.44974564681360335,0.15727455450016462,0.029787470046154573,93.59898615949551,62.8366265523392,57.40655974464728
858.2138819248762,0.7950524270469854,0.06384338601295378,0.11455763269787266,0.6221361347657454,0.03888085566374951,1.5765010764417007,2.077988958365373,0.0035045725373737567,0.10117200704386524,0.23131449960105382,0.023980070471578095,-78.9847101077306,0.0,142.39368596401292,0.1595239992258442,,0,0.19953983723943508,0.16451125341302356,0.03005084605679041,92.96843800463128,58.23113234434263,50.81357581928166
858.9782824353633,0.7878719373977633,0.061590074456039805,0.09151552830427655,0.5734724711418435,0.039554060957145545,1.6657315036364695,2.132541537260735,0.003397117932359174,0.10113631169877392,0.2764832346771624,0.025105846807661432,-79.08704994828986,0.0,136.97755506276297,0.172253215240404,,0,0.18892001615900736,0.1782876331624894,0.02890657925534109,84.0294689875091,50.38468644307622,43.03815206090092
859.7586745883293,0.7824028990445479,0.06188392610411261,0.07915510837097392,0.6233758044379953,0.039300080636413326,1.5663103185088272,2.097293574759404,0.0035269464129192843,0.10062963433395247,0.44289377744299324,0.02405028145601631,-79.64694526630134,0.0,139.00441518000602,0.15474698083392116,,0,0.09493938248885168,0.17584647938174536,0.036857733550739784,85.42585697631243,43.738037868917424,43.18231425190801
860.5262734273123,0.7897498833826259,0.06984957314548051,0.07905495931311281,0.6404126342450995,0.0400311517195269,1.6516562085174433,2.132478134955001,0.003456840392739288,0.09923498367989145,0.43533962516045893,0.0243253479770772,-79.88426842605823,0.0,140.3100260199457,0.13524315117693506,,0,0.06951973574789656,0.17674189850274535,0.03612697597533925,86.94446397168001,41.90551325278496,35.74664064510384
861.0124193586681,0.7827041906623062,0.07136760809556417,0.07966594351502874,0.5961326025819329,0.04025651415815807,1.6819448440711062,2.359985394663732,0.003454062002714259,0.0994289668083414,0.8563559198048829,0.025177782293663586,-79.30875118046546,0.0,138.6351709270999,0.0678666291223194,,0,0.06891727982549423,0.17904755166807484,0.03157350427720303,85.1272394129167,40.91846024226011,35.017074696265226
862.0614711052782,0.7885526250442307,0.11006612068170801,0.08012331099876394,0.7521971054843656,0.04369889571165698,1.6559884437687886,2.0988498917266334,0.003217452999066223,0.09827711153751426,0.874159510230595,0.02565432684617875,-81.12423623300691,0.0,136.5021121877492,0.13643176083008834,,0,0.0625986411026616,0.18078247492047556,0.11499147796052288,85.19370470397655,36.368917921513635,35.163892782875564
862.8098799732866,0.7786676657271445,0.1101243933088263,0.0791678660428283,0.8232829778129298,0.04434182583149406,1.6513422990444258,2.102090476057272,0.003572549021406566,0.09812118813645546,0.8935902576227596,0.025115807275477846,-80.500933120127,0.0,143.11008617922346,0.13695787056307784,,0,0.04887004398990001,0.17996800039878427,0.11938145607403955,84.63852253499219,34.541462111420884,33.95278100524893
863.5454955273118,0.7667312006693175,0.10980100867465041,0.08067446594980135,0.8607676481291021,0.043827428437633945,1.5290170246219006,2.094223029077112,0.0033050500859201763,0.09623565504906671,0.8821404200351407,0.025782652605897564,-81.20573787003721,0.0,135.06759267372618,0.13343518671275012,,0,0.06752950765165974,0.16769002550401682,0.11760764241529355,85.60528671588908,35.16994753061297,34.96252893280558
864.3034993808075,0.7578136882501453,0.11001133078757165,0.08685959131452467,0.792711934697361,0.04515958553114353,1.5290012257026382,2.116211656414933,0.003342912525044924,0.09618958844042488,0.9161836812851754,0.02549937665516608,-81.17276507391887,0.0,143.93930148130784,0.1312671842484211,,0,0.07032659506655846,0.16359267261723154,0.12134441214159274,86.46196675790658,35.024637576533536,34.08494665552476
865.035916606337,0.7625370642865889,0.11076737382054584,0.09214672140911292,0.8622852490827332,0.04548940959240868,1.5300620644191534,2.090524238053264,0.003374966039430426,0.09711040279284444,0.9148346908674005,0.025853740385073223,-81.0638410761201,0.0,137.23941475851254,0.12150376088365246,,0,0.07230397728558402,0.15466749113904782,0.12188582742135483,84.99614597708343,34.28129775419715,37.19731972598351
865.761937174875,0.7618241034627129,0.11128492355614004,0.09275548588128629,0.8083208567044027,0.04558251426680126,1.556157182377928,2.144993054313637,0.003347638451686835,0.09608362394538432,0.8983970120011499,0.02627804867414372,-79.79843040093822,0.0,137.17291918935643,0.12740203354112792,,0,0.05844451770823989,0.1550051809803613,0.12185413070575823,85.67988480932405,36.947523309581904,35.28037955866785
866.4815610864215,0.7523834625196695,0.10927568217521826,0.09851913558402312,0.7720222544155516,0.04626660562803431,1.5542046970897667,2.148977633852786,0.003565034805554538,0.09611002989344786,0.9222094655439135,0.02674122808088323,-79.16958306724682,0.0,138.0935030416627,0.12119478556534871,,0,0.05364917862821659,0.15315922831305132,0.11934167851483701,78.43540122958086,30.300356641272785,29.713561118014756
867.1819950269935,0.7501475710570035,0.10984897151636686,0.10094081337849312,0.7977224006091305,0.04607938401126809,1.5553171497113243,2.138902889313804,0.00012793970080451203,0.09799067852430281,0.9165548891973209,0.028855287302017064,-79.84370634568621,0.0,142.07939944483746,0.12513888720792157,,0,0.013992686464477468,0.14755774659084112,0.1224943212598231,78.08384885233244,20.48790796173593,20.524318220798254
867.8920239530527,0.7450737748752277,0.11043589505594477,0.10436777269165734,0.6907027715332404,0.04600486557249259,1.560173131373099,2.1675112418149505,-1.1494841418473135e-05,0.0974195097607865,0.9291989335500062,0.028714387023895383,-79.3832179856905,0.0,139.90067468243396,0.12544288321426036,,0,0.002533675577100351,0.15074421804836316,0.11981524614949506,77.79185412766839,21.16203100031133,21.21483331877936
868.6052512076077,0.7475500703891974,0.10869716839780107,0.10355091575857975,0.6633849513067274,0.044719453097878725,1.553823924121494,2.1494837734851586,-0.00025073998665843945,0.09352836905210271,0.9054413182196547,0.028657517984072484,-78.08149561212807,0.0,143.41861516304306,0.1387645211967323,,0,0.003727863732537246,0.14257499266323165,0.12085582702294327,78.23623659270591,20.62574965074943,20.222205241054294
869.3120818051713,0.7508902443761598,0.11127497485702269,0.10265720009536256,0.6374264175264513,0.04546396364309461,1.5503328541073733,2.1170852245038008,0.00014957253164884094,0.09729018374243238,0.9076550333850407,0.02892972738494865,-78.04260527137602,0.0,143.73689272829318,0.14353122755924944,,0,0.005416986420150719,0.13314071351751489,0.11453373864253444,71.25397638567898,18.905345413668343,20.3941389578911
870.0285073882218,0.7441109290285617,0.11091198808762431,0.10384347220231098,0.6310294367873412,0.044763573223305514,1.5470550066931346,2.1027447984816052,2.568548517465056e-05,0.102026616000301,0.8978270339143098,0.028826588387568984,-78.56665619754001,0.0,135.1509050128931,0.15616395566987218,,0,0.012013145404923436,0.1295549512761674,0.1129961922678239,71.77164029320569,21.93983699847992,20.120698787784914
870.741734642777,0.7399701799756424,0.10971549533617861,0.10403390597736614,0.5042950912652935,0.04585002755170205,1.5606963523561324,2.1549847873650165,0.003507137598879663,0.1029378284425819,0.9076556466785956,0.027929963713822736,-78.04552127868646,0.0,135.483922957206,0.144581756784709,,0,0.009232980269191018,0.12350141435169568,0.10903887479198329,71.79117804001804,22.51436821192679,20.958908150011744
871.4677552113149,0.7513311381514798,0.11046443535001498,0.10196636033745636,0.49295052241122145,0.04604795935883618,1.5951379949343258,2.1556387269458748,0.0033401924938005457,0.10264873321392504,0.9335194511567321,0.028812583849347578,-78.43908581683961,0.0,140.51515693146368,0.1287083472606966,,0,0.0012782909183552977,0.11713204015983311,0.11050159649767677,65.3586438555009,21.039043441676366,20.68867659858604
872.193775779853,0.7517630640346902,0.11008061565404649,0.10265614031705016,0.42072856953351534,0.04580249987037458,1.5606033042333542,2.1546052653408325,0.0032605968542603605,0.10292770118940335,0.9274339089768059,0.02769176378468491,-78.24294231773959,0.0,141.55204268202687,0.15051759685903468,,0,0.03062513636042416,0.11743048163964709,0.10624619239944418,64.4644903184616,13.338670428059974,15.12391449988812
872.9293913338782,0.7564393896926376,0.10935446535303023,0.10299994607320044,0.4359399992961966,0.045952293873348954,1.5577547330628638,2.13652317348138,0.0033015249451876683,0.11077782988945878,0.9291605828915697,0.02940289787838002,-78.41511283336463,0.0,143.6286892115184,0.14569835962064043,,0,0.0009476443924038265,0.07151532274734555,0.016190286438617568,56.93339395988489,9.013823408401667,7.66983787598288
873.6618085594079,0.7500144434740849,0.11068415489662682,0.10347758082264324,0.4029690017181195,0.04584397304706442,1.5581361981798327,2.1179101315778435,0.003240492977097524,0.11017702131124545,0.9417298784768949,0.028707626975779298,-78.68278404477476,0.0,139.8091824029307,0.14749964032085117,,0,0.0038306834174952095,0.06447565093322595,0.019849414013238594,57.58486060488696,-0.24295594655565608,-0.360459665696445
874.38463079945,0.7570574187682141,0.11018674795349828,0.10617003895394969,0.36329730403195265,0.04546300225030588,1.6233284560930872,2.110976484607974,0.0034664655400130397,0.15237551495876886,0.9506089899279109,0.02853515476162012,-77.45038617663921,0.0,137.5786684544015,0.14927707062270612,,0,-0.007051901247050796,0.06636602048221207,0.01709633422738403,57.3728415581722,-2.9101579269036937,0.14593244585469956
875.1106513679881,0.7616594964393054,0.10948972907583894,0.10503151851374078,0.30192817722719545,0.046107111736304426,1.5458947154951967,2.013989029830928,0.003268953807917594,0.15812433626409056,0.9557342002490602,0.028548633931235013,-74.86351719602077,0.0,140.92814082466052,0.1535891236340658,,0,0.027620119273884712,0.0641488563786676,0.013978510189378558,58.00809352970045,0.3679626031166923,0.3612858041827444
875.8590602359966,0.7629275954859439,0.12094131857745012,0.10609310421228536,0.33646225236477517,0.04589167933006519,1.5409835876816464,2.0058581422306716,0.0032438814104663464,0.15596123241915258,0.9546548112344063,0.028265835039176422,-73.78366340874118,0.0,137.29955007114776,0.14449178274173163,,0,3.227636929370049e-05,0.05948362557708161,0.015676407615531202,56.863761606351886,0.07409391238489105,1.182814246968942
876.5658908335602,0.7660340579161881,0.12052775764279612,0.10547640176238217,0.22081188888339462,0.047035058491052203,1.6282596134081913,2.0306750016933144,0.003347235142861135,0.15780065123719184,0.9466868310251321,0.028327716409655923,-74.52392034433862,0.0,136.6959091587989,0.1337341846486921,,0,0.00018540630889838226,0.059151293644619636,0.012160466174700518,58.94983424666245,-1.915508485961521,-0.0646458857544947
877.3079030445768,0.7618242299782572,0.12579391839628232,0.10698431393507278,0.22989602211936327,0.04700889328599283,1.527618889715606,2.045722624636402,0.0034032277282212238,0.15692824098667332,0.9691495549808384,0.027041583891479648,-74.69886404280508,0.0,142.3320055974409,0.13473958371685218,,0,0.008217061525750233,0.060408846528625194,0.012762947278036481,57.74461550173371,-1.634657685626459,0.36990030929803314
878.0499152555935,0.7593421158507431,0.13111010609778687,0.11108238283245139,0.1612833472903899,0.04741858550124933,1.5319489424979673,2.0567507437603085,0.0032933333539000476,0.15681756270278868,0.9356241816345005,0.027194065445751953,-73.78812563107924,0.0,135.72679284917646,0.12594686273727482,,0,0.005168320722436693,0.06682792789767712,0.010036750996240277,57.079890575277105,-0.7394505643493887,-0.27796714811881
878.7823324811234,0.7637948155746733,0.1297918562248202,0.11164697255385338,0.24150127956664685,0.04878748064384237,1.5322897963010487,2.0446769377810186,0.0034086742945084575,0.1560886882683942,0.9310913043655747,0.02892130162259239,-74.18915959564946,0.0,131.66848900785922,0.13425118254397053,,0,-0.008325522041408021,0.07114885093688061,0.014728265661363406,56.534303076035805,-0.6136890841769853,0.6043989093682028
879.5083530496611,0.7620752245079188,0.1301985921629131,0.11233226555791563,0.2812496330391666,0.04828353391288346,1.533891448024728,2.0659564167589575,0.0032882556257698863,0.15595548291843747,0.9344275359458575,0.029683869613243458,-74.65709552726554,0.0,139.7176046456835,0.1276225742753798,,0,-0.006389130686371535,0.06792985492954615,0.009421973886274311,58.20898026009843,-2.2984530454558,0.044871883775334076
880.2535635891738,0.7632799374708511,0.12836039059160592,0.11382619498546018,0.3366225412640709,0.04847476483755315,1.5714168537177537,2.079258689993682,0.0033106975872411013,0.15594992229720359,0.9393478401229424,0.029898045402000452,-74.90266725927206,0.0,137.7788999039562,0.13191524437724061,,0,0.01862624833419068,0.05964150150525107,0.011514358742854372,57.13466128875175,-0.12777895891835603,0.6649618280586834
880.9827824862076,0.7641892225801853,0.13132166957570707,0.1133416656897053,0.29241862811084846,0.04829685270073661,1.6264523848393038,2.169898542608148,0.0034890824751553544,0.15727205695114618,0.9392109310355856,0.029214757076920138,-75.70109466682835,0.0,145.59982341183922,0.12880106382923828,,0,-0.005205368387769007,0.0627886060009981,0.012717275372666918,57.43686606658605,0.9351181994512993,-0.2630462423091886
881.7088030547457,0.7695636133178348,0.12922740297664384,0.11766526809084507,0.17399026561255862,0.04834898368613143,1.6387382485714352,2.1410333052297044,0.003503160296116929,0.11624942788759267,0.9202157742699725,0.030752968505471597,-76.11197620966622,0.0,140.11858058273714,0.1274453880870046,,0,0.021099332870145253,0.063196665835291,0.014244649032714444,57.24517041633869,1.1124342642058835,1.395796954028877
882.447616937267,0.7579805765355627,0.13108419582438036,0.11952639041688676,0.22944915210652708,0.04782185546527144,1.5810379938773498,2.1188017491940765,0.0032762139451463206,0.11671244081481724,0.9275559733562542,0.02698747646287161,-78.70374973335385,0.0,139.7712022975838,0.10525878251099774,,0,-0.01205103162353479,0.060471081684421356,0.009555996956149495,57.94624830527947,0.37013606296609675,-0.8082213198413811
883.1832324912921,0.7568055035441309,0.1322158149171204,0.12007136874066766,0.1903342814563362,0.04826982065959077,1.5812591675547958,2.1280347625633595,0.0034361097167336296,0.11588245688903896,0.9269023623054135,0.027747117451969134,-79.2502609798252,0.0,140.18830238785642,0.10549398863732884,,0,0.009123195120263822,0.06543431672174033,0.013683932977082808,55.717606319471535,-1.031716966304151,0.02310468164397313
883.9188480453174,0.7590442254791933,0.13141082299907555,0.12089794111526408,0.2279224158853383,0.04855371848856565,1.5738678428748856,2.1330042567152345,0.0032501757521913458,0.11550255072137669,0.942370242173752,0.029894646580498892,-78.70212411557151,0.0,139.01123073378795,0.10931806106163985,,0,0.005445241307127119,0.060916202701559036,0.013299821190997877,58.876460086413815,2.1842488766667136,0.24681601982518955
884.6416702853595,0.7554628357425728,0.13040536444643663,0.1222122283632489,0.271026354128772,0.04789573688915667,1.523362643493591,2.112840451270959,0.003429084216111021,0.11662896438401556,0.9354962376327264,0.030637399630367164,-80.03678335146766,0.0,144.56412168990084,0.11854586569683408,,0,0.01017239863145685,0.06203473247020356,0.01241462768010743,57.69224622521857,-0.6120282437553053,0.7370224316913718
885.3516992114189,0.7558312514307395,0.12941223790324158,0.12212708266771993,0.48733928838286056,0.04744968788832703,1.575762576993651,2.134197336660078,0.003389347419491728,0.11781931918111657,0.9203427169184307,0.030396635868643388,-79.6719156589894,0.0,136.1820439330605,0.11433628818965112,,0,-0.008150497262187624,0.062050020041037594,0.01554282449515116,56.9418214952995,1.013866532446372,0.7883515803556578
886.0745214514612,0.7526184479282743,0.1294908305857748,0.12339077141967053,0.4738029495563188,0.0476826894356007,1.591143178187242,2.116466101398797,0.003241898999924923,0.11649009512690225,0.9351067045686406,0.03050416705138344,-79.51940068502222,0.0,139.28638659962905,0.10060502405687703,,0,-0.005512097230656182,0.044192757969153215,0.015633305442545008,57.61334103933556,-1.7935676697149767,2.133055858022117
886.800542019999,0.7573917468557227,0.12943983947537996,0.12339420551215054,0.5032193050595181,0.04755598799248259,1.6345762762426055,2.112611905794514,0.003198978651940447,0.11724265099301492,0.9061043675744832,0.026462754140612495,-80.04909561933542,0.0,143.59012410701575,0.10423995805246852,,0,0.002817260606799298,0.03810659878880075,0.011406039036314892,56.96402286741226,0.1235767968063004,1.3703260940203807
887.5105709460585,0.7545788739123817,0.12995473586870757,0.12174152609424291,0.5390837274821955,0.0474245416437084,1.58965624392924,2.1146396475511517,0.0034169551710563077,0.11687132018681039,0.9064619512131435,0.02699940539780398,-79.62212940457152,0.0,139.77271760010785,0.14939949116152795,,0,-0.010544367194819515,0.035991607391570604,0.014117193749102403,57.134217233022625,0.4915013764522979,-0.7327621747502719
888.2237982006135,0.7562647647458808,0.12402905970014626,0.12136311193405425,0.563356200900923,0.04560143561476284,1.5486998362997788,2.1180411213794867,0.0032164485516208425,0.11651070290715622,0.899244329596121,0.02569785960721225,-80.67480164579212,0.0,142.7588391180322,0.10766496483122108,,0,0.003105997852666127,0.03057328359969575,0.012339657471058753,56.47142145618424,-1.8132403305306946,-0.674158967081837
888.9626120831346,0.7576034313448674,0.12930922840548648,0.12165425001248079,0.5203399325803761,0.045717245317186704,1.535859786519388,2.1277047014316777,0.0067033420246729114,0.1165346019588751,0.884169539226649,0.02618330436993633,-80.04724799224863,0.0,138.57345976817385,0.08141660114540955,,0,0.0007439935364770059,0.029922543228608586,0.014663866565724548,64.2920080630555,-0.3959120679350262,0.32739093460525687
890.3794716067572,0.756816960649277,0.13035867954030414,0.12317763141501958,0.5059349153662626,0.04466375836251946,1.5377250348196838,2.1419921837233984,0.006557570653881809,0.1173611750247276,0.8823504744516952,0.025933269907702367,-80.18768620309245,0.0,138.45720891913615,0.0766104497436251,,0,-0.0015228152235545113,0.031019554558199415,0.01170461207179632,65.30074073289127,3.2218279994132573,0.8450860934056015
891.108690503791,0.7602396424118987,0.13072827745462728,0.12188676603056922,0.48245865410639927,0.045987753515146945,1.5479669641310285,2.120652844796195,0.006637330919072421,0.11776670127917695,0.8743079227536849,0.026095638464130634,-79.98347737613068,0.0,139.72752306971574,0.13824326386479577,,0,0.04766356203007869,0.03433481159371497,0.013296298434063528,63.5208382912131,8.628396335067878,7.041968456505019
891.8283144153374,0.7542795543190152,0.1233903296350217,0.11920272512132281,0.38694392956952933,0.04511210901186944,1.5261643934310858,2.1094828727153727,0.006796170593809202,0.11615791098651497,0.9030450630991845,0.0263944172428233,-79.19180440234182,0.0,138.57316305260025,0.1403265627200535,,0,0.00830957875972491,0.02948218308101335,0.01156239408560544,64.61504344625426,15.278325505463831,14.543277755109555
892.5543349838755,0.7651108091914308,0.1227518615012442,0.11634225637186607,0.35256256794488045,0.043191827378626424,1.5305373731931589,2.1040792024249284,0.006651619410174633,0.11580549194644056,0.8757780083533183,0.026500872627586672,-79.95607484452658,0.0,143.5775884970118,0.14629703473566474,,0,0.030830407373465256,0.0347107003888043,0.012240868926556889,64.53680675953522,12.89472972230972,14.80489724110349
893.3187354943626,0.7602674415893913,0.12903862398229224,0.11370813727173947,0.3195428928396226,0.043660029247803454,1.5816780106966695,2.153410016743463,0.006688633820738105,0.10545040136766452,0.8789464544834653,0.026436603156760635,-79.75115606209997,0.0,138.2226398595535,0.13601271142660692,,0,0.043758931899378226,0.03164947017784061,0.014153229107084997,63.76071440865398,13.32087145976892,13.536853103483885
894.0735410193626,0.7636868166367305,0.13153259924711883,0.11269595976979058,0.4001384532148826,0.04352217389392584,1.5867364387295182,2.1455743754433847,0.006782114508127638,0.10710638747955045,0.8856821429118765,0.026243473481654456,-79.00915265802008,0.0,145.09322114220325,0.13795460787558228,,0,0.029570989819602562,0.03445473064125481,0.013948473759045331,66.75681298281927,15.155292514028192,13.240466453487038
894.8059582448923,0.7555666102288898,0.13005143150563403,0.11373732482694923,0.3564833101102907,0.04312656013771741,1.5294882498425009,2.14024827943876,0.006448919058393997,0.10770512842180426,0.8214548710253671,0.026129674992901985,-78.72568588698962,0.0,137.26445229774617,0.14288125725231082,,0,0.03540468065052416,0.03684783070333255,0.01760719923148106,71.02985728200328,15.611649252199761,14.646597465320497
895.535177141926,0.7601337324907861,0.08489557566879799,0.11151107571691055,0.3521983249530426,0.042019133408632434,1.5234200269993954,2.1494685219683065,0.006898114518333749,0.1075675834499994,0.824514568656942,0.026542306991536344,-78.53470374017978,0.0,139.7535788262595,0.15651475446566615,,0,0.04045016509618937,0.03994033291959016,0.015563999044282377,71.48265765557869,14.708992758263065,14.507005989171613
896.152454541608,0.7631906720920031,0.11659547081741353,0.10867632496645116,0.3683697787206557,0.04299763995892763,1.5840490228687918,2.170222920964343,0.006576064036625417,0.1073797891390927,0.8458264332746658,0.027618525381829337,-78.34502161916026,0.0,144.2483688375803,0.13895313103457005,,0,0.02655974577685486,0.04816083493796256,0.015348598243956698,72.13935214447821,16.67763921926683,15.248019045676294
896.9840199505063,0.7627359979117336,0.11828400498139975,0.10923188420157166,0.43590976511607055,0.04191485381593356,1.5805091265177647,2.1589699565288343,0.003238346255939097,0.10602058878346896,0.8311730750298083,0.027337630277177494,-77.64322328199307,0.0,142.39520340261106,0.15364677436745247,,0,0.035871320536589354,0.047983914321866,0.013848142383984807,72.58012327009776,21.698986218124183,21.27782456118707
897.7132388475401,0.7660489274064769,0.08388460343836006,0.1069875266223575,0.4524535572734128,0.040936611516352625,1.5867735924778084,2.0848206602194512,0.0033051185864645524,0.10590815219429982,0.7875442322243813,0.02740945534017925,-77.6203673260195,0.0,150.37295165494237,0.14232489977127338,,0,0.039013158033950265,0.052784587129417776,0.015494029057715452,78.9988979002939,29.622448646697375,29.33361267723578
898.4328627590866,0.7569295717705727,0.0703162931724443,0.10700799434910586,0.5059327162203122,0.04058086641556864,1.5772130465626264,2.080525384492537,0.0033477407252609005,0.10565130579820912,0.7837894196341608,0.02649152312730643,-78.41005098515521,0.0,142.66531659936715,0.1329038820776378,,0,0.0385558867937278,0.05035463255335789,0.014293148216847747,79.04245520685828,28.815435012539194,27.599205567597185
899.1748749701034,0.768327602722517,0.07020368802780866,0.1046219991260324,0.48668592364708063,0.04113987542665675,1.5752186223565035,2.0790863377334166,0.00336899676442548,0.1079146154169852,0.786629069150144,0.026330692252369555,-77.92436033239292,0.0,141.51342093146445,0.150428950142132,,0,0.0660448008624746,0.05996824390873629,0.015462699053528976,77.2187663526863,28.852454138811506,29.240100467834797
899.91688718112,0.7726245895228976,0.07018216956270337,0.10134312688755637,0.440637220187492,0.04113854937397931,1.5907515887804538,2.1647156540211228,0.0032202668601651187,0.1044679343293559,0.7867114710303776,0.025735678362003654,-77.88282568686509,0.0,138.60286779000484,0.1263509793370691,,0,0.032766710448756176,0.056045390666776586,0.017297955751603283,77.86150503279681,30.02464101838305,26.27200500434603
900.6461060781538,0.7856049284367541,0.07121795328584038,0.10059728244399406,0.4281157621436893,0.040544315818953264,1.6106249226823854,2.1980143798741567,0.0033761012098155493,0.10691116876735016,0.7752451149083355,0.025713856284808052,-76.19108616706075,0.0,141.30881159777303,0.12457859259783585,,0,0.037508871760151115,0.05944456121101554,0.01627390739831477,78.98917607933367,27.193274713750572,30.032229947684996
901.4073082601456,0.7874725016066455,0.06962917853601518,0.0971651770250294,0.48616378588294984,0.040913329754783664,1.6157201484422754,2.1685176557486354,0.0032459706973472753,0.10770800366649047,0.7822573439191431,0.02615295575799905,-76.44480143726177,0.0,140.2429617821808,0.08048691911180242,,0,0.03604131636299313,0.06204176488506549,0.01922709676364887,77.67984360358406,27.40116510394191,27.4551267439175
902.1877004131113,0.7894543402447609,0.08204868884261093,0.09448351281064583,0.5307389251636347,0.04136210247435603,1.5697558312630795,2.1852340094305287,0.0034038678748846384,0.10685718102624492,0.7949215206133841,0.026184538434488827,-76.02424057981294,0.0,141.47634069985466,0.08723352555818273,,0,-0.002603590701344751,0.059704708387111546,0.019385691514814708,78.88333807218272,22.59917764020242,22.499456532971337
902.9521009235987,0.7877996504553624,0.06943962616990171,0.09231303023256847,0.5694340850587732,0.04048375599483215,1.621958716879329,2.178477067322008,0.003208659167256926,0.10860833205294584,0.7934849243782067,0.025939266501301874,-75.62611968707273,0.0,141.40995176465032,0.08723005127185493,,0,0.03121522326650773,0.06519449915791659,0.018985272997416994,78.54333178439299,20.861563617843515,22.747521140910155
903.7101047770943,0.7885791710587349,0.08701744620676558,0.09310238566940754,0.584782093476633,0.04371247861072105,1.5701707285060342,2.1889042300166124,0.003507324811158765,0.10635822653041233,0.7907289898836162,0.025689140240717844,-76.85394767375595,0.0,147.12337107059537,0.09094526495249008,,0,0.00444821092674635,0.06651877678940862,0.01942680632068778,77.67022174417392,21.27172101664755,22.034724339358625
904.4809019445729,0.7853199776783647,0.07042187117681441,0.0928976896490628,0.5584977863085914,0.041348080634427437,1.5533873036257528,2.1001014511179523,0.0033102137084655508,0.10625974702029034,0.7586647226646037,0.025878056930322135,-76.29229969900615,0.0,141.8644006706733,0.08654944796902858,,0,0.002946650921981473,0.06266795331976231,0.017759665121560953,78.3150279475437,20.102639576370823,21.345615097806732
905.2389057980686,0.7890765654644876,0.07052435945936829,0.09262535478615964,0.5869569182594442,0.040996655402455555,1.5668134778026135,2.2016974493863795,0.0033380982983969446,0.10695305967468142,0.7625886678138183,0.026243636821178085,-78.23153546678698,0.0,147.54359240051278,0.07290732396566323,,0,0.010252222575197973,0.06593698421724174,0.018761043123067762,79.55236661863394,21.198092263615585,20.60789446480982
905.9361414101447,0.7890783031996954,0.07168485090168172,0.09286816382910551,0.6049113749873429,0.0404775766771158,1.612710192253382,2.1946860956895367,0.0032505356472803284,0.10633635170799638,0.7759665666169955,0.025862456871682295,-78.67491679769483,0.0,140.58064097885108,0.08975755614214617,,0,-0.011508079633878746,0.0637995507368331,0.020043267626792483,78.54322114957887,21.885976608930758,22.187891491518155
906.7069385776234,0.7568850889682484,0.067605178793064,0.09116956789190844,0.5844299312687532,0.040109929136965414,1.557754307852214,2.1084359361161966,0.003469886811555313,0.10683942899484779,0.7223791510021839,0.025725556611013035,-78.80808572308871,0.0,144.5750882151689,0.11569729308984812,,0,0.007369960708294692,0.06929410388388996,0.027061738748865662,77.8518176544213,22.207609802722658,21.611622993828465
907.4329591461616,0.7512657889655059,0.07133469418980656,0.09301028199255328,0.5830192298831537,0.0394896059102394,1.571523898847221,1.9859143254253186,0.0032107009088053655,0.10698949286571587,0.6809525467376649,0.02580462481411743,-78.31601489924941,0.0,142.85053865451823,0.12499704479859572,,0,-0.0025347537356317485,0.06638899925376333,0.03114933079999037,78.30008174081989,17.906162276686263,13.174152659396023
908.1493847292121,0.7586998163285292,0.06957509826601235,0.0928891282892537,0.6404016377119349,0.03941569848964008,1.5414867410203597,2.0030457820779977,0.0032908254830582018,0.10516338572212282,0.6705023480934108,0.025884782205320638,-79.27953131987579,0.0,139.95846362135006,0.1152975201330483,,0,0.011983958052311878,0.07060803352177479,0.033164019787834495,79.50709750666958,20.50364973852186,7.0966647668490985
908.8722069692545,0.754315834498658,0.0642575961272805,0.09473787858763424,0.6467075935650238,0.03918781568278769,1.5473072573995765,1.9991045094693556,0.003520770039207281,0.10790378975768532,0.6562317205242408,0.02637910857093361,-78.20621422551277,0.0,146.40366956119428,0.12733007439868022,,0,0.006962452389337536,0.0664942765493251,0.03288779419099909,77.668749564235,13.615603716353533,-0.20232699086586153
909.5950292092967,0.7482047866118403,0.06209837542462106,0.09260411626201709,0.6227563152307477,0.0390183583101407,1.5496282055819852,2.0065543601693694,0.003314169613560811,0.14444165046266302,0.6420304639308244,0.0263811337342277,-74.9099148124157,0.0,139.87785853068144,0.11958824474051939,,0,-0.0007517348683651469,0.07589454333011238,0.032088987469194925,76.00988657642532,16.117357098615653,0.16558492516594372
910.3114547923476,0.748169416094329,0.06201911910766019,0.09256913523355316,0.5958718784736489,0.038575022333752255,1.5780342990735075,1.9918023895419765,0.003267329094506248,0.14175500964686727,0.6505476488753106,0.0261078417276654,-74.45304619038416,0.0,142.61870379170853,0.13227971281459588,,0,0.008338624432384959,0.06828012228660808,0.03204032633108033,71.40513277404617,13.38617330204176,-0.3205934906377863
911.0246820469025,0.7505790038460225,0.06336081300507469,0.09003687575077307,0.6112635207964959,0.03899982754284856,1.5671023770554675,2.0061550885849395,0.0032043239477787845,0.14387312740401512,0.6548305743661021,0.026228668956946127,-72.75529842548742,0.0,144.1341869924095,0.1666828773753776,,0,-0.008068910102423743,0.06913376086187144,0.0326185451732235,71.65878811057898,14.06627571193016,-0.8861645413192046
911.744305958449,0.7483409770895085,0.06350294601083353,0.08668566628402884,0.6348776014151593,0.03873860239891173,1.5657038265419594,2.0067969195977593,0.003324870535349172,0.1439303981578947,0.6369583440369628,0.026602964588172066,-73.1774056026287,0.0,145.46504902735813,0.13020780617788147,,0,0.00330845283275621,0.06869115365018481,0.03207758657547409,63.63902384309242,14.411729062257361,-1.4930417546773231
912.457533213004,0.7440604100872484,0.06780206316561158,0.08600922087444063,0.6042839090809127,0.03906460117445283,1.5624475098529558,2.0491439923624495,0.0032585375462868167,0.14218646677089358,0.6435467303591762,0.026088403481320202,-73.24320971041693,0.0,138.48638328682145,0.11889363654858977,,0,0.0034115781692276165,0.06872969227546588,0.03115629322225639,56.52812718212342,14.207332255939898,-0.6976979069939884
913.1739587960548,0.7502658283925691,0.06694631578773004,0.084921673558914,0.5585250787734046,0.039407640935163836,1.5749566423174008,2.0447293811387057,0.0032341666477880776,0.14408323715287172,0.6590685422487249,0.02581050757628566,-73.33352433994008,0.0,147.1105845041285,0.11371533545847665,,0,0.009798345582987839,0.06854928663492761,0.03039220172672052,49.59346195932076,16.428703785582943,0.015809585319176502
913.8903843791056,0.7479335264202791,0.07067268777397445,0.07588172638357321,0.6020534718368501,0.04035217346276821,1.5466324391904163,2.0481961894226717,0.003310604269238601,0.14242733856035747,0.6764158720640983,0.02560435527986152,-73.56896127747495,0.0,141.3072223683687,0.12140870821187154,,0,-0.00979550785469525,0.04441354926016488,0.022230173718819374,41.785293707312725,13.474266972986483,-0.71082678216631
914.622801604635,0.758335896030264,0.07232575054445176,0.07366746437151102,0.5503725611552812,0.040228212554738914,1.5355839638889623,2.1175480101573942,0.0032484874452123245,0.14329331418223923,0.7874993163359156,0.02601620773966657,-73.33354358299378,0.0,147.74009134833358,0.11894941575780017,,0,0.007098741590493861,0.04503894355204826,0.022019147347212605,43.64280555659022,14.73950801127794,-1.4196159716928927
915.3520205016688,0.7610133920484045,0.0695462285416702,0.07227789482256275,0.5269240508724692,0.04058967095768752,1.5518893485851848,2.1089860672078613,0.0031919615227612446,0.14199686905156558,0.8204063102445561,0.02556065652215787,-72.35057385418807,0.0,136.83869057001078,0.10456019121815054,,0,0.006453651956182875,0.051820553450719106,0.02627564220685749,42.43970570950558,13.291954209757852,-0.1665513428256868
916.078041070207,0.7611834527922817,0.06982711473765965,0.07053835848186213,0.622878507303252,0.04109190615589217,1.526128615144546,2.1986966613770265,0.003352753916935113,0.11018988729591124,0.8397489252109279,0.025573210361987227,-73.31548111179563,0.0,140.53660876354763,0.12678678825803036,,0,-0.00735101550745051,0.04989440633326067,0.023060284773341315,36.31321957894628,14.742944586318108,0.042065064782727965
916.8136566242321,0.7719316949809808,0.06879532691141266,0.07256498467394647,0.5710238790257959,0.04175852222255287,1.5307234538883103,2.174979504522129,0.006729318978623903,0.1097882812006992,0.8361411289927146,0.025041845045464275,-72.91950604915503,0.0,145.42806568734179,0.12481965264803674,,0,-0.002993258716433072,0.047755215023471624,0.02472720582219005,33.870062381345015,7.643670190698803,1.0879070015513157
917.5620654922403,0.7731707346898467,0.06992810892492425,0.0719484136290058,0.5800757817443905,0.041459733335799026,1.5737971416256304,2.1656599787533373,0.0034017644193267108,0.08636613992768279,0.8268987767378555,0.02588943337413102,-72.34964134585184,0.0,139.11550779990017,0.12609461968894262,,0,-0.0008071749759430817,0.04431412069708092,0.01503617113910769,36.47518914541229,0.6583003492229046,-0.5021151435112852
918.323267674232,0.7748285087689317,0.0698994450240264,0.07284795393403388,0.6024653789365443,0.04143510429123544,1.5715365820203173,2.169865489522383,0.006625171900545689,0.08785997567873742,0.8234773928593805,0.026076421316744734,-73.36442951988798,0.0,138.66622088677053,0.12756152619912606,,0,-0.030696183243054866,0.036826157723833734,0.011187898872782619,35.96417426392439,-2.0451077674482065,0.16993339175902938
919.0844698562233,0.7735986280169477,0.07171557175582075,0.07347031169913068,0.5881248824105041,0.04165845329744193,1.5794904066089392,2.1682218734034207,0.00344657628259035,0.08734405249100333,0.8247490835543939,0.025589856746822248,-73.03497175826222,0.0,141.51071362006508,0.12736289853560737,,0,0.0027052617482129686,0.030461538843444665,0.00944575142287232,35.79140508586431,1.750706155641945,0.42125321007751343
919.8328787242317,0.7746957122718773,0.06841242700322557,0.07778433451539786,0.5595460919524259,0.041430790541178535,1.5694946636566267,2.170550770879099,0.003339267588138915,0.08678527778915383,0.7898011035910636,0.025763876756045894,-73.1849637587654,0.0,145.38151559238514,0.12923314772717126,,0,-0.0011421480321425392,0.030971461651155933,0.012061027488824242,35.50702603721263,-2.445017502550949,0.18704707757515
920.5844859207359,0.7845496371198142,0.06713466848394947,0.07961542041997852,1.376135249080218,0.041296646595934475,1.5852369792135341,2.1805896362635724,0.003330338581307668,0.08643287583435225,0.7409902455155745,0.02730012780874586,-73.1157298020746,0.0,142.88172085414618,0.12504195134394014,,0,-0.0009672131284771961,0.03310540757806767,0.015571629703407832,34.49697749393101,-0.9942480745676463,-0.5756684674626112
921.3264981317528,0.7793199400837933,0.0675175423117757,0.08171084556150669,1.376064981971209,0.040545201634547036,1.5770187241762152,2.1704297083303845,0.0033201356264219955,0.08500264544229809,0.6954545704372241,0.027756782686522975,-73.89043797247702,0.0,143.35211435776216,0.14411809383238988,,0,-0.012415398108774036,0.03557924477119195,0.010865476672708468,37.080851341644816,0.5778979792177981,1.12341848737113
922.0525187002908,0.7784138296510633,0.06077151826898434,0.08087513324152648,1.4093040870839177,0.03933446926253453,1.589134967574843,2.1552584435503532,0.003323605059691054,0.08606987930275935,0.6685563498518008,0.027516413869780626,-72.13239722510268,0.0,142.6879934384765,0.1481593956172965,,0,0.005507353818338017,0.034064452712452314,0.013658259607073087,44.0029757552638,1.245887766436265,0.7780454560770882
922.7849359258204,0.7778959424322399,0.0594023042495929,0.08033292025539313,1.3880119269055975,0.03960697045109534,1.5858651065878089,2.1420583817560126,0.0035890685160494496,0.08748349443254332,0.6539927004564988,0.027881981220254332,-73.14403020074008,0.0,138.00234532628193,0.1756936754213635,,0,0.015452765634355294,0.05262818977838796,0.01797750328155806,50.0857611612811,-0.402219039499821,0.6965186195968086
923.5077581658626,0.7835593025736649,0.05970024814850335,0.0789031610230806,1.4038719193761755,0.039509084084969635,1.631356867377174,2.163780650011478,0.003446636608323137,0.08553126755712098,0.6519314619846,0.025551149086250707,-73.4793157963054,0.0,146.6630916136678,0.15703834677232326,,0,-0.02147317701001154,0.05164391455305277,0.01990862534976806,49.348551261521344,0.49658262404046066,2.5535370119572276
924.2561670338708,0.7819416199096069,0.060329919638255694,0.07970398270463142,1.4734266847501265,0.03938649241451243,1.6226478530850397,2.146071497645552,0.003292366180617301,0.08551250101946849,0.6359039274599384,0.02631503120997845,-73.2428329813938,0.0,144.4001570480802,0.18612910176693265,,0,-0.009602079019930803,0.05625275610336642,0.021583306772186176,56.97541568315985,-0.8583384617133593,0.7151051467158172
925.0269642013496,0.7969623198681755,0.05967282425582499,0.07881626559847685,1.490990855858274,0.03955598422916714,1.6276077981406198,2.1276861580927173,0.0033683708032457805,0.08804768947248337,0.655465148430947,0.027904603483080288,-73.67721882250001,0.0,139.70968142831455,0.1714087403691346,,0,0.012233827134388227,0.061066961428517995,0.02524193358672336,63.9018150502756,1.1402555445623517,-1.526654730016642
925.8073563543156,0.7898609641504643,0.06099764046308971,0.07674110493616294,1.4515030556369768,0.03978081966460077,1.6162432561063977,2.069461174540049,0.003295817847625529,0.08728055015422737,0.6500492361541964,0.027722850563871162,-72.93102557341827,0.0,145.1286308704548,0.13986095080666838,,0,-0.01901165542450523,0.07172813358137117,0.020658947941445335,63.649233660306166,-0.45406288343596846,-0.7659872315657275
926.5941451642732,0.7988766479546263,0.05917656884410018,0.07810809137716983,1.3768801706703369,0.03852406435797528,1.6243161632988736,2.0816365428297305,0.003408339407254399,0.08557848088030785,0.6469297767419891,0.0265079634103796,-73.78285848346658,0.0,144.29427690834223,0.14072522863890008,,0,-0.01452672630645017,0.06782036191894465,0.025401334100780996,64.55966378060693,-2.2764641001355397,0.19781353165914892
927.3745373172391,0.7928894325769505,0.05850748397671236,0.07651968657843834,1.32387382948677,0.03910863336268852,1.6239293652264981,2.0939450940722977,0.003284906469203749,0.08740740057011963,0.6661372243076045,0.02635296821948226,-73.8327384788703,0.0,139.43921721157096,0.1271903806577533,,0,-0.01719574985079906,0.06883440797459618,0.02482923838913939,64.79703921861969,0.23607233607897107,0.01591949554787703
928.1453344847179,0.7993121904232252,0.0625998127386857,0.07366648560448782,1.3582216504064148,0.039768822443636394,1.6690470545294482,2.1521103380230633,0.003392328589731374,0.08683980744625208,0.7227045524542285,0.02634125142826209,-73.5785486988359,0.0,142.75123276418788,0.13562324204278278,,0,0.010744915729259001,0.08175283758363004,0.025201472499877173,64.71880705958928,0.05164985021858808,-1.0343145132837968
928.909734995205,0.795162746048953,0.06337682264422378,0.0667105716783796,1.2933258947354762,0.03997518851229481,1.6673509389859533,2.151928313359916,0.003439145554581369,0.08803254338746035,0.8252239705556772,0.027056498401991938,-73.12337261651076,0.0,146.30876409236797,0.12894642972064946,,0,0.005695104581589793,0.08088665551504616,0.026776719294949628,63.33342673269243,-0.9738352432823845,0.6181503989189936
929.6741355056921,0.8001232671138306,0.06249389254820949,0.06746384302430616,1.2868318010068078,0.03933298235545467,1.6637887103076767,2.1743114053503496,0.003338882975461192,0.08663374480530735,0.874447575741351,0.025701744441956265,-73.35169312928997,0.0,133.79058791198383,0.1354584871440581,,0,8.23623768204861e-05,0.0811702663330442,0.02483382044629091,63.9903986730655,1.7788353433995885,0.26969801515995157
930.416147716709,0.800268236734873,0.06465740117281568,0.06546926913466639,1.3323015042609891,0.039478776029173476,1.696275392392853,2.222351731586247,0.0034379374276368225,0.08677395839099422,0.8947938316327853,0.026564891951942983,-73.02607466514617,0.0,140.06343017928796,0.11699143999345864,,0,-0.005777042447357683,0.08305131315571794,0.0268970879213433,65.3966093402668,-0.5416654617851314,1.564386373190725
931.1741515702047,0.7909987684643379,0.06307558862586977,0.06765216620595206,1.2738939578923731,0.0403039185010854,1.681027849582618,2.2119493039254094,0.0035010845645838894,0.08613667183415859,0.9106348966334844,0.026723109236022054,-73.61650808294436,0.0,136.45633874986902,0.12407053627162766,,0,0.02741739065874831,0.08279597932462589,0.02428425660255217,56.46995046906355,0.23055639370529393,-0.35947044623756097
931.9321554237002,0.7759218604265921,0.06318097374054006,0.0669251039001111,1.2960760533856401,0.04014518074767568,1.6297769527316663,2.221802005180402,0.0033348621944547584,0.08502194418307453,0.8954033251381684,0.026768373277995257,-72.45929053371626,0.0,138.71031576772054,0.11181723211581777,,0,-0.015295266339410427,0.08303993102648519,0.024652856507321727,56.24642052674285,-0.7966388869513248,0.4057321026345624
932.674167634717,0.765639513378995,0.06284153258776164,0.06415460938989762,1.3785475352719576,0.03998888982238587,1.6269923459364526,2.212831966535469,0.003411142875787522,0.10436786871368658,0.9227929183376312,0.02696561110207628,-72.28256601963967,0.0,140.43272905802542,0.12980755226751134,,0,-0.011436002383831884,0.08385335656847584,0.023927659808055158,57.38649084071432,-1.217969610949249,1.5989931825443884
933.4001882032551,0.7618225809685863,0.06214288493755361,0.0670891181023309,1.339109107584642,0.039714004225519815,1.6382106226189537,2.2284379539317194,0.0031755798833843726,0.10551008932580153,0.9199651912265249,0.027196814702640154,-72.24785308152649,0.0,138.28759861119187,0.14144754429623335,,0,-0.013168857622883553,0.08368545558946146,0.02034724369652069,58.639169573185036,0.9454081439979568,-1.5273859683758355
934.1294071002889,0.756954006538281,0.06375343645197795,0.06661716596524384,1.2989485510949839,0.04019658623031623,1.6340721863450889,2.2417758923956095,0.0033737709169941042,0.15202941484728325,0.9264649080332582,0.02715321273716155,-71.8686929639268,0.0,142.6124922989843,0.1402077920726757,,0,-0.035353715368518605,0.07063875337313448,0.020726667644299097,57.94195960853954,-0.5344330105031125,0.16043824214731064
934.8458326833396,0.7479548151790388,0.06685334547028453,0.06755969389157325,1.2831103729623894,0.03957652696439303,1.6208571102142666,2.2231463987656865,0.0033137280578725277,0.15724147659465937,0.9344150674474864,0.027134729414770083,-72.45937692159872,0.0,140.15226951574473,0.12344522365950159,,0,-0.0008523286288769484,0.062221088319753017,0.01845268415036607,58.023453390030646,-0.6785795174336375,-0.5429045091653648
935.5654565948862,0.7494044056787763,0.06761679511614664,0.06746807823418027,1.2926254974705602,0.03979344112018061,1.6329220603985117,2.229738417166092,0.0033614643290393073,0.15649836574307865,0.9004402944632309,0.026282575593582862,-72.22304824272894,0.0,138.47067995022041,0.1290544593795309,,0,0.010831898387538898,0.06172181722425314,0.017542836885084897,56.84101826726137,0.7117333746312745,-0.6807394517240258
936.2786838494411,0.7506738689015184,0.06694795570811148,0.06809856267450734,1.1476376949182867,0.03992504762783746,1.630042224646584,2.2402220501920116,0.003246936441115187,0.1560333774544044,0.9098661936259811,0.026705291308090986,-72.06201269710942,0.0,138.83174066565832,0.13323605801309585,,0,0.010978107765587485,0.05893021146954207,0.018698261814287,49.95566755154382,-0.4674589276284039,-0.8207337216911001
936.9855144470046,0.7508282063983266,0.06598484031343696,0.0675837338112021,1.1663751798767115,0.04018550722017938,1.6192167780100921,2.2251828019439133,0.0032538285807316705,0.156608939165599,0.9207241014870954,0.027161318808471557,-71.07338426885487,0.0,143.65444635564543,0.13578378156139226,,0,-0.0021037735517935984,0.049056641128029765,0.013749415061662192,52.12415959662693,0.5404110845973046,-0.7033565848437376
937.7019400300552,0.7477206586739961,0.06656433951637501,0.06955976801511222,1.2032631241406164,0.039707177042828716,1.6386248601177336,2.221648169617816,0.0033517677087999995,0.15845804771262023,0.9315359652594285,0.027511230164837537,-70.96040178615159,0.0,141.09989138456297,0.13565893621836597,,0,-0.0063917843645974574,0.044271961018739016,0.014201741739458358,50.20576734946411,-1.067309114278251,1.3742920016231959
938.4183656131061,0.7447018803955081,0.06995028879143535,0.0672396916388467,1.216097081976281,0.04003491901598813,1.6030099214650984,2.1739017142231942,0.0032419043411209612,0.15591027382246533,0.9379422192597567,0.02681127188336416,-71.60525800871633,0.0,141.08943139793303,0.1296579457151024,,0,0.0034166742206748844,0.04573604236864986,0.0117270715578477,43.60512906365697,0.10598134238243258,-0.12572208200790586
939.1283945391654,0.7484930898234656,0.07075025230963249,0.06624646454719456,1.3205414699290796,0.03983323267910967,1.5962458271562723,2.1782204158128926,0.006758882747728606,0.15597130833940673,0.9322571184673164,0.0263756051364522,-73.42086311258066,0.0,142.1979065850373,0.1497180748591952,,0,0.005045907027573491,0.044746714409922964,0.00988527286685359,42.8171263900072,0.5243796912627875,-1.2172936782306911
939.8544151077034,0.7424187742704139,0.07017308401055063,0.06468334550797428,1.2946129233737234,0.039498389640164354,1.5884580541167297,2.152355464570076,0.003412638341184891,0.15319883829015585,0.9105673092225893,0.026483828903215583,-75.26822534349171,0.0,142.57958574633005,0.15835523704047816,,0,-0.011811466322599398,0.04371309166768673,0.012675445273251524,42.41566274172666,1.7086543227513418,2.175667632405286
940.5836340047372,0.7401525663142897,0.07330253469562771,0.06773317293851919,1.3425080714394686,0.04010915268217865,1.7050276426904019,2.164590593483001,0.003255196384002603,0.11681582684248021,0.9357369053495,0.02742657927738747,-75.92325526245611,0.0,141.97577206548334,0.15832966906196813,,0,0.01123924551133042,0.03419149935410405,0.014420247980530246,42.360890792299394,0.29266102339642486,0.6766179577350504
941.2968612592921,0.7345082041949522,0.0769590982726197,0.06781944034453141,1.4513615455548388,0.040311786877557806,1.7019294288937317,2.29963399833403,0.0033397850962435215,0.10658030177182175,0.9385187838817317,0.02732659229816223,-76.03478243339511,0.0,139.57387159540775,0.15038349552948793,,0,0.003150451239421519,0.03883799035059004,0.011943439379006151,44.25243870513581,0.057716668273703586,0.086942385420226
942.010088513847,0.7391139630634033,0.07696948134116037,0.06785346645276823,1.4692132277049599,0.039908288798721804,1.705156027089542,2.31606347514144,0.0033417516162373762,0.10786925347156462,0.9359112054206535,0.027487803279141583,-76.05535634070675,0.0,149.19163136373606,0.1500163567543359,,0,0.024031578407398148,0.038717613315735415,0.011934905194579817,42.44482098215775,0.7800769981893914,-0.31562587655238505
942.7265140968979,0.7438907213666686,0.07614600519255682,0.07023964276604791,1.418472619507488,0.04059257789555541,1.6372463988516104,2.17258008937869,0.0032897596448219985,0.10535212838982537,0.9179621336238092,0.026879198673078832,-75.8533134584894,0.0,145.99093115907684,0.15461406125393554,,0,-0.009685364209839153,0.041686715024988635,0.007655852982827329,42.39720230073011,-0.9522400341629346,-0.1995760891481147
943.4333446944614,0.7420344846898376,0.07617412445651597,0.07851874645760867,1.4790718469214317,0.041539115488792515,1.5632220914034414,2.133679300029986,0.0033845756453819236,0.10456328167620789,0.6845609092556039,0.027803442699483025,-76.4386749855249,0.0,140.48932116909475,0.1616108926694328,,0,0.02140745565135605,0.047659728578278285,0.012697245425248837,35.71611665357526,0.9197952258177247,-0.8888086954919155
944.1433736205207,0.7360395527084603,0.07545559632522353,0.07758755900297842,1.443815977715473,0.04075934083919969,1.5614717292878444,2.1336258779146293,0.003294208751768198,0.105653056776984,0.6869127464161026,0.027156224017100286,-75.70373681651711,0.0,141.65953027426264,0.1509474738013333,,0,0.003886383148596135,0.04781917954833153,0.010952535881370965,35.878998861561904,-1.5860104623157827,-1.9951054468808376
944.8566008750755,0.7366351495749011,0.07499070556950833,0.07931799977468695,1.3987499587869068,0.039681160684819215,1.5642020481855146,2.124620117712104,0.0034504043275688416,0.10612487617581878,0.6460338214764619,0.027294934861827252,-75.98076625825507,0.0,131.7991282201546,0.15758265075685202,,0,-0.004950005472728597,0.04839985554560152,0.013851130528149718,35.71063695453646,1.0250194828007113,0.9850347727562743
945.5666298011348,0.7414879214843222,0.07682604705109122,0.08176580861319224,1.3402609597842345,0.039888637628793244,1.5872269312094052,2.1266606708010527,0.003370337373976288,0.10699573172939811,0.6671919367657229,0.02738590097394059,-76.40500807703712,0.0,140.8122825916805,0.1657962856266796,,0,-0.01006250614653572,0.04833768971864638,0.013814083917032732,35.63576033326105,0.06867327535852484,-0.8715305043931555
946.2638654132111,0.7440369610677767,0.0777402306656219,0.08171778424969288,1.4050088695960008,0.04028547929001716,1.6399304374505774,2.1738784727363547,0.003388075487759669,0.10563437944076039,0.6349872006063884,0.027499013822307856,-76.56607130201452,0.0,140.4739218002817,0.16247566423079862,,0,-0.002575034670655029,0.05028707276743001,0.014158805680410863,35.620815374560976,-0.3445454055164427,-0.6777431173353826
946.9706960107744,0.7432803729313996,0.07632632809081714,0.08215889546941942,1.340717741741597,0.03980232854108233,1.587563319094039,2.13171225366025,0.003320376033597714,0.10394612521955951,0.6663150748115053,0.027191089946278425,-75.64170775568795,0.0,138.58514937728276,0.16126565698513276,,0,3.5188033026762155e-05,0.05721229902365444,0.012321573313569647,35.26366151838949,-0.16337934521898048,-0.5209589811201957
947.6807249368335,0.7469295748935134,0.07747662201614197,0.08195540003152488,1.345744232111706,0.04001146898519556,1.5954869893104293,2.131299203605751,0.003357157392479015,0.10761022332789139,0.6594972555490912,0.027593699751893287,-76.28293461144037,0.0,143.5988660881999,0.16361929470558134,,0,0.0031933806370766757,0.056001472944211844,0.009347714475171524,34.58957620081608,0.11855898788589062,-0.9246337282899464
948.40034884838,0.7439178950404589,0.07497927994023233,0.08082447064819093,1.3157736911274065,0.040787842089225444,1.5572465104008353,2.123577596042383,0.0033970712008328636,0.10823860429513923,0.6709538403523266,0.027267679878678758,-75.26100029209488,0.0,141.44051014184052,0.1672798026774694,,0,0.0015769750086406062,0.06106640065529668,0.012653972068844206,42.4400853150345,1.9283155934645035,-0.36780516705242405
949.1135761029351,0.7483688100610623,0.07916031762939046,0.08306937711645894,1.3283960547830953,0.04092230995677227,1.56078440267091,2.0992202117273857,0.0032070986159363946,0.1031027886446334,0.6758112474755167,0.026968790697627008,-76.3532545162566,0.0,143.0291964524271,0.15204372873841568,,0,0.01791929541401986,0.056323292728085964,0.012696268918370028,41.7298073590766,-2.088300516826772,-0.6704998879741078
949.855588313952,0.7554094184929201,0.07606007446779432,0.08234917029404504,1.3303076702201424,0.04083622675735587,1.568668064836119,2.1266625609558765,0.0033537177951345914,0.10333210433169852,0.6571655098776146,0.027063303560634855,-76.93647864303239,0.0,144.80285922048145,0.1629894929716887,,0,-0.0006605754369519646,0.057573928355418025,0.014605183715776638,42.72490738613437,2.491088806312969,0.9866189086082423
950.5816088824902,0.7638937423700191,0.07729536636679815,0.08408864400953038,1.4267009999087161,0.04122134307979273,1.5917004438933813,2.1721900321515517,0.003542780263020013,0.10620684104878692,0.6792015723391608,0.026155159212627253,-76.98712254798244,0.0,148.65362877716098,0.15821908435467205,,0,0.010589553010836179,0.057162256161031294,0.01084603346468125,42.93599790565194,1.7208822272185247,1.3048633192801198
951.3236210935069,0.7711731694808645,0.07582107916763005,0.08441714403459963,1.467553540195795,0.04027350043241931,1.5833673643501,2.171872042047699,0.003182327129882615,0.1058274668473817,0.6501135383388612,0.025718281174784873,-77.85506512336737,0.0,145.56457400159508,0.10109780385390828,,0,-0.005537123034835278,0.06538241916598682,0.012839232934126671,43.06688075249565,0.43231754060308264,0.16443220985978094
952.0592366475322,0.7672266622740702,0.07531863868730664,0.08424545022656395,1.4236776345140858,0.04035308778129896,1.5503451706525275,2.1584887958601096,0.0065383209238538435,0.10765650215997905,0.6916950829575272,0.025372258453589824,-78.05470520052428,0.0,140.27722996316737,0.10512708562060519,,0,0.012345209947166282,0.061166963171850906,0.01617059736469413,41.632519320237826,-1.8560512305185743,-0.3656094682719505
952.801248858549,0.7772054023538721,0.07174770750756397,0.08323261500659551,1.4018077704879999,0.04083244042520121,1.5482588712752827,2.2848835581935414,0.0069257272081977685,0.10781598067594163,0.6614640565288115,0.025355321864140346,-78.42030205283177,0.0,142.5230992261854,0.09086385420500775,,0,-0.001127246860782303,0.06711094049884275,0.015042734167571147,49.046418967164094,0.3954060056665038,1.3889302648867066
953.5496577265573,0.7735252881095064,0.07467336381369097,0.08877344617260201,1.4355002744123744,0.04012547714504402,1.5108734812448188,2.032463753131226,0.0066479901072107545,0.1058533008624554,0.643242597297318,0.024088863489290457,-78.09819914747145,0.0,139.68807373530493,0.09344208388514191,,0,-0.00023721174550970988,0.07103998245734668,0.01091639793327328,50.12979782254344,1.6624846784701637,0.7630870632967646
954.3044632515574,0.77453685655847,0.07326108461614253,0.08790229169921604,1.4828822227884961,0.040048374605400595,1.4823037719653913,2.0246507556334823,0.006739478417913744,0.10569283328683925,0.6546241873049936,0.022738638446138205,-78.2156231644735,0.0,137.368582820885,0.09235173037863655,,0,0.008993732770277822,0.06670735683287787,0.014449248636409113,49.881511431984066,-0.5672016506578947,0.21438472693199911
955.0368804770868,0.7738873527561891,0.07206846040806744,0.08962992778296386,1.423597482565613,0.03965296176181902,1.4921571339849167,2.0148346578719982,0.006625422930967272,0.10838897319899933,0.6653914320676126,0.02392740836946555,-78.64080194373916,0.0,137.46077758260344,0.06416579373098649,,0,-0.0026390724219916097,0.06901001993636838,0.016557284299227513,50.18521249799742,-2.9784739455910563,1.410480726736957
955.7692977026162,0.761232291283451,0.07195051460885006,0.09012534494861456,1.4156507276368884,0.039638728906827826,1.4836156764949344,2.0844376505821596,0.006705246416780866,0.10698944796343562,0.6705057664407569,0.023643051738925138,-78.97931412660469,0.0,143.25556172364628,0.07822498987400224,,0,0.008721459207992851,0.07844248018759238,0.013848711341846764,50.51493302308993,0.5748142252511216,-0.09510708488120326
956.5113099136333,0.7596927642947512,0.07204798493903282,0.09665981078352785,1.4386865455174616,0.03963911896697993,1.486381207880981,2.0918523071783532,0.006693578985032724,0.10573227356843892,0.6538751308097023,0.02388327804154502,-78.46580618318015,0.0,138.01118113454703,0.06249698368211966,,0,0.005417945484316932,0.07757504519609237,0.015486822769496032,49.63889624558494,1.03588432523865,-0.09657286153036782
957.240528810667,0.7651208287939272,0.07329192472408955,0.0979685291412133,1.447957729506237,0.03946352001610984,1.4902222576554986,2.065605507427831,0.006935211055298864,0.10731835009439696,0.6555147274484096,0.02308564165424375,-79.67031144371968,0.0,144.89033536495953,0.05343172795377653,,0,-0.01171772967121201,0.07596307415553301,0.016992951871228467,49.61256866313946,0.9202690058713087,-0.1694183959436415
957.9601527222135,0.7638054538767863,0.07430123795280508,0.10006133740032663,1.4387897750191345,0.03928897628201471,1.4829727858278727,2.091802014476989,0.006519489173980467,0.10671490454731535,0.6659039943342557,0.023241798688181433,-80.142887337494,0.0,137.94632122809222,0.06649400635626922,,0,-0.011078034940171575,0.07782682509990327,0.023212998158738524,50.54710916117801,0.3222869019194082,1.8390393801445513
958.7021649332303,0.7608258501039615,0.07212465102432654,0.09856477649382857,1.4489756089948376,0.03975764443422573,1.4844801984829519,2.0160482149521215,0.006680918240429571,0.1055541646260738,0.6646010848988347,0.024082052150704338,-79.8400695698097,0.0,139.457266882117,0.07403164682988468,,0,0.011655454920474033,0.07887436750071161,0.022428620573239133,58.29279095048363,-0.3837892811172574,-0.0857546319325809
959.431383830264,0.7609079180774657,0.0761146173240539,0.09821548274018592,1.5291967192547435,0.0396654118604705,1.4816595798032721,2.0171367278907963,0.006696788977889171,0.10748756214953892,0.6903252086226589,0.023591113706006632,-79.13114171434253,0.0,140.66892070655325,0.0877098515339008,,0,0.021025693940522283,0.08655806436776292,0.021391855741984146,57.184857389576436,0.5856573263972503,0.34924313187459866
960.1478094133148,0.7640140235011518,0.07728540526807133,0.09798184261134942,1.5058646652737877,0.03949932771388065,1.4816311548466676,2.0597719711447584,0.0066056260885601955,0.10709578739786073,0.6975032239581702,0.02313154084661761,-80.05456961778017,0.0,140.30935448368484,0.10149222038715976,,0,0.005924643061497658,0.07621766714071534,0.023607791894646724,63.44685209458318,-2.6365830393158554,-0.29558928167377785
960.8802266388444,0.7555915032027313,0.07703329141742901,0.09019136014396248,1.4616439110018742,0.03943298627306165,1.485451914063546,2.056498393369165,0.006543388166835954,0.10780239568750652,0.6899400176488814,0.024177854489581076,-79.61444066564653,0.0,138.28653746858777,0.0827369842036738,,0,-0.007938014134956234,0.08372749936564221,0.027804658958880638,62.855813209707755,0.38397399219862527,0.9617652453221488
961.599850550391,0.7525169301693031,0.07693599501665783,0.08359680308733926,1.5224118464514353,0.03967627595351357,1.484952429195415,2.065585193751603,0.00667479601330468,0.10632692685287233,0.7283009364667239,0.023601854602248097,-79.42489669562458,0.0,143.10896037600554,0.08891295202108668,,0,-0.010164716819868693,0.08035004095652139,0.028164698790088146,64.96027357006543,1.9101762972615133,0.032587665207612616
962.3194744619375,0.7590164557630429,0.07517478534839205,0.08465000794577111,1.558476172390795,0.038949967515380594,1.4804012317424462,2.084219780258646,0.006741511672618085,0.10714731412411656,0.7266516932799075,0.023401949440738676,-80.0276621060021,0.0,141.72300712840965,0.08756797933841545,,0,-0.0011373134459738332,0.07974711610283958,0.02599981640047459,63.96238639518309,-0.18163237175742353,-1.4030186580970165
963.039098373484,0.7645653404464101,0.07644390409006808,0.08332391718467233,,0.039540311194939295,1.5066794421018492,2.216335159762272,0.006826665621197991,0.10568789617406142,0.739747731144593,0.023725158046521696,-79.27412033436764,0.0,137.4044495721217,0.1274461953801342,,0,-0.0015539766409787452,0.08227640678255634,0.026629503005504686,64.65476239510596,2.076057780694277,-0.7662031644784849
963.7747139275094,0.7589981230602855,0.07592233668359553,0.08339224470190498,,0.038825598448023975,1.4170984605585268,2.0453236351153294,0.006822526707725957,0.10858032973324154,0.7230772747047678,0.02351845385213631,-79.58847382954838,0.0,141.90894968639068,0.12887713150070712,,0,-0.004673862406881069,0.07932383914471403,0.026412572461569188,64.30005638658638,0.9099483187762084,-0.7172332168153207
964.5007344960474,0.7625685223096113,0.07606659613518274,0.07701995720220471,0.9360314447238736,0.039444921610262765,1.416299089387413,2.0506065176055364,0.006621430367222678,0.10569059913555992,0.7701312576954537,0.023587247891071042,-78.91889824752785,0.0,140.0141734038941,0.1371588718084926,,0,-0.0016965176635721857,0.07705719525385993,0.02882522881603857,72.20240696660312,0.40885327181394715,-0.31328381934228927
965.2427467070643,0.7643484448479747,0.07244195644821393,0.0758216413076209,0.8250054471147691,0.03902962621601772,1.4576322351334674,2.0347571866056278,0.006769808773817085,0.10819438389807229,0.8146877786253109,0.023607280467544508,-78.72846537864191,0.0,140.9286143877896,0.14183564826009784,,0,-0.0011602263285310844,0.07279084512430241,0.02454684565726292,78.9687923130009,0.244626123275735,1.2182053452533377
965.9911555750726,0.7746923106869608,0.07178172430553613,0.07451521437812718,0.6475844409876044,0.03893904498292364,1.4507578673941788,2.0748550566849517,0.0032516196286075344,0.10627573799798556,0.9113699816858508,0.022842242260073933,-81.26926500255749,0.0,136.56697251887752,0.14097542558489407,,0,-0.013251191381697613,0.0760249485828205,0.029530427434492926,79.02136337081475,-1.448170177363178,0.18794747408904466
966.7491594285681,0.7683534528416921,0.07445557444987025,0.07443836177295292,0.6645135297254493,0.03857014656316446,1.494645330442082,2.0898203567918845,0.003422194976901431,0.10709742043421218,0.9422104642893869,0.023008225666375223,-81.47016643547204,0.0,144.01037147369146,0.13278924874127818,,0,-0.0029157917896766635,0.07794068393393615,0.0296195943128638,79.36525283901398,1.533538825351513,0.34696576353684194
967.2832802873603,0.7616549449133815,0.0744939998390407,0.07379639841151404,0.7018564032542876,0.03877199735034981,1.6101489266099007,2.2048956568715243,0.0032415581602205897,0.10665815236014073,0.9324564276649391,0.022731837735341463,-78.48067361670185,0.0,142.43631466323694,0.13315110496458088,,0,-0.004980770314576849,0.07581818124023049,0.02783433900313743,79.88125296588248,1.063734235231256,1.355948826611819
968.2651671355595,0.7699043848890594,0.07054765191040968,0.07330219481623888,0.6685965613580823,0.039184916263659275,1.6218674055234275,2.2768775708535878,0.0031215291657022658,0.10525979200465535,0.9605459129089609,0.02335770477781762,-78.27544969114867,0.0,145.44454830159822,0.12709164957209634,,0,0.023485340436633424,0.10888575537560254,0.0573785678278767,79.81399942890364,6.310607121700719,7.522715322277854
969.0007826895846,0.7667292551844499,0.06956553380711307,0.0740753391959095,0.6802865134604474,0.038937925287872696,1.603275146424888,2.2100004429972855,0.0033831284982968972,0.1055878142856869,0.956898772115892,0.02385853558206842,-77.60148747188049,0.0,143.12899517721542,0.13724788397398,,0,0.008452274752905371,0.11650345244676932,0.057007528677698927,78.36533178172597,14.894522798144262,14.384920709086897
969.7427949006016,0.7605402954898915,0.07059891124720913,0.0748150899895596,0.710901203261942,0.038550270642645434,1.6105856385791237,2.240223102656847,0.0032587691499097607,0.1046306895695675,0.9477317500654507,0.023758240374741082,-77.82687419327374,0.0,146.19223829639708,0.130561661123597,,0,0.01342770277294541,0.12219851766796697,0.05835346059908016,79.23881924807478,20.571409640044095,20.98855712454954
970.4688154691395,0.760121478864165,0.05373722564719553,0.07269845925586894,0.611447190772037,0.03738530722235887,1.6478824639932799,2.299282718010765,0.003253332465172806,0.10007662497953437,0.9180786671199704,0.024836322364803036,-77.16072968941758,0.0,140.25669148771507,0.1208738668273307,,0,0.02142552533520765,0.1204669828099821,0.05852949219469577,71.11174985315152,20.019690940120295,20.278721935612204
971.2044310231651,0.770182532986311,0.05205092873540665,0.07222813220071696,0.6935703262489792,0.03742375916586157,1.607283333619485,2.228152987116996,0.003311529694473739,0.10576515402644004,0.9134487143791276,0.024822942464643418,-76.82619393020224,0.0,138.07494941956105,0.1291867592247767,,0,0.01939738465782393,0.12052800067108849,0.061517156990856525,71.66821324447207,23.47552454399148,21.966789033364936
971.9336499201988,0.7686329894289127,0.0530704882408511,0.070742846637295,0.6319998829280269,0.0386838158897414,1.6418797529004805,2.2738044339282055,0.0034787359865655863,0.10417243274079202,0.9289532004850917,0.024658851274103027,-75.02687410836423,0.0,144.27024613672245,0.1388383235858277,,0,0.0127008013441074,0.12024562141348853,0.06273739433441042,71.21834122833543,21.887161127879654,21.177185642648215
972.6596704887369,0.7687953289296499,0.0708268558666766,0.0684196969795539,0.6744013708996204,0.03766231832062866,1.6264829456392242,2.282511120737211,0.003457986109162644,0.10692664988286946,0.9394543174835076,0.024283507878424784,-77.09316516463028,0.0,136.81964018108775,0.12708025278730922,,0,0.0051414730135440154,0.125508862033732,0.05988030687162551,63.9339554628124,21.4589122689868,20.49578573605372
973.3920877142664,0.7775300646982407,0.06958001754661464,0.06753812442436682,0.6680085868870004,0.038436853647105786,1.613943904685934,2.2792415481952117,0.003396934551152861,0.10710855831592357,0.9434993796673622,0.02436474874355486,-77.2999831909319,0.0,138.70343262616262,0.11537640907412915,,0,-0.02591469805949603,0.12582151446837125,0.06046328496616716,64.52177798128795,21.15424602322909,21.648969861836097
974.1340999252831,0.772878911960841,0.06323579850309864,0.06647130680047031,0.6576673519846056,0.03770492988563656,1.601774893566995,2.2377589426818543,0.0034139788551846373,0.10239612644658452,0.9118964425678341,0.02499140474339601,-76.66468784992789,0.0,144.96050725895373,0.10781050973298062,,0,0.015228826845722113,0.1253298668077283,0.058945710863905224,64.50938433015173,20.700694288555248,22.228271236776557
975.6565042892661,0.8290471924550789,0.06566130803457361,0.06699656658582558,0.6548889466096924,0.03766727012941767,1.6098197450422782,2.1199183269710664,0.003162966474764742,0.10521941872427013,0.9384487895867659,0.025360436940291713,-76.89401051620183,0.0,134.7130266455371,0.09218097258926078,,0,0.017638299223218985,0.12221652589110772,0.06045094162433727,66.08784015523038,20.860510689324904,22.21180606328316
976.504061340643,0.8390202786787885,0.07030902648238221,0.06642843209763818,0.16620396214652305,0.037668318472177345,1.6057398037480364,2.1274888561073837,0.0032808210456837053,0.10703347562769606,0.909002927364791,0.025101807053452108,-78.4132951809327,0.0,137.90868864499467,0.1188118174399662,,0,0.02754107425649282,0.12542414272216068,0.058401793300586,63.80580814370889,21.62118939206692,22.468007653363465
977.3420234065328,0.8220818668064199,0.07113803523887603,0.0674964483999831,0.21263477691086136,0.03757655232264904,1.5080900412746876,2.098604550051969,0.003448171606615887,0.10660753439765833,0.8880448626779,0.024655077397618998,-78.41385805117228,0.0,140.92676410825797,0.10750829827413143,,0,0.034060855950984036,0.12878420616396435,0.060817584800968515,64.06125902617894,21.476516259347004,20.728918101975054
978.1607955014479,0.8337951451985076,0.06990167071380467,0.06697367144749058,0.18885909180802138,0.03890690541270757,1.5120324245849186,2.0611972479078693,0.0032812630482737886,0.10688341463686277,0.9162597673439334,0.024728242249823822,-80.19000085345989,0.0,141.51686162134098,0.10512919365003234,,0,0.0376727186927265,0.12565567442280118,0.05950324786066648,70.7554850263131,19.357099680649824,22.024037119609996
978.950782639901,0.8274796993020974,0.07623034475461439,0.06730723901668711,0.16356047034806262,0.039338913798245966,1.5212034707093578,2.0860662412342164,0.0032805228106996833,0.10712479049994734,0.888552666419228,0.024565648006311256,-80.41166439661556,0.0,141.35738439935471,0.12951976695142417,,0,0.02944063571390064,0.12821998327929765,0.05992079845278655,72.30642281707166,20.52930560472046,21.452837975118687
979.7567614208331,0.8388667527462405,0.08011738576398018,0.06805347025131815,0.1710447462279219,0.039389581845873815,1.5130881572920762,2.078572675305758,0.006691593654541119,0.10798621072666226,0.915285807876285,0.024816781038045955,-80.5187096266896,0.0,141.00077909366576,0.12139351182942978,,0,0.04946236363548532,0.12407452987369787,0.05863646483202576,71.04443113079097,20.960280428914043,20.97747450347116
980.553145216278,0.8283283964838491,0.07572220579867603,0.06859772903714613,0.2062024156100579,0.03934280732804894,1.5068332180289319,2.118796385416543,0.006788337789627064,0.10659260982151904,0.8954976048093726,0.02514858360102728,-80.24138643882752,0.0,145.10542898244023,0.11526630078146986,,0,0.03431365081928538,0.06408448924162069,0.022951696934833583,69.67184193135036,23.17312754376349,22.079410141437535
981.3495290117227,0.8315074885897544,0.07474726991427992,0.0690805806135891,0.19307786454987486,0.04008069041728003,1.513981926377725,2.129216899658869,0.006515144092124362,0.1072330756314475,0.8760450622388655,0.023438099614119794,-81.06923670620557,0.0,142.34223124807335,0.14528612367333674,,0,0.025302114211630575,0.054192082065416626,0.02010429194729866,70.20966247439371,21.314508414822818,22.093708438672166
982.1395161501762,0.83103578192148,0.07506936858675924,0.07149813491342626,0.20604912907043008,0.039363389567934184,1.5186512105444536,2.233310261189901,0.0067657219457830245,0.1062819795716818,0.8828816764007468,0.023809860046091074,-80.83658666775472,0.0,140.41171797846377,0.1351221033004231,,0,0.06222016650860823,0.056689445531098136,0.021395774268857616,71.32289994380369,20.454640736268296,20.648390404613043
982.9327016171252,0.8259351253498158,0.07619478270210887,0.07534223229605702,0.15556730190816398,0.0392899154101871,1.503902862250531,2.2369458667222255,0.006488918212015484,0.10446447547156577,0.8701104329114911,0.023550782488888727,-82.34900153387251,0.0,140.91614287337188,0.15104917063186096,,0,0.033128976150455076,0.054674691870805696,0.019220794212031718,70.77278678300372,20.1461155310001,23.64002157887864
983.8730101948793,0.8380751194581089,0.07318669318973835,0.0762282756626098,0.21574066026462085,0.03916491178101846,1.5091697393044037,2.3060664970381612,0.006678125154798602,0.10477809106879282,0.8665113239998746,0.021566997051507292,-93.05456059980592,0.0,140.96023042564866,0.15088243508339724,,0,0.02843651094272555,0.05546522705365686,0.01919897658146889,72.1537086469183,18.953724261668963,23.001294157623292
984.6597990048368,0.8273391138978905,0.07642279707789403,0.07648553297744108,0.17063747228426135,0.040065300175454316,1.5280364666346824,2.5452969354522184,0.00668950249459078,0.10795434854833329,0.8750298226083226,0.021576864643990716,-93.73375050179725,0.0,137.88421708495903,0.46238939746018387,,0,0.03434749375669144,0.060192490427572874,0.020102612772314482,71.38474460533816,21.212857506687108,22.69111779868209
985.3858195733748,0.8304506149778846,0.0758690362949969,0.07846004772097327,0.20854712079706608,0.042986096423561666,1.4734389239230954,2.6092622111859853,0.006566647954752618,0.10743477958639167,0.7313792880303335,0.019137714129227518,-94.46864985207144,0.0,143.8571945852289,0.47427428849532155,,0,0.014452234636560667,0.06402194932288957,0.022993424254412118,71.13104029148028,30.133035476077502,22.040232748196015
986.1886000258111,0.8427100945732856,0.0791898216924433,0.0801443439205347,0.22642701404897791,0.04583803538045537,1.5152549929387105,2.9027584317155495,0.0066034480894130295,0.10547140487128552,0.7230802396609398,0.00955297251646608,-101.47243665696388,0.0,140.6740033308429,0.45694326327072454,,0,0.04759082713450129,0.08998348341380505,0.017522042708027884,78.56098983484279,35.22295884616327,21.494452237149606
986.9082239373575,0.8440476781223741,0.0805024536705677,0.07841881177564604,0.2341777669418513,0.05224627697711805,1.4409911295099083,2.8969363236044416,0.0067318878889361155,0.1076462286761405,0.723001133994137,0.00893107895849389,-102.8247611892713,0.0,149.4438119256109,0.5371866249120902,,0,0.044081157175798164,0.10846167694835741,0.017739484375547992,79.49807779221481,44.12477907058678,22.57508864400749
988.437024958332,0.8359766598290206,0.10217020474436403,0.0813671961815528,0.25537456513834117,0.052709099706281494,1.430605425981913,2.9017129431586404,0.006618557635084011,0.10698803407039838,0.6628749741753214,0.004534979250250855,-103.4531978941277,0.0,143.06977380715549,0.5177997589728597,,0,0.034431043437663886,0.10868729613552862,0.020047285977681458,78.90178932031463,44.222455645821746,29.73869976356725
990.0489825201961,0.8399508454026318,0.07463388093777339,0.08891976569990812,0.2569749293996514,0.049478780275627354,1.4372202985759208,2.8857506140658598,0.006708775163600916,0.10683057091747218,0.6256769825088317,0.005019939113910185,-102.00643883592039,0.0,143.56971720005467,0.5199093273083036,,0,0.041466438970330685,0.14920164407293643,0.018300553510326455,78.96006992898077,43.189971097150064,27.53759099676274
992.9050898669118,0.9061594322265425,0.07360317482322402,0.09920330546779724,0.296553758179546,0.05055814213393905,1.4419390626647985,2.9070091471553434,0.006811664100657757,0.10639371588689502,0.6114873286264072,0.0033803161561610723,-110.17873291699203,0.0,142.86996311962395,0.5459461502014518,,0,0.07861568560483151,0.1590151768997869,0.022781046493986778,78.73370209741955,48.579291943280346,27.966088382669852
993.7078703193482,1.4301662513385522,0.07436721321310762,0.11296191240776308,0.4101036790012891,0.049462903790098774,1.4353393028719503,2.892608052074599,0.006690951652948797,0.10594183421943902,0.6394885440562026,0.003276371702279861,-109.74754467254877,0.0,141.5469535593556,0.5589793879635869,,0,0.34516770816014203,0.15719550689345255,0.025395727225415093,78.0012866114421,56.05292441785855,28.8686572237942
994.4946591293057,1.4251598905703857,0.09428332910040055,0.1235527704902491,0.41090388712104686,0.05284695064131769,1.4106047896685705,2.9824807408404825,0.006758811923843744,0.10827580517359271,0.6261593927431037,-0.001573054243128566,-110.40429167984306,0.0,142.88875926615458,0.48537063806974384,,0,0.3385883615391414,0.16222825456748538,0.022465914023338075,77.49034575523949,63.71116588217049,35.19150289906415
998.1311586289871,1.4303297870785325,0.10208532899597596,0.12472188669111171,0.4014356961301954,0.06719658417794865,1.4314677284307795,2.989406395235373,0.006552740272554809,0.10703052087064856,0.6090043016861351,-0.0010302654195508262,-110.48120841315583,0.0,147.5830190229549,0.4614982312753716,,0,0.35069999529645046,0.16175455813688636,0.022676174882638643,77.8936945605537,65.0434455866312,35.573012200824174
1001.1663723714657,1.4329221796121652,0.14864603235570598,0.1281454694256819,0.45261399989029827,0.0758484564598475,1.4943211962535567,2.8383475883318168,0.00666111119181886,0.10595631191879237,0.44568473092787564,0.0036500290560541435,-108.15342892768568,0.0,147.68267138137935,0.48373001001717,,0,0.7877314274628194,0.16029970395272333,0.02234374056333341,79.35889709620996,70.10542246918455,42.270676535429935
1002.036317722313,0.9043556765228561,0.10489928382661187,0.1270458033056018,0.3920161569164113,0.06731748453836955,1.4015872976327786,2.836273527876683,0.006591778583925907,0.10637822671008929,0.41213224116599306,-0.0014852757207214791,-108.7333968384596,0.0,139.85592477142632,0.4934649031646136,,0,0.9466082626305321,0.15977259976231542,0.024271017285922368,85.74406388629295,79.07431130518967,48.93311615940981
1003.4084006469948,0.8332250761231857,0.09375385921463038,0.1320640661782014,0.5071170755919837,0.049728627102312586,1.4885608048855423,2.793152539113647,0.00662565903513631,0.1084467067049496,0.2977439092435249,0.003651823594911367,-101.7612120258531,0.0,145.200628222657,0.48182120328936134,,0,0.9479994624931758,0.13449113454063996,0.024279210772898827,91.56224341735863,85.65032034714007,57.36772570034627
1004.1056362590713,0.82901923960805,0.09345876712786987,0.1305703020605876,0.516303988172217,0.04987939360288785,1.5000263009924548,2.641719005377854,0.006668512200370325,0.06729226728544042,0.2940592558497126,0.002947775070374712,-100.4520089155868,0.0,145.76391612037335,0.43356250211923986,,0,0.9744039574008615,0.11572001278687516,0.025238204768621396,101.2475798945228,92.23508379882946,56.60647681744271
1004.8988217260202,0.8277073833549342,0.0806691803429041,0.13137505138214448,0.5001906487320351,0.04730788328390967,1.492535731416508,2.597992992406237,0.006529601628407499,0.06334622823035135,0.2681812162693638,0.006184342320711703,-95.27659494742379,0.0,146.74513904197934,0.37064169634954713,,0,0.968091977804416,0.09717643729734889,0.024266135951415777,99.7781783350236,92.27627443239358,64.89901204305647
1008.7879891768671,0.7626910470494119,0.08271621336558072,0.12733498286481287,0.44245497651813626,0.04724666900913972,1.5004388527110872,2.630247229434498,0.006532762527307072,0.06366008730656217,0.26466621299076165,0.010612173007813535,-93.18272652600746,0.0,150.19337864325178,0.37613131826163043,,0,0.9880833696397912,0.10104198691165805,0.02397854660254798,100.1901262217059,93.72228272497838,63.94763358999255
1009.3668866346002,0.7619424138729036,0.08009680172880305,0.12843259387718686,0.4492130706968919,0.046948985641209126,1.5029920856009995,2.568392482932722,0.006577651634368403,0.06340058024782821,0.2714953125951598,0.010861984941202026,-92.08294338082712,0.0,146.87601872226838,0.3390439787992179,,0,1.3611504343148397,0.09816744730467729,0.025011274003291097,99.67128042821481,93.36635459244617,64.32879453570365
1010.041733947206,0.769723215362939,0.08104932725796114,0.1267174521351623,0.49984153291108285,0.04702908877306718,1.5188126788075498,2.5739075016306825,0.006663746414975212,0.06414635181682828,0.2777087640952852,0.025505011983080028,-88.54036892652644,0.0,145.18575011594345,0.2056250927980134,,0,1.3545475098772843,0.09227088982999097,0.018924208249542322,99.39467050542449,92.87359779061573,63.09520818250201
1010.7741511727356,0.7624210702610504,0.07992872981035827,0.12899480191644522,0.45886940121275865,0.047094423889430054,1.501492514218084,2.352200486186792,0.006732826053827141,0.06331193371000046,0.26711381075086893,0.0257570974100363,-84.89269271052693,0.0,153.8983580870099,0.21177617974380095,,0,1.3475187579435508,0.09698465016353054,0.019353633476731497,100.99474099744727,92.1332940148714,63.37108788238121
1011.4969734127778,0.7821166058600926,0.0780180857602141,0.1252639116689178,0.4449722994647618,0.041826335850079825,1.5159157305114348,2.316498680779189,0.006617269753494012,0.06373300967272148,0.23317870717113912,0.02686665595371838,-82.46651927900795,0.0,154.54100708713895,0.20170461580142862,,0,1.3577230022206193,0.09785447521135421,0.021141993142822803,100.47674583024998,93.50525189406225,65.51059258348168
1012.2165973243243,0.7750137854319679,0.0775403990251884,0.12327602729099103,0.4268936259644453,0.04127657890139603,1.5672284465890918,2.261851916333962,0.003329180924375219,0.06392302480724314,0.24774941099053568,0.02683725834370459,-82.3394973087913,0.0,157.60897001923126,0.19595076931920513,,0,1.3466322337046064,0.09555095442471195,0.01979453749070372,101.4732227803679,86.08833665289175,56.67390091522535
1012.9586095353412,0.7723936374519051,0.07165954243745383,0.12135243355347489,0.3859975901825533,0.040942658483729015,1.5980482101215392,2.2757434692699157,0.0033273686636242556,0.06268970315115,0.22828787116030289,0.02658834969843698,-82.26194923443703,0.0,153.64056936121423,0.13772764762152992,,0,1.3490058769226674,0.11035418019404673,0.019084270442101165,93.11664942707408,78.53877886765218,56.23327709244155
1013.7070184033497,0.7769324623830941,0.0766627879428244,0.12013325167143973,0.453655566242322,0.04055267578902618,1.6273929864703045,2.2505071888691117,0.0033291044041562526,0.060845875318652896,0.2247903983778675,0.026350320618429793,-82.21360013528883,0.0,154.33115855830604,0.13639755215783386,,0,1.3677220424379601,0.11992096416947155,0.024233041249253764,93.26039623153831,74.11747249762244,49.88560448532114
1014.4522289428621,0.7794118639158262,0.07628974320182859,0.11578941563445339,0.47679390689378526,0.04066514146200704,1.6016750270260907,2.259923871303454,0.0033452143215905376,0.06161151724534729,0.25031910935524,0.02634919156974415,-83.34972837420136,0.0,156.0846664926652,0.12679899372299447,,0,1.3619910620832827,0.12344518420374105,0.029857471635058735,85.23238427999813,71.78311447706756,50.94764388792308
1015.2102327963577,0.7905242059977852,0.07699572182873116,0.11436679230657427,0.4697977898980004,0.04130215142794441,1.5969539574508185,2.2513506408701485,0.0035135290327230604,0.06136226023254783,0.2359996519674276,0.026881889300933038,-82.46976092275823,0.0,159.4690572247934,0.12305100836016143,,0,1.3465958389480333,0.12289992625471606,0.027504521864038893,79.27994633402963,63.99982252676371,42.15363644512761
1015.9650383213576,0.7880402523101394,0.07738043470662562,0.1090951964954877,0.4032723775346976,0.041225718301735055,1.5983990410835602,2.2358279861596477,0.003412643062853994,0.059989527615986894,0.28488003554483937,0.026095879862289534,-82.73178488749619,0.0,165.3904710628554,0.13012278693247278,,0,0.9608030934594792,0.12361167638016708,0.029300988158997586,78.19960426550294,57.56473830160041,35.329202493432405
1016.7262405033491,0.794106030148121,0.07570597854142325,0.09796112958887736,0.42115981577089895,0.040658239935758865,1.592986509329399,2.250773035680982,0.003463469904621605,0.06268006644990683,0.5280181764879667,0.025781461248302717,-81.96443104411928,0.0,157.7508060073325,0.1202357603201329,,0,0.6981809312816387,0.11835618956107834,0.0319614432537696,70.72930514528251,47.17481319600401,29.165474448487164
1017.5034343278194,0.7940545873335353,0.07116734890859738,0.09310441844029065,0.3804830460742669,0.04100303933511651,1.6069630968360578,2.253276783538462,0.0036554862921008954,0.06026361038443745,0.6057666790219413,0.025638451798032376,-82.25383803251071,0.0,162.749148496212,0.1108224085796198,,0,0.6822465278475568,0.12054226822010623,0.028884472081052666,63.074350662864504,44.27770000194289,22.685499561011884
1018.2582398528192,0.8084573797058046,0.07770906377866031,0.09255042913834319,0.41200186010243073,0.04094048939453157,1.6019186147274962,2.2312743101978327,0.0033190722247763526,0.06028238944743981,0.6500679839515779,0.025743966352620228,-82.46785167220312,0.0,160.1804376463796,0.10667158718092518,,0,0.6298126468128317,0.11402709789293784,0.03124593079909277,64.33687857817506,35.25039482550846,14.280088963972549
1019.0290370202979,0.8154278520179062,0.08005217163011291,0.09123719178451217,0.2631771602178053,0.041861151854533,1.6037161973018512,2.2466257221827224,0.003219516096185598,0.05801868486020046,0.6583066353309718,0.025312460289805005,-82.88050870396908,0.0,156.8476882403868,0.10838228334274343,,0,0.6845073352905257,0.1095402795188739,0.03312187400760105,64.50263377776838,27.386903562784944,13.60933395851735
1019.8318174727343,0.8125939317107119,0.07661047308578414,0.09084022266451892,0.37261831281553714,0.04160435477776986,1.6060995675222778,2.2523024913359184,0.003402976834283252,0.05992898533268411,0.6897133616640222,0.025345912565309166,-82.46002117787492,0.0,158.69989391356032,0.11164011927541377,,0,0.6719595630350969,0.09131051592788558,0.027568781989404687,64.82424912784221,18.418865150656757,5.821110884116813
1020.6537878961453,0.8061597514135967,0.07565293349860797,0.09135667836578484,0.3409918654885678,0.041983226023025594,1.5950116962444514,2.239475314709919,0.0034542119705753974,0.06008085580868405,0.6708598132433876,0.025737021781173323,-82.0640066390503,0.0,156.678296877084,0.1150849728882255,,0,0.013156747026279867,0.0909845378998721,0.028234647580933234,63.77551411598918,14.685840229937456,-1.437332501783741
1021.4629650055729,0.8072733349677621,0.07601906795544647,0.09029005889162954,0.3299837050320666,0.04239630100622426,1.5012142330115976,2.2331344884399047,0.003370834429081459,0.06412293902183462,0.6557581098787048,0.024208900314604,-83.66660336181675,0.0,161.72992689893846,0.10787695391077194,,0,-0.0015775838184305052,0.06070787322610715,0.028354860349343883,64.60103219121167,6.572167101327116,0.8375759222594624
1022.2689437865051,0.8029104208402722,0.07584987007381484,0.09190676139826992,0.37577210164963387,0.04228697207855309,1.5063132217466135,2.161200460069927,0.003241339249566323,0.06173212003096696,0.6688445914462852,0.0249537451025475,-82.14195193136116,0.0,157.36899251575076,0.1141030918868982,,0,0.011100609385515974,0.0548318054100644,0.03143473567608269,65.0285900382303,-0.3194783307907919,0.030711226174321763
1023.0589309249581,0.805682914646873,0.07638418418786862,0.08905537394528011,0.2746778433117295,0.04149800691463609,1.5603727975579547,2.2593721276190184,0.0033432704896018926,0.06435005796932625,0.6441836457387577,0.025059938335423415,-82.84499242670735,0.0,161.64561100456777,0.10561488736659246,,0,0.010633582224321316,0.04883243799404841,0.030316704815581713,65.57056976755132,0.4012909787414145,-0.4588275956280851
1023.8265297639413,0.7950965313217678,0.07722611142184668,0.09310143294419229,0.3222128583631239,0.04109905650691465,1.6010513996508255,2.2389291219312906,0.003326805358503479,0.060059237570773416,0.6466111848987006,0.024126124900509242,-82.36712353670465,0.0,157.4633006422541,0.14192318401778056,,0,-0.0006385244808476313,0.049303267935544966,0.027245507093267868,63.4375974068917,-2.5580907010902996,0.4927719309880037
1024.5781369604454,0.7798394203025684,0.07750260705939302,0.0913074312409594,0.3614315667144466,0.04023667612388809,1.632691794527213,2.2409768551917812,0.003395014358239344,0.05972796609095477,0.6347321862173334,0.02488226066883591,-82.3338074618898,0.0,158.0604036475289,0.14070372424268487,,0,-0.000702363299326863,0.04685288637976872,0.029347460671903195,63.59900776756095,0.5309526541360827,-0.02837759169780847
1025.3297441569493,0.7826202942146687,0.07499437124574956,0.09167936760519738,0.2690836064732275,0.041091356855605075,1.6283079877283462,2.2332592386205588,0.0031214396072981997,0.05961554155288429,0.6465431940914171,0.02559363022461822,-82.47730608223044,0.0,157.92153843207214,0.1649494960054035,,0,0.0020861678514486844,0.040888170448589424,0.026569584116505254,64.0428869338244,-1.6040528657729187,0.1528304676639301
1026.062161382479,0.7612706872839219,0.07692161166233638,0.09117493885103763,0.2513613335205414,0.040444023876046876,1.6430448573585543,2.2373094817710246,0.0034798021388167087,0.06020723631298031,0.6411244791681993,0.025898672934199084,-82.23591377581481,0.0,154.38608816753566,0.14198143939925373,,0,0.008471816012576933,0.0463022087709922,0.02670329486273091,64.4521717063841,0.19391489066549866,-1.1890504560963409
1026.7881819510171,0.7589966439430613,0.07562526393498413,0.09124481933130416,0.241248597032882,0.04037018622531328,1.6360888895467074,2.21715361960545,0.003184861534577813,0.0597370896031866,0.6486310631975707,0.025581155982473135,-81.6705147447352,0.0,152.43338210725355,0.1250987523931001,,0,0.009112194680815032,0.0469508973150298,0.03152161037601169,63.46898988841991,0.7424761772434415,0.9164231385367301
1027.5142025195553,0.7604921675254356,0.07690675744648136,0.09225226853516452,0.27180411744989874,0.04007624600666915,1.6388138285929772,2.2305752488470465,0.0034154741950594217,0.05886839995124772,0.6593773315453989,0.025504844454515733,-82.87788113235175,0.0,156.75961219011015,0.15895275156640482,,0,-0.0031007670619218382,0.04968587412453782,0.025784951567616284,65.17069466001112,0.8315061374379259,-0.12375535870855606
1028.2402230880932,0.7594669328261681,0.07626241141688923,0.08545278382038211,0.24263133270256088,0.040086023236472104,1.6211122573124925,2.173066626912292,0.003294344091331847,0.058820927568206255,0.6629253959917153,0.02628007001299118,-82.4316421969872,0.0,159.85628302762407,0.1546939944165595,,0,0.00872004168370599,0.046849923379525725,0.02922834714411216,63.2458199772594,0.33114926246956417,-0.2725867211929708
1028.9598469996397,0.7438117270090048,0.07559030477190916,0.08576728082670709,0.2623182124610139,0.039806136667210654,1.6246272849468044,2.230873682803496,0.003553217448087974,0.05852746357544567,0.8256351070371498,0.025865706232903442,-82.4499546277294,0.0,161.78685644595566,0.16491928116967344,,0,-0.003413207797249906,0.049947345344047524,0.027204019428296655,64.5287784008254,-0.2831202934620436,-0.6276246609853777
1029.6730742541947,0.7443264807419194,0.07602448596359715,0.08576876937347268,0.184740633413023,0.039998748123054775,1.633724453442926,2.2308096468500405,0.00330394529301573,0.0572996952946065,0.8425990743421853,0.026137988067896138,-82.54719571058644,0.0,153.84741616152624,0.17691968062092372,,0,0.009365975733150398,0.04830123718623431,0.0284441394736184,57.27184678053135,1.743575365010193,0.03700093095792862
1030.3703098662706,0.7304464842775465,0.07827670515085942,0.08520899863472721,0.1312970651801634,0.04241808681921553,1.7124517994340913,2.3511304882581707,0.003259800314739497,0.059928123178114655,0.8451501691495065,0.026237819435137016,-82.40154152836486,0.0,162.26427686601943,0.16006457162534346,,0,-0.013665518292960815,0.06188646947311429,0.032284673307510954,50.4924099880987,-0.40205036247742476,-0.15670342616861646
1031.0739421353385,0.7297482172102983,0.11601789527910342,0.08521377198611825,0.16909962786895943,0.04372525018766985,1.727473126987746,2.373733890285724,0.003062504092772155,0.05994479650961242,0.8982339818096002,0.026200521611179025,-81.82806802773747,0.0,161.13749054138327,0.1796946976267951,,0,-0.02382517555574038,0.07892832417277551,0.031635643090718896,49.53445768803684,-1.7527361099973213,-0.5076796502507246
1031.7647810904232,0.7256300839881596,0.12597408626078577,0.08673802732798673,0.1295043167585833,0.047426852141710725,1.721756384095428,2.3758403761793923,0.0034439047820416747,0.05821748764767556,0.904461140255095,0.028881675092904405,-81.39394763907636,0.0,157.70579840207117,0.16173982606087528,,0,0.008924696053608964,0.07816970395671267,0.03302251571307424,41.56548750085558,-1.1095164838928833,1.499086563051953
1032.4620167024993,0.7290609990154207,0.1291343119414821,0.08416826835770493,0.20444611251042732,0.04715094263382884,1.7261144024452342,2.259414379061956,0.003416789496818717,0.06071961841282704,0.8911208781346445,0.02873832611658089,-82.16108889278121,0.0,161.29096855202573,0.1654362198336939,,0,0.014809643029942034,0.07773866653047933,0.033692480836688195,41.70180111276067,-0.05997076368566266,1.5856269137639551
1033.15605398608,0.7258953940179652,0.12813870045944356,0.08952303868268065,0.1478738626529179,0.043959771255847005,1.7961252251716535,2.3620580407625753,0.0033809067658416743,0.061270088718401075,0.8969853337976855,0.028913702003674067,-82.36485045771246,0.0,157.73240101982645,0.15776198346351816,,0,0.0012242415723243232,0.06993736371793507,0.0344234737548582,42.706965090657654,0.20169020364478174,-0.5676831714520715
1033.8309012986856,0.7225318378601776,0.12932617943929814,0.09493860330779987,0.07129055172266845,0.04398130336275289,1.7323925196366272,2.2682488556673452,0.003236893885243487,0.0604010114139335,0.9124521324755482,0.030897685517822918,-82.51032279476036,0.0,156.04742873744422,0.1557995125713154,,0,0.007173186544660124,0.0780036091866876,0.03222591349997765,34.85676895232846,0.5131516838763601,-1.3631162364078553
1034.5121452682831,0.716963512355005,0.13208638031738254,0.09927071259153854,0.06056808322055039,0.045440404389216,1.6449866729372034,2.1599165800481663,0.0034462368088072647,0.05899666043320392,0.8886322418646236,0.03038655652764591,-81.96280127653664,0.0,161.0800100707261,0.16651603414658595,,0,-0.01204946454834728,0.08050495536924795,0.03437081917433077,36.4039216325264,0.0002327657129541295,0.7903781049929071
1035.1997858948719,0.7113954097527392,0.12800860575117468,0.10422858871459577,0.08283594370857209,0.04595561878744322,1.7251960667290023,2.23250381597362,0.0034149683631290216,0.0607033915566902,0.8825267356950326,0.030847399913247562,-81.76177422591861,0.0,153.22577274771115,0.14795428067100921,,0,-0.007750190588975573,0.07508995449966276,0.028244845794457792,35.477635768318805,1.1966204284442592,0.19714872751644597
1035.893823178452,0.7098911956423053,0.12932454071988417,0.10925003679884046,0.09933363077922666,0.04498404291130272,1.7128554060385905,2.2244552891179534,0.003256284386391774,0.05983181495367896,0.8642080299725504,0.02948530920558888,-82.21369778141118,0.0,159.7448383494885,0.15526653992406095,,0,0.011869143681108288,0.08066421410333213,0.030426277233996123,36.51055727885212,-0.44400561224934043,-0.8613824877918526
1036.5622738340664,0.7090648348828114,0.12773250588559898,0.11101911402201568,0.12603882525470084,0.04420431737274597,1.634870779401267,2.162109728131465,0.0033452827389892303,0.060612920135035254,0.8493943921191969,0.028581532974863887,-82.50418760557098,0.0,155.71030739936512,0.13009872207678508,,0,0.0033304378791897747,0.07514857081761231,0.02983386099686104,34.98965755061142,0.2676963484170558,-0.37710151477054743
1037.2467161321597,0.7059427310459843,0.10497094156623724,0.11295666663068829,0.09458867641214283,0.04372622117810929,1.5497361749639877,2.074190607294504,0.0034668743700240487,0.057602754019642925,0.8428198124491092,0.028902727850302963,-82.02886551232253,0.0,159.40892445979642,0.13949353831517267,,0,0.004256921059862913,0.076789268257651,0.02797722757544688,35.50851726812539,0.1809377367553812,-0.736266248486706
1037.927960101757,0.7010294006014305,0.10651802822031134,0.11202077828458772,0.11913175892601832,0.04342736680369884,1.5472327808874746,2.072107270582575,0.003176897434456426,0.06074261348357973,0.8443728899502252,0.027634104194936948,-82.5646460964221,0.0,156.2973617482627,0.1354562439646431,,0,0.004705688850397516,0.07036377731515263,0.030381806547696885,36.40652409647272,0.039452324947154546,1.800592331556689
1038.5932124288756,0.7116980306327098,0.09475990472327214,0.10964714164397832,0.8230662860831663,0.043582451435448914,1.5352759760021069,2.0751963564739038,0.003187654102391465,0.05983424757173361,0.8550761695918437,0.025894428235313335,-82.2203499904241,0.0,156.74125142832486,0.12313866956766462,,0,0.007315656186035014,0.06714533163446838,0.028351795564908282,35.24399141167041,1.9116465968563874,-0.40559581134439915
1039.2680597414815,0.7099279159665665,0.09443034794595208,0.11095460068311677,0.8776137938534898,0.04162841677173278,1.5442460419968134,2.035963579654936,0.003327642029754749,0.05964904525842998,0.7800101210378195,0.026074512963814547,-83.5088155070136,0.0,163.13980736983765,0.13853111576297053,,0,-0.0013266439668551582,0.07195950734101461,0.02904879664221446,35.1376215123955,-1.0459801473772854,-0.2248237792504381
1039.9365103970956,0.7042775748884085,0.09244640120122577,0.11293667241394757,0.8377387347480701,0.04199942450558459,1.4928872925852275,2.0491259459733784,0.0032795386899605854,0.06405055829643297,0.7853706845925663,0.02651382896215649,-84.23423560470691,0.0,154.59648006608117,0.13332155329195183,,0,0.0018080959039798855,0.06497307557759407,0.03045339833721638,36.11595593459556,-1.0449951122415155,0.358794940401503
1040.6113577097015,0.7090637835900656,0.09289235550882888,0.11232309241762331,0.9030521013177808,0.04176796656343204,1.498669501301022,2.03600249874853,0.006578937926215185,0.06492124285729449,0.7675171501926464,0.025375601995031555,-83.86082267931795,0.0,163.8629533150687,0.1505133811455256,,0,0.006134780251394802,0.06560205626543349,0.029132765758139507,35.79868240984762,0.32458949936115167,0.06665490613132166
1041.2830066938118,0.6996804858224653,0.09261549046781484,0.1112222837426386,0.8708457114469341,0.041948817221627695,1.4566720519329466,2.0381180912830925,0.006953518099965986,0.06039073453120917,0.7556498367733435,0.026258763859692974,-84.17686832003058,0.0,156.52790625225708,0.14826565492944824,,0,-0.0020992685118859738,0.05777776281347635,0.02821631367656891,35.56460033673702,0.26967195801640154,-1.2987054881476203
1041.9578540064176,0.7029040135173155,0.093087824816554,0.10953799347307185,0.8486875615076045,0.041938694382456336,1.550001348789856,2.040623795449532,0.006662346507812313,0.06208475247985985,0.7721982446619259,0.02743468428305156,-83.69114900510442,0.0,161.06888197852157,0.1585139407692532,,0,-0.023171257094287797,0.059306964131986634,0.030981818477229243,37.21287413836943,0.06216074212725511,0.17327199784191688
1042.6422963045106,0.7099004457560654,0.09509057086475634,0.10511812215634701,0.7843873707901607,0.041151426071512766,1.5494226364220598,2.055592265992351,0.006814675209808603,0.06177537029689807,0.7318410531303112,0.025843722625387193,-84.4890557670886,0.0,158.0176446048436,0.15178785084772628,,0,0.010411994559176168,0.059229984352987326,0.03257916274908181,35.57375968416233,-1.1087783191512013,0.8480433245961584
1043.323540274108,0.7161262900871127,0.09301686536718502,0.10577678896547961,0.7142471736306848,0.043030491535820066,1.4258034728688544,2.018705261284283,0.006673006265037133,0.05961883896730171,0.7345821253247403,0.022172176247690842,-84.40905962087918,0.0,150.69946214127467,0.16761082036077307,,0,-0.0013002607743132502,0.05739250549532119,0.0308268599212996,36.809467740693236,-0.01067953075891382,-0.31662886629998094
1044.0111809006967,0.7112072961208744,0.08990621228506421,0.1052944778284065,0.6591213280027028,0.04294653986146249,1.585556724449437,2.0248549903035116,0.006747110539826305,0.05985725301316733,0.699183582837896,0.027250931011544813,-82.88774486835356,0.0,157.16316600439475,0.15445667542261737,,0,-0.002140303915686488,0.05540941969189516,0.03515872130037877,36.19724934348462,-0.5401706464593283,-0.638497971709153
1044.69562319879,0.7164671416144346,0.09371674420591705,0.10598474999121744,0.6607988793519393,0.043087204143969514,1.5931130977598713,2.2046031523545477,0.006688231902068538,0.05994724018323113,0.6990084213696425,0.02748989574973306,-82.8497387201667,0.0,161.80496776425912,0.17110423649679052,,0,-0.02402722056681863,0.054123856148676985,0.03325222961298286,35.95735544204545,-0.092112146921163,1.0721298992195758
1045.3800654968834,0.7087906685168621,0.0930559686503341,0.10382196009285775,0.6467083405781071,0.0423805886278891,1.584338607193947,2.2162189363859754,0.006639124289629313,0.05856702102118895,0.7130141237806867,0.027730150726171264,-82.87255399284724,0.0,156.11254861773617,0.1335711345483831,,0,-0.01059955914220461,0.05723371485917039,0.03523400712961401,36.49072420818178,-0.8680595262804334,0.12786278596845832
1046.0645077949762,0.7158783417344793,0.09380486111604551,0.10408746031484735,0.6356589605790596,0.0424691555749634,1.5882218362217302,2.1969063215436697,0.006682431206839022,0.05966500703800711,0.701947627358934,0.027887522812372573,-83.7400157423468,0.0,158.78058108277193,0.16831314069397083,,0,-4.261114737776849e-05,0.05866577527186742,0.03379239273112881,35.498148195504776,-1.2357703785473055,-1.094735586697227
1046.7457517645737,0.7154230268291496,0.09186750351624684,0.10288765128026348,0.5895369387748135,0.043468043143425374,1.5888554645409354,2.2001861080949445,0.006721782280488032,0.06114760258770134,0.7010503442782849,0.027938832649150574,-82.814253600719,0.0,161.0732089963164,0.1578700846015644,,0,0.0007073806733035714,0.056608848590294004,0.0370388224826004,29.11467235526947,1.1401848321761638,-0.5577824264675573
1047.4333923911624,0.7141616949413802,0.09323411871868321,0.1034495195006107,0.6038082214309182,0.043816147200192,1.590717250771532,2.208411770036381,0.006625281111040153,0.059730115237354275,0.7258061709623884,0.027602991429867836,-83.08066864338167,0.0,155.35687319431761,0.15948324811998546,,0,0.010676118917124854,0.05972281258971631,0.038654535763330874,22.10430518872844,0.7955929372298481,-0.7927599399089462
1048.1146363607597,0.7089775008593772,0.09539354353207256,0.10451040971126417,0.6634690832240195,0.0433282130149344,1.6990179493394797,2.202668064582667,0.0067138538064833225,0.06034551293999773,0.713485235937982,0.024562696758585082,-83.44209983994763,0.0,157.93389610762725,0.13617732913833236,,0,-0.011375290817006042,0.057739586240731854,0.039974426551238514,20.40517570412862,0.340370506777533,0.9559014685994293
1048.8022769873487,0.7187172814525139,0.09288221107544234,0.10267314884355176,0.561461645422737,0.042601273642456645,1.7004960625909393,2.1990258763398325,0.006832448575342015,0.059570150951517215,0.7104423696214991,0.024803048244686137,-82.59946352224387,0.0,157.85169760855737,0.13376058244964964,,0,0.0087966299613772,0.0566894421309036,0.03838079783999177,23.1573609096363,0.8045931918311082,-1.908870872144847
1049.5027109279206,0.706309142369651,0.0934207115063609,0.09904724616362708,0.5700266058312862,0.042849518112466886,1.5069650080859223,2.17940400065166,0.006657859940246853,0.059935332175887764,0.7487889082372616,0.025281266840572476,-83.17038573101848,0.0,156.1492921501565,0.10380632341426187,,0,0.01842253350917699,0.0556705445434143,0.038874584476910085,21.618801657848785,-1.6280790683173567,2.1862815951886727
1050.1839548975177,0.7234948911281426,0.09138340889342386,0.09701301444192219,0.6329312355955105,0.04110866289326471,1.5015395064698107,2.16773699782024,0.003454901513842466,0.05976535756726488,0.7549035216525203,0.024949534008069152,-82.51894922431988,0.0,159.5289966596612,0.10729145774751439,,0,0.01560767198985796,0.06548318098894658,0.03657995882299104,21.821535928670848,-0.19958304666299978,1.145271996051167
1050.887587166586,0.7238006041796362,0.0958315052315555,0.09788614569477538,0.8347275344078561,0.0410541642815084,1.501083247772323,2.19272035202389,0.0032422429127895976,0.058215986671178596,0.7573471260514265,0.026476636689459473,-82.84475656391972,0.0,154.53534620461372,0.11369934222726123,,0,0.007963346905033197,0.062336309828949006,0.03510475592446141,21.923456275837115,0.3559923054787726,0.287458173416687
1051.5848227786619,0.7303009690101804,0.09487464015919059,0.09814565774902062,0.820075696129858,0.03985338962668118,1.5071584032820957,2.1813817593271563,0.003150843082460033,0.05844396373307773,0.7533439046625711,0.026137192807258517,-82.13199557172605,0.0,163.3960332508839,0.11694751905281209,,0,0.008158248948763262,0.06749377743582506,0.03460809241585746,21.12640947687835,1.206385166131323,-0.5877305554769671
1052.282058390738,0.7291188496432278,0.07519943660789467,0.09593269354502978,0.7793132122801844,0.0387252309227817,1.5001668717879997,2.0139452205068844,0.0032781003926390944,0.0600055951416752,0.7743508544533064,0.025870338449030927,-82.88550091607856,0.0,160.88105228095384,0.10396526645763282,,0,0.008854737966289675,0.06345714346649446,0.03521713868932051,29.021750359565672,2.24361247119891,0.854362302948317
1052.9920873167973,0.7239195291498735,0.06819590576793964,0.09457522616987343,0.8779137033370207,0.0388150242506022,1.5043063969249124,1.9914463840479626,0.006657204260516745,0.06060681690351874,0.7641307297383418,0.02543540858503736,-82.58353863487955,0.0,162.34510478154152,0.10652685549871181,,0,-0.016205766493708407,0.07126562192834081,0.03498545197433967,28.02103808359127,1.6461937046400754,-1.1844509212020373
1053.6989179143607,0.7343013751444537,0.07068284376050857,0.09293782470433315,0.8902240139678483,0.038565249514892944,1.5275768303274946,1.9997233126501925,0.006857326418685936,0.05962226614666064,0.7434226568494734,0.02591828896523303,-81.74583364061003,0.0,159.4453641503702,0.10790304216428097,,0,-0.016236237328731744,0.06972606240350629,0.03381879917385743,28.137574974317303,-1.2086963499622452,0.3187508681269194
1054.383360212454,0.7423742541105853,0.07126702172315781,0.0908239783029434,2.279938523652245,0.03877536056722293,1.5207312060968003,1.9741883193555154,0.0068357490177058415,0.058622765114877934,0.7581633809789786,0.025719552297212785,-81.6794686038233,0.0,150.36658578164196,0.09308603450511828,,0,0.004209363979392524,0.07360380624226606,0.03144033892711669,26.983282535468778,1.111194489232716,-1.5159357917412686
1055.0933891385132,0.7377025011158598,0.07035803995446509,0.08573047174890613,2.34604123901845,0.0387264074897745,1.5259302177175333,1.9617335961071767,0.006621401102891719,0.06046447103025339,0.7784246446054462,0.026454645823371717,-80.78981587315293,0.0,160.5515001277248,0.10498671441037209,,0,0.020137717665367157,0.07179477398929159,0.0246415895469923,36.15272225134027,-0.38542012185509916,0.7061147605551259
1055.8002197360763,0.728275384408205,0.07013121223710725,0.08675677892551395,2.306384044247483,0.0390932624895891,1.5239258760572383,1.9434373537353393,0.006682118650953676,0.0597998747348449,0.7609512891197239,0.02619256361432108,-82.49595323534584,0.0,161.89790601930062,0.09812437570113022,,0,-0.00016399144730034536,0.06696311376465038,0.026979400157272362,42.02362916189878,-0.3622177326661221,-1.9024228286467504
1056.5006536766484,0.7362658952738235,0.07110005826293596,0.08300613446379151,2.4059512949616266,0.03894597303976294,1.5328668271082628,1.9371810293784562,0.0066819582254921675,0.0591634895865368,0.751409306761963,0.0255779476869465,-82.46147282572188,0.0,157.04219256993824,0.09565429655432395,,0,-0.013375288376189672,0.0673920514330424,0.025022321865925335,43.628805641263234,1.6793412943242934,-0.2423600485087208
1057.2106826027075,0.7400072199869439,0.07113203993502318,0.08265958495311343,2.4440568117572816,0.03834282885996401,1.5406139079456802,1.9722932338448325,0.006748476836072291,0.06320830605865772,0.7580396448642757,0.02615295219620608,-81.29445583458629,0.0,159.69522644370588,0.09284174171417883,,0,0.0013633980639748576,0.04837057717919494,0.021349052989590445,44.09715683004401,-1.30083577080269,1.066937613545604
1057.930306514254,0.7362718507823613,0.07021489775124722,0.08065139055234227,2.397068028307761,0.03870558441871392,1.5574983358951529,1.9975303972627076,0.0065870741640057014,0.06320929540202676,0.7585902436414419,0.025903362832546805,-81.65744383108722,0.0,160.4293267470611,0.10478172751682369,,0,0.007070075682054945,0.05406200527309156,0.01988065111024582,50.50631875494291,0.4141306794752517,-0.5134808457374409
1058.6339387833218,0.7537278019771234,0.069153865484313,0.07799352567320929,2.3275649650412977,0.03820610644271816,1.5472102364615528,1.9756496432172936,0.0067858330266350455,0.06344930353688351,0.7640067012019313,0.026157524013026703,-81.59933267088385,0.0,154.22325585801994,0.09449806471240724,,0,0.009049365624663066,0.044386930637277215,0.016196713737433754,56.522723631562236,-0.35587258319300086,-0.02537694677495766
1059.3631576803555,0.7607289177466441,0.07007631384485728,0.07071239563335895,2.332910142333079,0.0374933997027797,1.5429091808700959,1.9708702221043628,0.006287518889183355,0.0644736029862778,0.931039573322885,0.02577039308149192,-80.46903955267382,0.0,161.6092223197358,0.0891438328051994,,0,0.014037209239717139,0.03659671870097653,0.01005117685966024,57.951629829843455,-1.1162517318623042,0.7002860086824176
1060.1083682198682,0.7792240932865123,0.07167952633331941,0.07254762813712473,2.323827670301413,0.037453994377571416,1.5276663922641227,1.9654869137059818,0.006600724283607002,0.11297986972619666,0.9236460002798182,0.026100025982169924,-80.05914594440011,0.0,157.65969006203784,0.09004119514876427,,0,-0.005725623852064938,0.02795942249775873,0.009205229938665838,56.947885465010415,-0.9376557675335323,-1.0621626561371016
1060.8567770878767,0.7695100221406501,0.0718039281205568,0.07093360776609285,0.7741103771444527,0.038559860009718706,1.53910162274309,1.9634268669938024,0.003220546583328388,0.12512680287402145,0.9365631075289494,0.026762253082540693,-80.27069771399556,0.0,157.37716401388352,0.0764876619908553,,0,-0.005630773113391511,0.03280320088169013,0.006402537647594117,57.65451373013916,0.16126829210768262,0.1498079439807171
1061.6019876273892,0.776795122899824,0.07376086354866641,0.07095143168064331,0.734481932669515,0.03787816476557544,1.5378429842396568,1.9631655302240825,0.0034901104768641856,0.12372511488481104,0.9247741831427764,0.02745983452633432,-78.66203176123769,0.0,158.1371472007142,0.10263883954297351,,0,0.000768772573833512,0.020710741948319362,0.007068807876909876,63.19023981970011,0.39440637404576623,0.015970142588664672
1062.3567931523892,0.7835940336345532,0.07234061889866372,0.07235323811392702,0.8268070151730326,0.03793714317120577,1.537653509167705,1.9503001102302344,0.003465060934162069,0.12320402022811956,0.9418899189545573,0.027090573977533335,-77.74411084595614,0.0,159.097732628514,0.10699134522396916,,0,0.013868328169458771,0.024447051662683447,0.004682123779712536,65.23243973498872,-1.7368825144228341,0.24698534116223617
1063.111598677389,0.7927830296300309,0.0687897231045411,0.07079739457090557,0.7096110178448484,0.0376715397142396,1.5463108977718631,1.9547492385763487,0.0033052395040869434,0.12554777280907792,0.9543662010261375,0.027824470207129335,-77.73215806312966,0.0,158.5585076805039,0.09738223336431676,,0,0.01055113338886404,0.0153452186366648,0.008411011682611545,62.527513845339115,-0.3219139438845723,0.34702534398663454
1063.879197516372,0.7994134597819402,0.07546610222275782,0.07091357494948755,0.7102303339943173,0.03745049843205339,1.5481456849079362,1.9605626789783124,0.0032378533574798692,0.12716477324487807,0.9500833149713379,0.027725035297333868,-77.05551568059789,0.0,154.29125776096663,0.10892411560886212,,0,-0.006278689371828499,0.013582120350323468,0.006280912737374896,64.00258282310641,0.47658736115858136,-1.0044304248428193
1064.6659863263294,0.8105576732806865,0.07359005622405967,0.0712896643809832,0.6374112479537939,0.0375575093857556,1.543555964994048,1.9740133646094495,0.006658074650607115,0.12476119314399656,0.9549775805058904,0.027434657196533728,-76.36385100115359,0.0,161.87158678808876,0.08690219661115531,,0,0.013485057649718277,0.016662933867201093,0.0077569697232072275,57.23534262075262,0.7165176468154233,0.2996192766575734
1065.4431801507997,0.8126442805611606,0.07152809728578947,0.07023474754472002,0.6507099427404572,0.038094160503339594,1.55179603062688,1.9747648993411497,0.006821149663570457,0.12731243106609838,0.9610112500593513,0.027521359859050437,-76.6299632448087,0.0,154.07179350426958,0.07839530288261695,,0,0.008711779792333788,0.013683787107961375,0.0046885571057646,58.15063229091496,1.0575511341384907,-0.6411555602744469
1066.2267706322612,0.8251812660979856,0.07084028632680905,0.071535430860698,0.5321143466688418,0.038919729934992355,1.535551897356434,1.9888064325741373,0.0065667441288221025,0.12762849548992425,0.9630746899409199,0.026983018296602428,-78.87004822569834,0.0,158.30562806995187,0.0823461029708058,,0,0.017655146740848015,0.011469199516983223,0.006045868980143344,57.19479662745883,2.4823987792255156,-1.534014351442443
1067.0359477416891,0.8316413390625135,0.06900434478847668,0.07284383665622925,0.4593375358968192,0.038976391522937755,1.5350881970170214,2.07327178321643,0.006438577165804681,0.12675914085373763,0.9708659158342106,0.027256541251553672,-77.32351326268498,0.0,158.96137279875487,0.07806063234771901,,0,0.01104574862161198,0.011782451786112275,0.0032461019840222213,56.86368294178888,-1.2093703413177999,0.37076195457783595
1067.8515215081088,0.8287181237699534,0.07083443181891198,0.07180861213932486,0.4857287215938357,0.03872766189050377,1.5390322803856118,2.087055784924989,0.0032427307590082496,0.12589940139110686,0.9669238015924503,0.027415999206992316,-76.70274509233556,0.0,156.2116239672939,0.08803707385519426,,0,-0.01767178746757291,0.014442876149080313,0.006887359032311226,57.56859214631155,1.0285367743330402,0.2214388918629033
1068.6543019605447,0.8377842914196001,0.0705272497971556,0.07209364629539836,0.5427331447078102,0.03860391584573554,1.5388858650638435,2.076836042726301,0.003468137350329996,0.12623746289181476,0.965165522231427,0.027185706932777505,-77.53385381624682,0.0,153.6338948634953,0.07342221728200932,,0,0.026334897577928115,0.01519875585184053,0.005138501590496614,57.19353852567811,0.6336068839551382,-1.2597538429574415
1069.4634790699727,0.8344301512883134,0.07088184315943694,0.07255189007127952,0.4847120695596644,0.03937387814521122,1.5305018356563869,2.1103022221090924,0.0033184248764535364,0.12774376630649648,0.9605403657309525,0.026939726939316195,-77.96001787027767,0.0,163.27928991726571,0.06545831568766125,,0,0.004801430486733903,0.01697094320257021,0.006364462803419821,57.715944872739676,0.7597155395101086,-0.42995931799971804
1070.2662595224092,0.8345608816278641,0.0685910353060982,0.0714079217173023,0.4407164142114366,0.039014741781671025,1.54265237485291,2.089981519260418,0.0032902992211577223,0.12581913826265637,0.976738609903094,0.027042318588655696,-78.03874882460599,0.0,159.31051566490228,0.0716910628776307,,0,-0.01667291377878743,0.013531403031038385,0.006304669547875271,56.92400296501606,1.0382285426842341,0.03866772051003823
1071.0818332888284,0.8335816119450902,0.06863181368866658,0.07040523288775372,0.507197824490836,0.038776608560156085,1.5217943103787006,2.084053482079378,0.0033544563995761994,0.12747674624976796,0.9671407523176243,0.026866465948694202,-77.71670419843795,0.0,152.05256027029162,0.0813834636745832,,0,-0.002614754101526346,0.020492459255749117,0.0012371746053729885,57.91071152408149,-0.2576436711224574,1.6553934194159603
1071.8878120697607,0.8404791176361724,0.0703352206443122,0.07213701086360852,0.4747312977400939,0.03862803042669662,1.5373272711232833,2.0881168496471267,0.0031572150737370357,0.12795775271638582,0.9285050738206536,0.02594739856028112,-77.39039445841826,0.0,159.4872662574683,0.08340874955789185,,0,0.0016576032614027789,0.020051325791495773,0.007521139176453196,49.76962845413143,2.8265982071846016,0.8440984238368268
1072.6841958652055,0.8330976998318776,0.06932628733550641,0.06997647282350633,0.4850209464325449,0.037948396346869515,1.5479931743999964,2.04054575107262,0.0033252377438889283,0.1269142623556419,0.9422391204931021,0.026344673406064518,-77.60095484388357,0.0,154.9636359463231,0.07217659565725906,,0,-0.005873190972421492,0.021430786009640497,0.003283750174284938,48.017044711367646,-0.6327930582981168,-0.8505846965259675
1073.4741830036587,0.8264553231295539,0.06810837909919659,0.07184825251777988,0.652144015616158,0.038767558586494735,1.5389563041675762,2.0388268697292533,0.00305998190370661,0.12679952918691756,0.9278710926792831,0.026059635792436933,-77.4306953114893,0.0,159.34624336396442,0.08003783008317111,,0,-0.003293301442833804,0.018485989473974597,0.0036002633302085483,50.78099624614036,0.41212469275406644,0.5721249713726683
1074.2513768281287,0.8303211626436445,0.07167606303303688,0.0730183918326408,0.8546553932255263,0.038014377297712225,1.537095297987562,2.0344278400710665,0.003540235598218879,0.12560528337353152,0.9304465104161738,0.02617400143093506,-76.97427066928238,0.0,159.51523952141758,0.06588586498216503,,0,-0.020148365187487118,0.02105031687033574,0.00882080059994551,50.208817002008765,-1.267276268117367,-0.3739737859665952
1075.0285706525992,0.8277389751925441,0.0734223251924562,0.07108522622799994,0.9960072974289277,0.03869683019212666,1.5311731007354346,2.020949360865618,0.0032595546540208947,0.12589453757095062,0.937244681054644,0.02599209938712859,-76.01197499871961,0.0,153.61032638777752,0.06845701016127786,,0,-0.0022396785610623838,0.015093014821799505,0.006881075403213553,49.77914945998185,-0.7563040164535731,0.408897962027442
1075.8185577910524,0.8338927198004237,0.07322945591553497,0.07241734506742281,1.0792220396618348,0.038864261001339905,1.5317696306284512,2.012338185488488,0.003017357473683229,0.12802525895926778,0.9465736030981655,0.02608089786005168,-77.52163322531516,0.0,153.33681481066017,0.0687060020372358,,0,-0.01705609918174871,0.01879295953237983,0.00781862029902374,56.861266913491605,1.010102811669751,0.05266164194596071
1076.592553287027,0.8296273431960244,0.07770857682992117,0.07185908065678803,1.3370215490155921,0.03860127638812555,1.5358524694447468,2.0484034489437244,0.006705084103915305,0.12797390666053637,0.9481137671466551,0.027698936340130775,-76.16331802661004,0.0,157.54312538902758,0.07003834177008451,,0,0.008082783426848962,0.02409165614342674,0.005876089701935358,58.80083398587151,-0.2054817253293447,0.6197005040563437
1077.3921354109673,0.831986804983123,0.07551640441288437,0.07155321145153593,1.3941326108761742,0.038551852195494694,1.5593176012357903,2.0235170831011207,0.006699805899475703,0.1467019838376187,0.9461868925141069,0.028021135837495558,-72.09337810869638,0.0,160.58109570813684,0.05783258549319579,,0,-0.013077800224485526,0.020573320694028466,0.003435590224939752,56.99042902098811,0.23503782871932166,-0.3159284685738272
1078.2364941338487,0.8343972809970752,0.07568815247368546,0.07149629088075528,1.338165426876902,0.03844595092578354,1.5717201649641324,2.0193301904214516,0.006443151055234848,0.1477490312687848,0.9374388285157848,0.028526356634770638,-72.6485287794047,0.0,151.05668777500176,0.07157818635587919,,0,-0.007900882705904756,0.025666982483502902,0.0034009021574523636,64.43290820073773,-0.6233609267706535,-1.158517129278684
1079.0392745862848,0.8372536453460834,0.07673522777375968,0.0723939366632757,1.3493488648134648,0.03842195991549754,1.5753475883613537,2.0218776163286085,0.00663955291533378,0.14963542879684177,0.9505578916964348,0.0287849390770424,-72.47330924017312,0.0,153.9244696558609,0.07279684738384778,,0,3.769495305515618e-05,0.023369361953575495,0.006166304751289827,64.04872255075685,1.0199664087370928,0.07054439417393304
1079.8388567102256,0.8363810106505201,0.07786930318416857,0.07320355180267704,1.4055939968441804,0.03878880565312273,1.5534450122500805,1.9889015152305554,0.006678497058812692,0.15074236845978006,0.9434401941077467,0.027138948585951016,-70.75035877254014,0.0,159.85528198738785,0.09698725846706109,,0,-2.9261365149406903e-05,0.023425482281916935,0.00897112701846898,63.932882370460234,0.5376909700126414,0.7548970584764232
1080.638438834166,0.8342055895007673,0.07216190047817074,0.07275090175393376,1.3399141995273423,0.03947499543178616,1.5743646805681362,1.998423626421004,0.00682128078641734,0.14968305927622513,0.9620867844261672,0.028231689126054896,-72.42364940736505,0.0,160.8545253735194,0.09268177131518257,,0,-0.0033176529415663808,0.018674081030456573,0.005413693443892018,65.99268461596411,-0.37592751934930196,-0.6608506008761067
1081.501987528022,0.829791473811677,0.07301874194802532,0.07375314910583383,1.4367479766527391,0.03926755564361197,1.5801771045659616,1.993076587279509,0.006686926427820664,0.1503262999148375,0.9529846321979244,0.028185802114487627,-71.18327517370697,0.0,160.25908060780307,0.08770752249199221,,0,0.003088960859992173,0.02643225606024056,0.006637494656872642,70.37130647491605,-0.713950689247672,-0.3938005017487433
1082.183231497619,0.78311777273583,0.07180953867278997,0.07225987632226052,1.3596093656896995,0.03926677808903955,1.5721283168441467,2.03100137099829,0.006558172083353912,0.1497192291833936,0.955994206251211,0.02820088300034414,-70.79723600376556,0.0,154.5037331913809,0.07612088034506927,,0,0.0035406869922335656,0.02681395333724809,0.009868091028667711,70.3318935290579,8.539685001163905,0.5321212813150481
1082.9316403656278,0.7729531846001215,0.06965638873439264,0.0724838143902136,1.338011348813693,0.038890689398865745,1.5759082848057975,2.0195868574199753,0.00652140167212502,0.14739773732206035,0.9761718279910879,0.028750072279867263,-72.65174527087746,0.0,163.21620106497528,0.08247025122667541,,0,-0.01665569162210075,0.02496016705271767,0.009643905019362634,72.22912240025335,14.591346111510898,6.197003525848963
1083.65446260567,0.7690645201181778,0.06911076986655977,0.07335183247218582,1.441771304682431,0.03930746305500877,1.5779429493137562,2.019362697522507,0.006574113215485273,0.1481112396989314,0.9689147452579866,0.027610577113770733,-73.34204905956977,0.0,158.28342977369405,0.08565667920416807,,0,0.019009388633749725,0.024017443387152445,0.010249358539301624,70.30478830030613,21.142940849459613,7.2484645168919855
1084.40926813067,0.7651666487260746,0.0713462064438275,0.0715250775587094,1.40026867562377,0.03960470750845655,1.5763419743766025,2.0268228310353424,0.006562313928593111,0.14655187056587027,0.9475425816010228,0.026464195159732497,-71.56536861931184,0.0,155.33764154761587,0.08994078415110966,,0,0.008239186540995943,0.022444074879792143,0.008376635986881235,71.0078246884567,19.80463058776884,7.787082067998315
1085.148082013191,0.7719788138911646,0.06990967919678708,0.0706102892785847,1.3720740275041545,0.037867444908313036,1.5697893961360956,2.0217152902587485,0.006684924809748392,0.14567286893183243,0.9217287574909783,0.02590673059360915,-72.4727890568359,0.0,151.55845806948093,0.08119392052076456,,0,-0.00528571373251803,0.02363889816220549,0.010884767701058685,70.74555593591863,22.348015229634747,7.016016613160399
1085.886895895712,0.7732626136763949,0.07045075163325254,0.07012032685080365,1.457683216483324,0.0377934145622178,1.5585828841628888,1.9986219214768028,0.006553655303390473,0.14707821089100032,0.9123381708279055,0.02576119998755185,-73.21731866781279,0.0,157.30560767093306,0.07388391495244843,,0,-0.003159887150144108,0.023450876947569473,0.011444836048623867,71.06053362722679,21.237725841053688,6.342472557384423
1086.628908106729,0.7699043604827319,0.07020298497846537,0.06946338690788552,1.4003488456279827,0.03709570592445309,1.5509765565316709,1.9889864945131006,0.0066748930129817375,0.1344429009841739,0.9167763597340699,0.02643926870471661,-73.18736168928099,0.0,161.67319942012654,0.0841608119577229,,0,-0.008431048881684906,0.022842868997494662,0.012229998080165836,70.77152500543939,19.071045499668614,7.867487729337938
1087.3677219892502,0.777102105755514,0.0702494179370353,0.06944438470302268,1.358867357061731,0.037904159157643474,1.5612939795339207,2.021161521601199,0.006713672242247657,0.13320463987930084,0.9173088926284423,0.02600896675955168,-74.08664552640973,0.0,155.07628414669932,0.07988016315217626,,0,0.00717107932616137,0.01798835129227301,0.010002139350869044,70.8244809179258,22.016971473475586,7.887898418128413
1088.103337543275,0.7815464159196579,0.07059823820136878,0.06973795097954454,1.1751896643066426,0.0383644317018848,1.5831064979884324,2.028693573976409,0.0069773236280520875,0.1320184909554032,0.940310260601854,0.024832505143000807,-75.06291084914977,0.0,157.46229079390793,0.07206655363892346,,0,-0.01169553450470339,0.020333699710492356,0.009983679229979156,70.45215764324324,19.65904628543267,7.366776754554213
1088.858143068275,0.7713789541365529,0.06879948149002513,0.06910335296593606,1.0930750552674693,0.037890286974952135,1.5525657573000033,2.0134395405027563,0.0065021140611923765,0.14591370546139895,0.9352539784287031,0.025503112299969495,-73.57906300172833,0.0,157.83229382115962,0.07884628289292692,,0,-0.011598765341283863,0.01853180225309331,0.008837533444765216,71.40395096174994,21.397630833607547,6.846868667357977
1089.6289402357536,0.7933601079432713,0.06995512580643459,0.0685675704517079,1.18155331552168,0.03844721159379324,1.5433363601317573,1.9812247671419638,0.0066297827179629485,0.14915662169129237,0.9543300145791055,0.02532574603201823,-73.96194146315992,0.0,155.47482856344274,0.07694319341996499,,0,-0.009153216965094498,0.021828929984519362,0.0105654398969023,70.46791864172931,20.99539000553242,7.408196758795026
1090.3709524467708,0.7865203254273943,0.0695908612673125,0.06774425003942587,1.1620331512888165,0.036872504424872346,1.5406634585631707,1.9812351813323352,0.006611216193549382,0.15023133618210588,0.9276440660911235,0.025814528572680042,-74.07709225975904,0.0,157.7812550338655,0.069189032915643,,0,-0.00016441951491892592,0.021071395844255943,0.00957416018928197,63.64431581840044,20.684470788461084,5.829455575967712
1091.1257579717706,0.7868555617975377,0.06808809522031624,0.06974690866757596,1.1216878855108274,0.03747765909838285,1.5460555771160809,1.9834342700467864,0.006548332912122944,0.14893597112551266,0.9245815945467601,0.025384117685326217,-73.33539367528273,0.0,157.68797312166362,0.0797367340411191,,0,-0.010982407464503186,0.022104235404145342,0.013417727131537367,64.73699045004187,21.9775909240316,6.959826055427914
1091.899753467745,0.7874358310518123,0.06935679487470586,0.06879433897540889,1.079026187517817,0.03744640890859908,1.5383108259896587,1.972520286506762,0.006792427642051957,0.1497972857352636,0.9336480270636432,0.026137261997183935,-72.33203255558445,0.0,165.22549568027014,0.07757826756495707,,0,0.007731933241873162,0.019448562032951165,0.010394713773714386,64.25329752472594,20.7616538690284,7.7301945846711195
1092.6577573212405,0.7924463906921322,0.06895724980708294,0.07001717680812854,1.0604879274714814,0.037888074317569846,1.5808006428843269,1.9941806092035528,0.006859676925813535,0.14895404069986246,0.9469164727984991,0.02669135281262641,-72.80445175700187,0.0,155.88437463406427,0.08044894510587135,,0,-0.014252652988782035,0.021249254980293834,0.010840983658834995,63.41779826286222,13.13589317464813,8.031461120803314
1093.4221578317279,0.7911850059435117,0.07203923575487249,0.06846721196855367,1.101701566683216,0.03840638702083322,1.5487887885158291,1.9879910957515898,0.0031858726937202863,0.14969583638251477,0.9538177527009171,0.027384667212345348,-73.28886744570327,0.0,154.85485205702614,0.08896260644786627,,0,-0.005164484886811568,0.022101704200932153,0.009746575038080196,62.64882023204633,6.439491588577876,0.5596343849235502
1094.2025499846939,0.79250442223182,0.0701626921982543,0.06992992050108594,1.1651268389867115,0.038184868990696126,1.549910772165306,2.0220643290931695,0.003535677394650746,0.14960775472238752,0.9436298903515784,0.02649240401258689,-72.6772811851161,0.0,163.0180771582481,0.08387933614648922,,0,0.014795009995487496,0.019176100973604428,0.010587557087957446,63.587448841171074,-1.1647114225818662,0.2653502343476855
1094.9797438091641,0.7953876197534457,0.06984851495429445,0.06997983744896327,1.051377831638685,0.038461825799512156,1.5828797163608892,2.042227444572981,0.003449395247838851,0.14927540379694187,0.9503802996477703,0.027373189495800986,-72.98892459567851,0.0,157.15693976841163,0.08042272926376756,,0,0.01802528471806592,0.02261834403205857,0.009585961726707027,63.855719918716545,-1.0956599720635305,0.4687182288311987
1095.7377476626598,0.7971677780011444,0.07016049792360113,0.06982589941393312,1.0736793783307064,0.038322948743514634,1.5502052909833195,1.9768800941132307,0.0032119061693914822,0.14710984432853383,0.9470147036735223,0.027721430379805723,-72.45946234101677,0.0,160.70365907077243,0.09852868329039563,,0,-0.015924820752392294,0.023140600358789738,0.009394618936475536,71.0684665683301,-0.5455871398458202,-0.05662233850205383
1096.486156530668,0.7932613482955871,0.06885734033911377,0.06879438602175071,1.1452258789819938,0.038124661035656274,1.5505484563109497,1.9980018875139882,0.003262754682263485,0.1417913357744632,0.954520326692057,0.026901533581358675,-72.00981031186473,0.0,161.18395701981817,0.10852648459281722,,0,0.0034769067877166147,0.022935099060543227,0.01060355317747002,71.58765185574913,-1.859490871786527,-0.261713386944244
1097.2217720846934,0.7908100254472329,0.07264529462088787,0.06963112645713816,1.1225756793546102,0.038268135037944497,1.5315055377771054,1.9678497422044656,0.003446346147319074,0.14093217312843745,0.942039627632219,0.02614062708700304,-71.9566186632056,0.0,156.1211568222311,0.09940725521005915,,0,-0.0060685306437041585,0.02415638460145025,0.010804547320949707,70.92943614681096,-0.37537224648696105,0.009555747912457634
1097.9701809527016,0.7908260035422429,0.07550345204515786,0.06998635924501592,1.2345054390263077,0.03828768297645251,1.5453271542676952,2.006102448172362,0.0033217542242225833,0.14007904412976693,0.9475564850946576,0.025873363246325283,-71.49333790973873,0.0,160.39717764183186,0.11160460746930273,,0,0.017443085855016333,0.022347493155367344,0.010278615358667038,70.54090947952444,1.1978999893014077,0.2912710435858234
1098.7121931637184,0.7859949022396714,0.07658467239125309,0.07088432367514415,1.3327502070263018,0.03810400592903748,1.5398100280526743,1.987026786243754,0.003070845328887048,0.14597975554611214,0.9593520606834213,0.02608254487982301,-71.51791852484968,0.0,159.05902332022453,0.11190737864729312,,0,-0.012026800493497344,0.020001568958873776,0.008382343810861484,71.02936871786449,0.31634093092916743,0.6248380112886778
1099.4669986887186,0.7869778472492519,0.07848312983620791,0.07269002213696485,1.3608889171908012,0.03814317478104832,1.5391151111968264,1.9947010248710477,0.0032092657299268796,0.1518623402780545,0.938951924920323,0.026167834023163146,-70.77750390969574,0.0,161.21103629140202,0.1136205428805249,,0,-0.007556175360495372,0.02172152777236863,0.01005823022700329,69.91716518246936,0.42296797497551175,1.6875711111989935
1100.253787498676,0.78008661200453,0.07740578999916056,0.07146093698134742,1.4383042744945553,0.03830891456099997,1.4986832844848477,1.9599280008795297,0.003243874246004214,0.15003234184182496,0.9564814832805745,0.025781978947625885,-72.06824485433553,0.0,153.6083472843143,0.10293769816274045,,0,0.0024796691153484256,0.02082817678415884,0.010517420055736132,73.39313618410748,-0.12475813613101328,-0.15171881023795414
1101.0437746371292,0.7821727095221073,0.07529002257312564,0.07040356990666896,1.5006198548276475,0.03799529344867604,1.4621083231841,1.9789470839970686,0.0032552542387192015,0.1551517722625243,0.960370648402036,0.025451106291575563,-72.78867924723346,0.0,160.96380628431544,0.10007702436543481,,0,-0.019485829497955902,0.02226680110146498,0.011453920382828523,72.12187047417079,0.39699171925470034,-1.0249055975891799
1101.7921835051377,0.8016274691812848,0.07750486038763982,0.07120911490384241,1.4540999133924368,0.03903705484488171,1.4523535472920854,1.9808329998024448,0.0033680606077927285,0.15161645485739797,0.9532746343970294,0.025385770266075882,-72.43301503986243,0.0,160.23153823391036,0.11111623318356993,,0,0.009852408856848054,0.019541996026480223,0.01046314675734964,72.25092158902959,1.734579818876982,0.4802533260268992
1102.5597823441205,0.8000716683094998,0.07764818233376417,0.07121119228900567,1.4198282004486293,0.03910641784869346,1.4429722155843394,1.9686973228224502,0.0034148644499618626,0.15229181808629752,0.96015290036913,0.024859264581405985,-72.85787485233361,0.0,157.34070356741233,0.11468744815341944,,0,-0.006302043793294864,0.027074790358923944,0.012512676500886001,71.18930251196868,-0.42366391215396987,-0.9228998275796768
1103.3305795115994,0.794458060892721,0.07279279940568383,0.07276098926019856,1.4720174930727332,0.03898123361903179,1.4150311581336144,1.912345965139371,0.003382467242591558,0.15385747525541216,0.94575928364499,0.024819205357333562,-71.63672411179222,0.0,157.02641231012,0.09822104989312913,,0,0.02154297741888589,0.023285050452434234,0.01413532323152353,71.71303048863238,1.7199993009763173,-0.6964782010646248
1103.7431638875526,0.7985018305825161,0.06820554024845167,0.07372966441020434,1.443024757087133,0.0386096467689245,1.4167302007800315,1.9022737181251974,0.003327025578978754,0.1524081433419396,0.94458440335506,0.024569568042020897,-72.40991252767684,0.0,157.51933927500764,0.0922539660608787,,0,0.006833242508630948,0.02907049770167258,0.01261998735534687,69.42093354688315,1.1048103644382334,1.3277733211615297
1104.865777189565,0.7938671281740403,0.06807589721746386,0.0725497844150198,1.1386763704140719,0.039026211832951845,1.4177832957687553,1.9099557981895336,0.003360373992177441,0.1529808019109475,0.8978163580954878,0.023240854937084703,-72.33711663028885,0.0,159.388609597879,0.09320418826567137,,0,-0.012058755893556832,0.11532968815175827,0.08158130272910404,71.95826899071048,7.475854720731332,6.6138801167519015
1105.6301777000524,0.7896794995248753,0.06883652378620977,0.07304732914363109,0.7146183315745365,0.03954552686166302,1.4177623113558464,1.916181818957496,0.006682284309577885,0.1536528308441511,0.7093842300945135,0.023818668307309616,-72.74383592072964,0.0,160.11885498873733,0.07980099939342573,,0,0.013608951142954882,0.1153545692880461,0.08163923285974094,70.13617267926595,13.588153492809953,12.72196534084171
1106.3881815535478,0.792243053780972,0.06864745134086517,0.07672915240168401,0.700270674687289,0.03847017835072427,1.4275956275703583,1.8976602610516864,0.006509580176477548,0.1532112695196635,0.6837834232391796,0.023992600478948096,-72.52720620656201,0.0,155.42937042680998,0.09554556071737004,,0,0.005469092916077101,0.1141912813881214,0.08183423303103897,71.95967326795221,19.875615807541532,22.09828037096427
1107.139788750052,0.7729621050930491,0.06819503789304288,0.076286978190029,0.6075251172190488,0.03843446553746089,1.452914954108974,1.9195149250477666,0.006615812700388819,0.15346713495954248,0.6878305967702515,0.02365582162894824,-71.74601023736948,0.0,159.78316253906644,0.10248263498548414,,0,0.01790393817251549,0.10992138118020395,0.08121387009591156,72.66402049138209,22.646794863366257,22.667891427433425
1107.8786026325733,0.7778744733212176,0.06944511170261487,0.07449403826237927,0.5610504474905171,0.038184551405304176,1.4520243852958095,1.8956168698429374,0.006817723155589004,0.15340708390707403,0.6845485206274531,0.024031339758917237,-72.81240524486735,0.0,164.79921991647427,0.0988966326423514,,0,0.02875492687042528,0.1137382033746106,0.08464406715102508,70.32240181114621,23.231949467056886,21.820883968218293
1108.6270115005816,0.7951645589177406,0.0699590494229297,0.07466359417485287,0.6090897083073696,0.038030818168613936,1.4836331372124876,1.9633046912992986,0.006532522711505086,0.15269002128049153,0.692258049299362,0.024169749583258064,-71.9033011430026,0.0,159.72086194546506,0.10396289338665625,,0,0.026314510002650317,0.1210280367444055,0.08673697852395418,71.85178594753201,19.94374590378712,22.51399357367832
1109.388213682573,0.7806653214427254,0.0674782702860449,0.07687492656327972,0.5669290206249932,0.038922387681324125,1.5426912471494245,2.114473781740624,0.006803976049134887,0.15192947562569864,0.6848964720805623,0.024946262402079054,-70.9375620953272,0.0,163.30114463699664,0.11295014481667623,,0,0.005828352115425537,0.12320490697941587,0.0869576659640115,71.03241218879928,21.772147548988265,21.922051999978567
1110.1366225505815,0.7886450025740657,0.06980792531647002,0.07542720726513691,0.5504679181823867,0.038170733142023676,1.580526391657377,2.1025589449948314,0.003197408277254848,0.15336166628215417,0.6850522854509435,0.02488728887805499,-71.06313603184343,0.0,162.54217820529476,0.09482060372967029,,0,0.018328840777157317,0.12202785816087632,0.08751320821354852,72.71546966841292,24.0058824862365,21.344813890369903
1110.8850314185897,0.7767154358209171,0.07145473075161478,0.07618729334802554,0.5942154928213932,0.03817264337478033,1.5863985618991954,2.1153447604932656,0.00657675759739335,0.15310519301908004,0.680280313348677,0.02508682049595836,-70.62532931207097,0.0,167.6347696924119,0.08306122375555071,,0,0.010121854812953761,0.13009831523819212,0.08449066134636932,70.17844727763035,21.01831903410228,21.37798402729927
1111.6654235715557,0.7882129033984747,0.07102052461191632,0.07652768003304744,0.5455575615333068,0.038452560311227395,1.585473322933448,2.1206201580959214,0.006502865163763352,0.15358337366856592,0.6836502489802097,0.025121814161104636,-70.66060657450937,0.0,159.9006808352141,0.0992711018647451,,0,0.02427897485229572,0.1365039449598709,0.08817007224369376,70.90900314579845,19.875664418047084,22.22314367893309
1112.429824082043,0.7894225173741976,0.07204097889718143,0.073866917084169,0.5612294998616714,0.03897873903417749,1.5838936462775588,2.1209105699636837,0.0067620335859001944,0.15278236907252452,0.6935082241217971,0.025056364348582275,-69.85036345002122,0.0,156.8781268231328,0.08569965965166944,,0,0.02676563612518392,0.13146370097341983,0.08999720175736081,71.58615553785165,23.25126567459243,22.257451853261617
1113.1942245925302,0.7801630760942582,0.07244760881869221,0.07348535408701677,0.5200416554754418,0.038142937756335954,1.629104744057054,2.207375588928464,0.006561876140394351,0.15500839836565242,0.6908748225605145,0.02528799461774786,-69.84755500852826,0.0,166.87845668122267,0.10226831108733568,,0,0.00385618777457164,0.13714630106941095,0.08835152404884589,70.69408564205818,21.079069841931886,21.35040158738952
1113.9746167454962,0.7836631142595878,0.07015256332077964,0.07642501687015506,0.596452126706112,0.03838707818735061,1.6321452526348303,2.226362913626588,0.0032894306583656366,0.15201830605120473,0.7020385451642157,0.02555812704612381,-69.63919703696507,0.0,155.8622033314178,0.09584965191541528,,0,-0.003919608198541202,0.1369117651739309,0.09073317713404166,71.33944596916898,21.83979254687651,20.82623683842884
1114.729422270496,0.7867168457216732,0.0728247885947307,0.07327604243194064,0.5968626582232819,0.03895523445598816,1.5828465575015274,2.1325881838674654,0.00328072875043454,0.15167797466781008,0.9424407154067849,0.02519521495910036,-70.4241995279624,0.0,159.1916754510348,0.10434586876055883,,0,0.015230172513553521,0.1365843422265544,0.08743611428077294,63.81262924810256,21.627857329166254,22.414824987568483
1115.4842277954958,0.7855288457785019,0.07577192552150097,0.0727097550674087,0.5657688632281128,0.038457492482620356,1.5566634892594216,1.9979053391756263,0.00672931231129285,0.15393006380451799,0.941411595159518,0.025113658026820855,-70.05910570799647,0.0,165.00441597606226,0.09700174693943811,,0,0.00727405249805518,0.1362925960017839,0.08487341866530244,65.30884155350964,12.923006768171822,15.119997075581924
1116.2358349919998,0.7826845950023386,0.07800255641081986,0.07320867587238368,0.5695338520959724,0.03930455887998803,1.540426315844399,1.968049895813849,0.00662244806202753,0.15199621100656877,0.952615846524114,0.026399886182181108,-69.56008388090474,0.0,156.99176047302504,0.09669939068757866,,0,0.02732069517199912,0.04943328961494124,0.019281112071664292,63.59367211054192,7.968335933820689,7.899620825972781
1116.961855560538,0.7770838261570749,0.07747616878051915,0.07270596966155166,0.5770125286340306,0.039188462199354124,1.5362227285991277,1.9814374114396482,0.006641770794800747,0.15331246050567443,0.9716206727903308,0.02572720102525225,-70.18084793127099,0.0,157.92654710456912,0.09751016173686351,,0,-0.011825885312150253,0.04223068967977836,0.019595258416422935,65.1224288845216,-0.5802067974140842,0.40551366308892617
1117.6942727860674,0.7861401768341975,0.08029116870592172,0.07334946669750747,0.6341572990565973,0.03838392662642906,1.5076172381338597,1.9767469632281902,0.006783552852870521,0.15313533403590748,0.9718941114064457,0.024913658124995134,-71.5460737586931,0.0,157.83552972023801,0.080817235364522,,0,0.009168251216285065,0.04709003479960286,0.016937065283913682,64.55179324484348,-1.43599814776118,-0.14346513030442873
1118.4362849970844,0.773412376068884,0.08050418961824626,0.07320879614538296,0.6270731024818966,0.038834424199669176,1.5032390963271403,1.9752289125419058,0.006512732817806549,0.15333088265213857,0.9892890154757513,0.025838166990867488,-72.55629983408237,0.0,157.08362074264244,0.09447607949695165,,0,0.008371590964025769,0.043260332228921054,0.016813177973997007,63.78153016137878,1.204960674508672,-1.1100091025920367
1119.168702222614,0.7765285618381138,0.08060903302610709,0.07341831966357594,0.6318651001427171,0.03835851667100064,1.5009727326728604,1.9631731834866506,0.006681878893960037,0.15229573295042353,0.9847887560660064,0.025264073661271823,-72.7578046940058,0.0,159.31976140106113,0.10517067169124789,,0,0.006719974646666941,0.04017601685239627,0.015928045539117548,64.30012589308907,-1.1023723104053262,1.3238398793703692
1119.8883261341605,0.7686520426983057,0.08011129318007529,0.07278355035539545,0.6218411462273689,0.03831109324566754,1.491621948482623,1.938525605593468,0.0068175455282899824,0.15324844813709373,0.9747362507654029,0.025135051148789035,-72.29791040980882,0.0,167.16109567192814,0.10371540395707288,,0,0.008880124469224548,0.0351277137641748,0.011766845847163454,64.66347255540828,-0.6059406390863457,0.6425659301607072
1120.6463299876561,0.7614761451243591,0.07920192045215792,0.07440925714038235,0.6987406446219038,0.037635490644354376,1.4937234592985054,1.9443663677991718,0.00644946226980262,0.15254225981194658,0.9584024796081678,0.02548605714763636,-72.35409881978386,0.0,159.79384099278082,0.09380604158193377,,0,0.006703151824736441,0.04235318535066761,0.010441837366007269,64.68518625173905,0.2835817983032457,-1.5429231044345266
1121.3979371841601,0.7681372652807116,0.078405355681573,0.07685389880244646,0.6361794711300129,0.038267656253511674,1.468931675371161,1.9242375717343547,0.006489294092081455,0.15412450496140778,0.9578997733342732,0.02542513021208577,-73.0344763250182,0.0,163.66881464408033,0.09201011390575992,,0,0.006830518177640281,0.03526770131712847,0.00934696207263453,64.34257543485181,-1.3777093313451223,-0.9607951592999924
1122.1271560811938,0.7661193933991524,0.08107122319159943,0.07684285267213262,0.6730435817012835,0.03770962072002122,1.4711796757665594,1.9518729758685442,0.006646140357790321,0.1531091457735871,0.9550282598237935,0.02561178980832545,-72.9824250240952,0.0,160.23196411129908,0.10960622175530439,,0,-0.0033308655914416805,0.028933087646451704,0.014673061592006782,65.52920690707623,-0.6269026993019733,-0.6672381088272232
1122.8787632776982,0.7724775022355316,0.0816909730111516,0.0764049567522574,0.7126177059913034,0.037645285737224685,1.5110962077374637,1.9551533185694452,0.006640833532254034,0.12508575585453074,0.9344785622900976,0.02504219160716545,-73.12547184814574,0.0,163.98771964878975,0.10181896101147152,,0,0.003542342075452471,0.02804606194611561,0.014270051033482965,63.91885977721968,-0.24978974187607386,0.8916221882585099
1123.6239738172108,0.7699833855241993,0.0781486116409756,0.07603210683588166,0.7429763874582657,0.03727132683651126,1.4804050725354612,1.9462049042758116,0.0064797486532516685,0.1023972691892735,0.9179532823225236,0.02493955205239575,-73.48021342008202,0.0,155.25866491840813,0.09738503414129827,,0,-5.0871546077461104e-05,0.024305270518336357,0.011468011019425486,64.26485443038045,-0.49133464547493005,-1.2374549575159906
1124.3499943857487,0.7797231396339238,0.07439897118685744,0.07559114785921082,0.7734497067016144,0.03700669605404313,1.5007841010404135,1.9427809493207053,0.0032226021610795687,0.10392167586959498,0.9358637670851336,0.024912449376856667,-73.48297460584197,0.0,161.04951320068608,0.08075010457714175,,0,0.01433710397487637,0.030687732713963217,0.01346286870291324,64.97610615026457,1.1374625860031709,-0.8004607411150556
1125.085609939774,0.7804424991478589,0.07250449540073894,0.0758733845303813,0.7469777720064938,0.03673794362780329,1.4968285486690875,1.9685468008557945,0.003246665683890756,0.10306402392529804,0.9281681776094691,0.025667275351582496,-74.5347772269102,0.0,160.70358262062337,0.08840111435771274,,0,0.0017004300772839919,0.02491337071713678,0.009529653704841353,64.3041638515948,0.5712862881375138,-0.27230767411097756
1125.8276221507908,0.771941972013383,0.06791733442191554,0.07543641750065039,0.7825761744008808,0.037013209295951685,1.5475695707629833,1.9645600145373412,0.0033366451703948927,0.10190433957597801,0.9166889181390544,0.02635921895823717,-75.34471307475629,0.0,165.2902927939084,0.07777165898409734,,0,0.002787383820394561,0.02986511752594697,0.012532250293837234,63.724045675184485,1.0145964884616387,1.2465639475534473
1126.566436033312,0.7773885544725547,0.05547764508231968,0.07592652385803526,0.6689900790214893,0.036670710067811786,1.5578675408855656,1.971373785135917,0.0033449348138934747,0.09647071241108145,0.9126347492408289,0.026441226710067975,-75.20741021013892,0.0,160.97263064898928,0.07163607642328924,,0,0.00018090438788450318,0.02752371989764908,0.01028916799229938,64.04871165005109,-0.5838168473060472,1.9848221855959323
1127.3180432298163,0.7774095601332908,0.05705873416227762,0.07424151404518627,0.7309603425605282,0.036834125721401524,1.5388500256282236,2.018190715246884,0.003170907367012963,0.09637988623129339,0.9236977880531947,0.02624675252495974,-75.57970133014395,0.0,162.66920789788483,0.09150032127727054,,0,-0.006118580439235928,0.02799686713031862,0.011255654711290848,63.68060753524224,0.7908391674318649,0.53223862009318
1128.0792454118077,0.7762241360535292,0.056027789613961924,0.07159068640271911,0.7739391808980997,0.036784054988186383,1.5305981461612992,2.0023015755193985,0.0032491272932527477,0.09826439108284328,0.9088745442310522,0.025941181382665608,-75.7879070860545,0.0,155.67592697107685,0.07195927603200744,,0,-0.001196630114963636,0.029279619142216492,0.010463467375142735,62.541485442741255,-1.1262314445393622,-0.6458445413469927
1128.8468442507908,0.7745042435788062,0.05757120357655208,0.07171834782042194,0.7178821918300802,0.037031189068852666,1.5313230472302626,1.9620748481413839,0.003388316756770808,0.09714682613811473,0.9059964396230191,0.02661728302288575,-75.50452973702083,0.0,157.67232483187453,0.06290045835644038,,0,-0.013206822742859005,0.033871205754334284,0.014533874494849242,63.52167167722984,-0.28781427251832625,-0.6273951902662853
1129.6144430897734,0.7739979077766367,0.05670226623073221,0.06775852652619743,0.6609473339689375,0.036860932464232936,1.55457139010678,2.006889822812026,0.0032820704385945827,0.09673952551228056,0.8992042506639121,0.026947150023987138,-75.54376784467775,0.0,164.64464357602947,0.09636805665893561,,0,-0.006031725300595195,0.029443616738838243,0.01037695178802163,63.32168978868628,-0.7592939153443095,-0.9122544401372693
1130.3500586437988,0.7776135195503896,0.057411750843237366,0.06710645612197978,0.6973348783948402,0.03687453389100237,1.561374786846089,1.9765384593316242,0.003255211490754068,0.0968044757637744,0.904387871129155,0.02729943165869198,-75.3856815978269,0.0,166.50849192226562,0.08253025629242677,,0,-0.00903881628468443,0.033598043231215055,0.007778356188403128,56.34929010410693,0.012006674018064644,1.9801930925299138
1131.0824758693282,0.7749617609859205,0.057260015765749864,0.06449721002184597,0.6496270756339946,0.036822472609500084,1.5343199541651327,1.9745519236436202,-0.0001146788279152665,0.09281776282893717,0.9135174614677838,0.026831943789444822,-74.92367731928127,0.0,160.8427022983863,0.07967908943290264,,0,0.013622336777154388,0.03783025284266763,0.012349146959653508,57.49083085574884,-0.22223230765271343,-0.8367091353949587
1131.827686408841,0.7797413330032982,0.05672655565444489,0.06311653366873562,0.6690912269628099,0.03663921874388087,1.5585369299630172,1.995827984480134,0.0033581877548992177,0.09479782370459837,0.9156372934216703,0.027120399342850827,-73.98610104708445,0.0,156.63140744891066,0.07153079293957776,,0,-0.011291472064395703,0.032139585214628286,0.010708232278942733,55.940219651149235,-1.5705654666931703,0.23660923870705236
1132.569698619858,0.7747311306780246,0.056843365926899043,0.05975388991404732,0.7036602625234847,0.03696370470800255,1.5615552733007236,2.0276668213062954,0.0033557402350791947,0.08661951006632035,0.9350045489896968,0.027721082969740768,-73.91129660242642,0.0,159.55875685050498,0.09361761428768592,,0,0.013268633255890927,0.04645435318544439,0.010885888124977306,51.284274888886245,0.2156609613378338,0.9284594671649286
1133.3149091593705,0.7781575733980894,0.05843797414510826,0.05924031737803102,0.6572717626177774,0.036952659707567836,1.5569587030859997,1.974595116711313,0.0032365522031549245,0.08749265093245708,0.9218154510641555,0.02690276490082225,-74.87667573249827,0.0,161.53447188856475,0.07682396945350863,,0,0.019044331154659953,0.04282978584665773,0.012941060716460517,49.89247797436386,-1.3302712088312536,-0.6027512730359817
1134.0697146843704,0.7723572449462983,0.057282078797343226,0.05714775177186937,0.6596510763977046,0.03665691580443113,1.5651867730295266,1.9718707714222148,0.003312962004718393,0.08873046858259342,0.9461250539271897,0.027754856194723433,-74.17250277086585,0.0,160.08976622377114,0.08280732580454427,,0,0.02687681668126722,0.039456528378634885,0.012936017002969135,48.3897611997251,-2.396690819067011,2.077367256351118
1134.8053302383955,0.7681671147378841,0.054997417030310504,0.056679576289059744,0.6731695836571806,0.036857872721507756,1.57595895628527,2.0212622049663604,0.0034055938908486576,0.08671425685610955,0.9666162204285932,0.0278065547754005,-74.11879759112932,0.0,159.49150349223217,0.08417730221256516,,0,-0.012899439147897,0.039323485361333586,0.00999792551100632,49.80652293424512,1.8561328051308643,0.3900700353188881
1135.5473424494126,0.7743812078677293,0.05688397679646967,0.05698228940553593,0.6417567007420398,0.03671679393364884,1.55974788785937,1.9690585337326683,0.003347055794006795,0.08724668710888743,0.9577401770316035,0.02831641870030901,-72.85253850728883,0.0,154.7367424241117,0.07826235894460297,,0,0.010521874601268676,0.04272791702447833,0.014285159175054797,49.29077652077483,-1.2300197549208225,-0.24765555361543953
1136.305346302908,0.7894133617616959,0.057923045940509184,0.05579874302672663,0.5990373246081444,0.0368735860543383,1.6904538551461483,2.1694065949848835,0.003429241473117605,0.08605112732635652,0.9638222923039085,0.028228488887178476,-74.04287286980336,0.0,167.20215996828657,0.08324801942023737,,0,-0.019092098461400562,0.04505763307201281,0.01512890663288251,49.55158147677514,1.785460784261382,-0.5552566993579869
1137.072945141891,0.7918362212168591,0.05646099470391938,0.055764996294675157,0.5718440406123391,0.03691087547852261,1.693343636191773,2.166180048671382,0.0034590923022826178,0.08652917472125496,0.9721468521815706,0.028640780179900936,-71.91346177528926,0.0,157.9542467935214,0.07227339136045355,,0,-0.01516659398217378,0.043906583211469535,0.015279023369581292,49.817434545259594,0.876326363673611,-0.17793441666526547
1137.8117590244121,0.8010340778573244,0.05857409949478806,0.05585792756068761,0.7624693615567171,0.036841056788702815,1.6419983955147168,2.1652804510811294,0.003343711889324685,0.08658806050501892,0.9712350149106971,0.028781414832266976,-72.11315012612204,0.0,157.50686000328344,0.08877027845810713,,0,0.009592835230701811,0.04884435540257064,0.013831450973294593,49.23938609163303,0.429440132482667,-0.3465876285754743
1138.5761595348995,0.7930037990376421,0.05703305441203639,0.0559011206257975,0.9340482093206521,0.037025015954836885,1.7001997120669248,2.1580478938593384,0.0034002473525868433,0.08666261335148744,0.9864803732665728,0.02851266559335167,-72.563123432585,0.0,157.49729583063916,0.07861196782306977,,0,-0.011623250404745418,0.050911276137926745,0.013372932706329067,57.45790287998753,-0.2624023553577771,-0.762031446495505
1139.346956702378,0.7995364335744107,0.05673589686295406,0.05689214259035608,,0.037211587146023496,1.6948281769607427,2.232210384609988,0.003320062287353287,0.09752055875228767,0.987079428365619,0.02907398476999221,-73.25301295043762,0.0,166.70895971508574,0.09266700519416433,,0,0.0011792106753953562,0.046886978859993995,0.014888901609895986,57.57949278986496,0.9348642016712514,-1.3664615191971359
1140.1177538698564,0.8016947218120185,0.056712491813948294,0.05602331621242013,0.3816085531308604,0.03711330100938245,1.6876755389115694,2.3155110357937554,0.003310529240058284,0.09996153839630044,0.9797988570466333,0.02819849191503609,-74.91679295706933,0.0,157.02438295211792,0.09331247513695418,,0,0.0019539743685733275,0.04934698652276155,0.017125080069212362,57.66996302103044,1.5865965456371152,0.3140458954840884
1140.8917493658312,0.8086784753101564,0.05502240614497848,0.05428350872013962,0.302528152519512,0.03708860186937682,1.7013948906834069,2.395828786191286,0.003566153075582883,0.09945150704859902,0.9868405063729598,0.02827974505027451,-73.47354198185899,0.0,164.02203163673994,0.09846424961350524,,0,-0.005853582877728695,0.052209526365132056,0.01462140194277258,57.88944528125955,-0.7314344867707571,1.2641457694235831
1141.6561498763183,0.8034946536169286,0.05857384824583388,0.0547234648199695,0.1879169853543367,0.03763500064831118,1.6978830767701782,2.4045510408552913,0.003317209638242461,0.10195335513362809,0.9685827258201655,0.02847990938619825,-76.79036261328321,0.0,158.4800805899813,0.10724740644159768,,0,0.021914518352757945,0.04895479093983821,0.018792016712460672,56.903922090114406,-0.1499221467062272,-0.2781437850543489
1142.442938686276,0.8000896489393742,0.0561345587882712,0.056094923972145605,0.13768078400341163,0.03881835998787061,1.6986122369205952,2.395232121384315,0.0032402783887222905,0.099395014701419,0.9768937398537678,0.028719801099599245,-78.22045233420624,0.0,159.76811151630432,0.1340882526111311,,0,0.015206476063494023,0.057288729513877965,0.01799734078614223,56.40836303488337,-0.1644796594844894,1.3263127538189678
1143.891781494856,0.8073744829679688,0.06369936035934073,0.05503540737504776,0.13725342885004232,0.04424332635452026,1.6846329314432775,2.4135836431226574,0.003391530090839434,0.09904733639242637,0.9717466958193919,0.028771993297648044,-79.00450039492773,0.0,166.7371965693404,0.1478358832939085,,0,-0.008367871924713615,0.09102767201323862,0.020628053019495638,57.664029915642324,1.6905364398484597,-1.1710735835736437
1145.4493674722924,0.8049348422465676,0.07704759747949257,0.06309198373995306,0.18283232493460447,0.05134451256206286,1.8217009084636318,2.5312091524711944,0.003512493491076943,0.09976700966957439,0.9899332973013355,0.028322916588117017,-80.31882864942484,0.0,163.42123161296746,0.1418157133272538,,0,0.025689325567880773,0.09360046001082513,0.021710450202055826,62.65974805757978,5.887334870748015,7.26311404975347
1146.1913796833092,0.7944410489676214,0.0995186053741286,0.0754127742181584,0.18542969038299187,0.0533535805758091,1.816467965709502,2.56678841887236,0.00327931653782227,0.09942805296054268,0.9834466826458457,0.028106493716504553,-80.71773643331642,0.0,160.89769346248553,0.14317684085972537,,0,0.05787071889915127,0.09593615229269485,0.024165972128267377,71.08418417069106,15.05795782663715,14.03334847958054
1146.9493835368048,0.7945685695053428,0.10413333357685028,0.07339976527989496,0.17430933431946988,0.05790219433657087,1.821695240255712,2.561262928143255,0.0032937335950645476,0.10040038973602945,0.9947791498595046,0.02817093942158633,-82.75652875618492,0.0,160.79228343852864,0.144043735812709,,0,0.05849005697191049,0.10112437106402691,0.023079372361638886,69.86089346909003,22.288731424274037,21.883332766061102
1147.7073873903007,0.7877265161964021,0.10274847514734275,0.07895673015856144,0.15729422738466464,0.05775652334162423,1.8234626981472297,2.5608749155793493,0.0032705084897421263,0.1009480446045025,0.8536844245133519,0.028418329288042835,-86.1208185625953,0.0,169.14252789170595,0.1943131381549704,,0,0.04363943789439773,0.10381158296865736,0.025273325259122514,71.22127762722955,18.897325924970268,22.96222397127685
1148.5165644997285,0.7864955425744161,0.1018513658462102,0.08094576881033463,0.13872145293926746,0.05781737356898087,1.8144077576627564,2.517255738352834,0.003368785917472293,0.1012157487383853,0.8462596322459921,0.028544162398264575,-85.93035354722984,0.0,157.0135287413133,0.2658825063733292,,0,0.07064973337865443,0.14554663078570645,0.025087341003011323,71.5922539353715,20.234282236102366,21.579773636652238
1149.207403454813,0.7794097165850992,0.0999924770383045,0.08584049629595497,0.21688973798879835,0.05348790029673809,1.8228404369460782,2.516263388678721,0.0034420125336480306,0.10034491649599134,0.8547301860895605,0.02872282131342907,-82.717979543948,0.0,165.16680306088523,0.32156704475639913,,0,0.0947145450193409,0.14383101889888317,0.026350759237213455,70.68696408992137,28.589118502901545,20.02757102045371
1149.9558123228217,0.7743097174985637,0.10085854448246916,0.09413632800836075,0.24434879823331473,0.05382618205307934,1.6855309329415715,2.528973118385117,0.003524593553576076,0.09997989529952028,0.855086468868484,0.02844142918310334,-83.70597384571094,0.0,163.31567621688706,0.33236250809462053,,0,0.061863286832781736,0.14435941640959854,0.027784955693060588,71.63475443431102,35.24241964843481,28.965844288311803
1150.6946262053427,0.7761969169129369,0.10130646766477429,0.09994879334615134,0.25348347680518185,0.053573016844844834,1.6946991947305425,2.565958699835357,0.0031336897437471045,0.10353025575497182,0.8387501407654572,0.028679506176919164,-83.27943371557896,0.0,164.09062989567573,0.25166518318881614,,0,0.07693696530086674,0.14326978269582064,0.030390356502406464,72.35004706214806,42.72612820521087,29.15536421239784
1151.388663488923,0.7732057596477165,0.08312179660352964,0.10056737944234552,0.27052338504229956,0.050935357262793336,1.8171603284406488,2.573892645313475,0.0033385273460678887,0.10278778392355167,0.8113354029301262,0.027894690856074003,-83.50639543541449,0.0,166.00460513741547,0.26053692688131197,,0,0.06593298320978351,0.14307714665723245,0.03201396145592851,71.53035950260231,42.632889455878264,28.38815288859841
1152.15306399941,0.7758732988824861,0.08295813975591794,0.10167118397221077,0.31964657873328034,0.04920964093704139,1.8141741982200856,2.5836936842255707,0.003349634219489837,0.10234451483434853,0.7368288834892496,0.02898721387214595,-83.24161669473867,0.0,162.98005534418715,0.2649437721293184,,0,0.07427296972239537,0.1419992733146881,0.03544376733824796,77.55565597997523,41.02099437806242,28.474046871643868
1152.8950762104269,0.7701306776082123,0.0848711726702439,0.10155833191141508,0.3193473951844368,0.04952277570985803,1.7425548738494183,2.553344912267426,0.003471815450396745,0.15359799721569103,0.7296827094512027,0.028029899936197082,-81.95958035451997,0.0,168.52421447075216,0.3153888752483658,,0,0.07711885434207555,0.1460660567696273,0.033321066914241464,79.16273605011102,49.071200564733196,28.300855594296447
1153.6946583343674,0.7745047954699765,0.08322197774174735,0.10165786517194428,0.2554221763689235,0.04899471493495568,1.6917064993338016,2.5421768818534796,0.0032823356055631777,0.15440533985548263,0.7343606231572316,0.027621611832427027,-81.5447128887359,0.0,162.68840816050098,0.3078190121594683,,0,0.06448988086409778,0.13595118115613303,0.03416522806646051,79.08149230836833,49.519661863671516,28.673746912160535
1154.4366705453845,0.7703211555559546,0.08412957190342926,0.10176605256854675,0.3251046614876961,0.049913691848816735,1.6937864015219273,2.511730171869186,0.003332634519785271,0.15524102424193795,0.7448981593369848,0.02804747874683707,-81.21004954235912,0.0,171.26711370052755,0.3292164983601232,,0,0.05342680318680501,0.10327949959639929,0.03840230137660261,77.51178277844534,51.194073101129234,29.387669678546526
1155.1722860994096,0.767643225388492,0.08371777980963768,0.10261286210960298,0.3141769539096369,0.049575982445956894,1.7388609421222079,2.5413872987668364,0.006892928560243983,0.15387003352340384,0.7453075612190206,0.02745365399941391,-81.24969239480106,0.0,164.93250475988413,0.3290426431721533,,0,0.05763932638861614,0.10036283115770425,0.04094408006264918,87.17772300639616,50.31111680292525,30.74686001916261
1155.907901653435,0.7712387107021621,0.08348775645982513,0.10150823745717535,0.4085441519830237,0.048798658083982815,1.741299697340727,2.540953480175103,0.0067464720986666815,0.154502533487,0.7085559911865648,0.028193692555742507,-81.41576070425229,0.0,167.4254600079508,0.3047440821395188,,0,0.06589182102708446,0.10160186397792656,0.041592294374481566,84.59081506717563,51.117068551916375,21.10355917226267
1156.662707178435,0.7687975936388636,0.0857543759287427,0.10053889392149508,0.3282567927026313,0.04896298648141276,1.7600149221827364,2.582141214513505,0.0066875987357959245,0.15335294401422978,0.7251214067039227,0.027013280850257157,-81.9812376646969,0.0,167.73099836948924,0.30708961120398987,,0,0.04876894772204518,0.09972463377069543,0.05504720775323476,86.22604697903229,49.285143528066065,13.33262172927477
1157.4079177179472,0.772600575701951,0.08311907284087904,0.10120761070159297,0.39083894210983594,0.050481901767194554,1.8161511653056714,2.686281266249131,0.006549884595051559,0.10183879802474533,0.7467476015957678,0.027856948648467786,-81.64129393720677,0.0,164.91884610861274,0.27643184182831115,,0,0.014050053753410252,0.09631440476709287,0.05933505858825104,85.15905524271656,50.51481409457389,15.140174336478694
1158.0955583445364,0.7551866028661333,0.08260424425580912,0.10059398340077642,0.3534177884363671,0.051429458365648516,1.8995569036188875,2.6738116269729133,0.006713721243215918,0.10429780731400272,0.7550913783111197,0.02811261755067662,-80.24634166264767,0.0,166.95896295934463,0.21704751207558398,,0,-0.0051265696676907994,0.0880757415264828,0.05750516525095628,85.4157152234078,50.25998708449633,14.290334890194783
1158.9655036953836,0.7691284099137271,0.08456873132019593,0.10122402805791823,0.3929897557082152,0.0514230860372819,1.804136866475398,2.706093226571019,0.00661604479574872,0.10487530202645605,0.7529449451759602,0.027849078193957454,-81.62578229764802,0.0,167.82042327563894,0.21052507732671127,,0,0.005221997429999025,0.08358088864453836,0.05944724500160015,87.06816609058198,48.38920758668415,13.40584216885693
1159.6531443219724,0.7635943099586727,0.08280713145774705,0.09961588268333348,0.449335510343643,0.050712405361564857,1.8063225126807685,2.698824328252652,0.006651002271836903,0.1037465894852496,0.7528764525487058,0.027475968013988283,-81.44661676553723,0.0,169.31176964956262,0.2050613249413502,,0,0.006585001780699649,0.07156784170227187,0.05899560926800937,84.90248807782484,51.30321246794952,14.613215611824877
1160.3887598759977,0.7678104675351126,0.08577708652952021,0.09744064967256144,0.4405301410967432,0.05098415679268005,1.797727079515895,2.670795595031578,0.0033884403590408495,0.1037541721106654,0.7514852190942944,0.027812709045072093,-81.40738257420224,0.0,165.89008100352876,0.307095971316935,,0,0.005678699438376719,0.0712857002360434,0.05971584375762298,86.30636239077276,48.72565937546501,13.76924544264164
1161.9495441819302,0.7630505480448208,0.0833791614562278,0.0973506653219056,0.5041438903461658,0.051057675975523464,1.8075571087665867,2.7158812894040505,0.0031783377302909317,0.10423803857146806,0.7595468764502343,0.02811275601380581,-83.7518911881212,0.0,169.3975280981362,0.38192804154577936,,0,0.012880545128267676,0.07056614238818998,0.06058018782476403,88.05672370013166,48.32458893735734,14.499379476873097
1162.592408209578,0.7591347367728579,0.08008319423546435,0.09619837731212984,0.5402433672147559,0.04932802482454403,1.9044241528753996,2.6905373908901833,0.0034125258011562607,0.10397723583542995,0.7276885177934824,0.02801721980007338,-82.01395632196628,0.0,168.2639730074647,0.20044047683195615,,0,0.05255038161153301,0.06356823091285095,0.0523511322631839,84.01953153221385,51.15241782966041,22.38984007622256
1163.321627106612,0.759867281862082,0.07877377402963402,0.09249735965480983,0.45306095783939127,0.04829513021682294,1.8277954708370114,2.7000237859057323,0.0033829878334812723,0.10431714584561316,0.7331180036189217,0.0283635252385206,-81.91817535465026,0.0,169.4048533038006,0.21258803951750546,,0,0.05324300501362054,0.0658151302016735,0.05185710390721583,86.11186983044502,48.86736207885704,28.889280838467915
1164.0540443321415,0.7638063396746388,0.08045598132761117,0.09007810400035246,0.43872944124233215,0.04637734872295117,1.8252950243476151,2.710010080478322,0.0031999632694491445,0.10196240324990849,0.678550194769667,0.026584357513103195,-82.14374130442555,0.0,166.37585279844876,0.14563627703175272,,0,0.04876284335772346,0.05658832504042403,0.052323663041392916,86.83039751784024,50.66256187377389,29.64358039490389
1164.7608749297049,0.761387879991844,0.07053192144587032,0.08797769449644141,0.4941999611950029,0.04459841859898834,1.8216585188992596,2.7078919617288113,0.006566888920352105,0.1038780512355627,0.6636717838572039,0.02644820083095367,-80.07998038124344,0.0,169.10661684103863,0.14097759984811628,,0,0.050594656204277486,0.0669221800831412,0.04086677835289086,77.94304021334091,50.721519211433645,28.930597845493626
1165.486895498243,0.757266223526098,0.06936334911762597,0.08669927887574272,0.513463950039182,0.044230286010610624,1.8069326060838138,2.669243031371796,0.003382167135030962,0.10240144768837407,0.673912178043701,0.0281631702185853,-79.58176685832498,0.0,167.35834009194068,0.12947466960736323,,0,0.056298674966520704,0.06107661434546869,0.039717275519897746,77.57726718511876,50.23321965613363,27.14964605087832
1166.212916066781,0.7470872602273022,0.06956407866823387,0.0842244835660585,0.4574839227551366,0.04353633703430201,1.7943155887369857,2.5240984540530667,0.0035203852664590397,0.10363810850528662,0.6418739150407664,0.028290189117679394,-78.78271777129646,0.0,163.15419432162474,0.10508472619562723,,0,0.05248650787182295,0.06053174220107046,0.042846917895953296,79.3379088629169,50.05494695980922,27.59415668086822
1166.9325399783274,0.7570953402115844,0.06966386630135149,0.08115384673180256,0.556384758326852,0.04062318002398365,1.755584211331314,2.482062358984367,0.0033821243881198156,0.10469778598786508,0.6555080144740405,0.02612063212896382,-78.10374207607144,0.0,171.59780780572933,0.11192395008081066,,0,0.02680529261691992,0.06376217650951992,0.03856590577906498,78.12472615615874,48.2470230992471,28.22163808877743
1167.6457672328825,0.7569894406928087,0.06582322693853625,0.08180413593213198,0.48091072211845803,0.03934988550790847,1.6869900582098125,2.16607483549621,0.0032794875636418127,0.10276175056988875,0.6487270164150408,0.0271785011568802,-76.44837639017301,0.0,166.74198091913294,0.0994670574524115,,0,0.02576514282123482,0.06396431397660568,0.03870388697026147,80.45206698177469,49.225890365248375,28.526632807436762
1168.3717878014204,0.7612967269394699,0.0654855594267373,0.07731087251590489,0.4649068195735836,0.03922957221719582,1.6949116288881132,2.151662418644874,0.0032001906000430416,0.10327463455622306,0.7182786489211478,0.02719583440391808,-75.21868810174415,0.0,162.4835607607211,0.08845497597863518,,0,0.06721789626370112,0.08554543906220546,0.036939503223593795,69.28988605931758,48.35446752064601,29.76700070056457
1169.0850150559754,0.7586749304047069,0.06558309925809155,0.07836748575997181,0.5003479019889528,0.03881797398489136,1.6222387046383884,2.0713801259897964,0.0033212524385545983,0.10264574218466618,0.7377469712245499,0.026983103451984063,-76.16967658626508,0.0,164.06119346089946,0.09539679806070481,,0,0.04223767191722961,0.11784332845077948,0.03447941591344783,71.63774698035535,49.73458044003618,28.389155275888136
1169.804638967522,0.7514437507386563,0.06475768765798746,0.07574318527906487,0.5288385807239568,0.03913482255588137,1.617073594089508,2.09543487243722,0.0032536711353263145,0.10345220336950442,0.729176824795192,0.02728582156819121,-76.06879384259781,0.0,164.75006042661877,0.09664854273514098,,0,0.047209879209584256,0.12439900619657032,0.034026863381685,70.27058217451886,44.62424700052268,27.479971683447435
1170.5402545215472,0.7637261475528506,0.06584365615446909,0.07223093285112879,0.46262241714056673,0.03903113355234178,1.5322988991916828,1.9863595348421987,0.0032955155742253267,0.1024904233445966,0.7144733173093986,0.027715335867858334,-75.38132359735145,0.0,170.6814641736805,0.08927911436173323,,0,0.04561681873363726,0.1342749540915708,0.0355265062509596,64.70840648447512,35.468224613393005,20.054446139334136
1171.2662750900854,0.7608828144110175,0.06311289823731547,0.070894945360255,0.4679201640881923,0.03906662487356129,1.5306060395009617,1.9910173158550961,0.0033609617638786942,0.10316736031014767,0.753327241936354,0.02753194322387859,-75.68186075617302,0.0,164.8707656727363,0.09427796081670264,,0,0.05147495497527309,0.14284920344790938,0.03585317442389409,63.7040470071035,27.025262782477217,13.96293310651419
1172.0146839580939,0.7666285735599294,0.06293016931523383,0.070083717434383,0.4956034044006106,0.03912751060446889,1.5595867599182023,2.007016782504557,0.003322120703606409,0.10092047830676903,0.778058325326084,0.0271339664367562,-77.13659531862345,0.0,169.47605192282114,0.0801883760637283,,0,0.04537094364748195,0.14395934757340315,0.033326831754814684,66.23236489331076,20.914546242140794,15.114893622051426
1172.7694894830936,0.7707246405184793,0.06345305113297481,0.06985134292835563,0.46669729784037933,0.03863368374508625,1.6090042339747734,2.056866012136166,0.003423651556219158,0.10240225351867184,0.7778099649377354,0.028240995110693907,-75.73390461224766,0.0,169.25234687337885,0.09136683539321869,,0,0.07005450016263857,0.16012904199339756,0.03360943871778469,63.87339577624961,21.690160394560053,15.301894948437262
1173.501906708623,0.7677342444547366,0.06424485823519006,0.06951331497665407,0.46021132776853363,0.039533904260456734,1.6226068093728514,2.0937721481202187,0.0033625000904691222,0.10354393142124567,0.7882840081612348,0.028051033067651197,-75.45793050059837,0.0,169.7577559654288,0.0900263974767444,,0,0.003581993847559613,0.15698745293628172,0.03496899768085625,64.63839533699313,21.5330463783653,15.38196630616948
1173.9432760410384,0.7657106638388915,0.06302634086828579,0.06895188525900316,0.47882638731075094,0.03914050007094895,1.5796733637003413,2.0120274378398038,0.00028192519590538277,0.10121032851289515,0.7909965999596436,0.027400075431268597,-75.46046414258187,0.0,168.00596079091994,0.07998504828299384,,0,0.006016455044279225,0.15510010740521504,0.04241294615515064,62.64679701341398,18.96964579100647,14.275137612488273
1174.9571461741948,0.7687764907239992,0.06361632096760585,0.06759530077842131,0.4364826687229901,0.03872946355956894,1.5747176641821392,1.975712440866155,-6.923806608116927e-05,0.1051548569352795,0.7880374274677375,0.027470161314571372,-76.18628579358167,0.0,167.60547324428816,0.10075947603915127,,0,0.003737317788241986,0.15930670164646946,0.1170646981091441,63.568643897448766,21.484312491563955,13.671753781985531
1175.6895633997244,0.7613510116182112,0.06575092484420235,0.06630109880566412,0.3952409174199046,0.0389228527573822,1.5526147455265193,1.9840183460621088,0.000118956354986044,0.10279475069041301,0.930254242564305,0.027390019110038043,-76.02313842187952,0.0,169.70436527615237,0.10559262307049654,,0,0.014273039496666081,0.1591148989609062,0.11953829929244258,63.94149695183669,19.902886780840046,13.088842435695119
1176.409187311271,0.763596027422529,0.0650385404776043,0.06575567819949722,0.4463270417749371,0.038174208774195646,1.5571466631590474,1.971044057399055,-3.117225279491187e-05,0.10245506407118336,0.9379096436246763,0.027510588373610236,-76.37484354725953,0.0,170.41159371596063,0.1094030327929932,,0,0.009023070345893603,0.13763233718109805,0.11328048134781227,64.21296153393399,21.39785100774408,22.44098896969084
1177.1416045368005,0.7660883576683659,0.06502752701297684,0.06549889332420594,0.42012550567063484,0.039460967841933973,1.5823055522431644,2.009558880692611,2.43668766509927e-05,0.10350225054713055,0.9458202780229784,0.026902780816609007,-75.86271203760398,0.0,170.98931043182642,0.09217967701907746,,0,-0.004189758150322041,0.14508333823501499,0.11848931138625607,72.25160576468471,21.436404521211458,19.704381761778365
1177.8772200908256,0.7680261246935357,0.06257732089224642,0.06466619717422394,0.4053345813289803,0.03973510477978182,1.5825742884516483,2.0104370006652195,4.7556559934253515e-05,0.10720172084739886,0.9440085597404404,0.028297439854702153,-75.47864336567821,0.0,167.64042393130993,0.08854246066213602,,0,0.0020489160816827053,0.10066734482841644,0.11836616144907235,78.36097525039466,21.258963497194724,21.231343606323758
1178.6032406593638,0.7688292929641944,0.06442947530416374,0.06371418366476413,0.4056046579017942,0.0392678554847896,1.5878157199926157,1.998921784992576,-0.0001573978098406472,0.10525816182845629,0.9518617760287651,0.027918625812898966,-76.14405532410228,0.0,167.21480656426326,0.11005805202548309,,0,0.00865885846440306,0.08399117141585934,0.1208282328346169,77.37790086565319,19.720013980649863,20.763157091414264
1179.3388562133891,0.7702418720847816,0.06369848728101497,0.06360481037230412,0.35832682209983696,0.03908197509477726,1.6683877955994724,2.0981433689998656,-0.00012164813965230214,0.1063073827741878,0.9495872042240672,0.02674784242180925,-76.33438797669949,0.0,172.97971069908905,0.1043292795503247,,0,0.010625152655105921,0.08692044796393816,0.12255401537571099,77.76732601401771,21.088524217273573,20.51757700624386
1180.0808684244062,0.762599239255366,0.0638721676409867,0.06447704572231464,0.4288649477936994,0.03845361184399092,1.587043237581695,1.9342715270244732,5.036413437779602e-05,0.11163813370366357,0.9713239269657513,0.026989310373625786,-75.66005447401547,0.0,164.2406309147606,0.11321068394404268,,0,0.019038018205508933,0.08695827516748786,0.12115691787139722,78.30141058542706,20.304980017906814,22.45977371406616
1180.8100873214398,0.7659619005514666,0.061231439781815326,0.06514823350761474,0.27710124282554294,0.038533278527612416,1.5370962568599145,1.93100632991206,-9.40823513821785e-07,0.1104856016391429,0.9531774893360799,0.02720018185586389,-75.71249711346216,0.0,165.506509442925,0.09645550607184813,,0,0.02261401755121291,0.0867762153495864,0.12151255393592342,78.01807383878308,20.725821512056463,20.658493834472793
1181.5520995324566,0.7709199465013737,0.062496645856679835,0.06399451082669903,0.2791473601498313,0.03867355815924013,1.5426489560966758,1.9539472358789534,-2.9432355499668415e-05,0.10965216767240463,0.9506082617391091,0.025979776213194604,-75.86734544129895,0.0,166.793590907092,0.10487838671020856,,0,0.009499275043774413,0.08742475255090004,0.12306398516185464,78.82059635783563,22.1415429720321,21.908406940016878
1182.2845167579862,0.7605286576650697,0.06184014718302436,0.06427716110390848,0.21490800555675563,0.03891982066726315,1.542366544527881,1.9346381750717148,-0.00024602688931495826,0.11087351069398035,0.9457284446693306,0.02696925319298169,-75.92306941046317,0.0,169.42537460752249,0.10017743092084798,,0,0.01246599194512207,0.08140269385254381,0.12173390108797646,77.92315253834754,22.239387301441063,20.910829623651292
1183.0137356550201,0.7658749560191247,0.06435393394812443,0.06261935611486855,0.15738816443515277,0.03854824409818278,1.5561020571323103,2.1214551297039224,3.396848281631114e-05,0.11007990770821507,0.9501339028285573,0.02556873448973472,-76.14226130941975,0.0,162.65409096807338,0.07991798785836518,,0,0.014710910630100492,0.08457368931014322,0.11719025090206069,77.40538584379631,21.34308705555162,21.509572265833384
1183.7493512090452,0.7687755321740067,0.062131905857995405,0.06282564550271798,0.1893426751608193,0.038040006019748614,1.5993422125214773,2.1947587780501836,-9.685961155475973e-05,0.11098836175717422,0.9387346393531875,0.026112050095091942,-76.48181284048968,0.0,168.04289516100812,0.08701773219134619,,0,0.011568064955862718,0.08231102285579303,0.12265128629618363,78.32382089501307,22.715090295061938,21.460971050680907
1184.4913634200623,0.7681726388961467,0.06211352489794157,0.06371236459136644,0.1741768315077284,0.038074642182648256,1.5889496210923786,2.2040554050441763,0.003555799423128859,0.10833595304914509,0.9533791673067954,0.0265819844206102,-76.42459214836782,0.0,170.25216892977392,0.08705973694673194,,0,-0.016573681869987505,0.08220771011504242,0.12087050194400288,70.49499752623042,20.356552366036674,20.33090922417407
1185.2237806455914,0.7773878650001901,0.06471446976262839,0.06467255014770372,0.2025461200884078,0.03879220014617351,1.5460630701701101,2.1353885228825567,-3.993396274823723e-05,0.11150584873653797,0.9284678419395272,0.026093340711886206,-76.005401258569,0.0,171.60513122993635,0.09881672763738077,,0,0.017063379415909193,0.08030327335434988,0.11954511703743946,64.8751261720239,13.933478349778007,15.733251359177224
1185.9561978711215,0.7755817697982595,0.06254614624543997,0.0640444635232583,0.13367725304410297,0.03853918637202755,1.5570510542012024,2.1424546534106055,0.0033047266474048624,0.10962301387939655,0.9317307340914833,0.026616504158745714,-77.33278293585174,0.0,171.8650877642643,0.07975271758163878,,0,0.020386355405482393,0.05306045816803479,0.013456506127695146,63.33459844462011,6.5782269299969265,6.454674646274543
1186.7014084106338,0.7731237680433923,0.06704431027905451,0.06316360269114996,0.1625121566727202,0.03877908218737563,1.5469093333219375,2.1500156528593544,0.003621768200220486,0.10963545957879013,0.9652047508911877,0.02703518686955272,-76.38380630658384,0.0,169.36759138711602,0.08077161017684638,,0,-0.0011240431450709044,0.06022881417513666,0.015691044979921177,65.22938448093703,1.8833791381512415,-0.2785136804691687
1187.465808921121,0.789292696261654,0.07056287082552877,0.06343166086163077,0.16261802020008945,0.03907393288672658,1.5148080195841642,2.0680468103087204,0.003238020013367599,0.11085812187161193,0.9209357855835245,0.026588463571238476,-77.33208587420272,0.0,168.8350503167032,0.07693190950420348,,0,0.010790453425006358,0.05528510622146716,0.01535686425397476,56.92582261629695,-0.09628173539272242,-0.358534254784099
1188.2174161176251,0.7903413515528073,0.07080983629998323,0.06443306381136907,0.16588616276790724,0.03937553569063935,1.5496891602794698,2.0568378370318916,0.0033508344054241023,0.1100671198012789,0.9412287174169532,0.026410314714557667,-77.44311540997242,0.0,166.70716919962055,0.0898592950115393,,0,0.011957831010537379,0.058979583546405756,0.014121945463884903,56.27555172258803,0.3033086286036121,1.1955316637301965
1188.9754199711208,0.7923617832553246,0.06883126729521727,0.06592379088175525,0.1873092339845693,0.03975929080305903,1.5541331161119225,2.0757747107319227,0.0032720380996706768,0.10831955145435394,0.9630365555079964,0.027415944208208986,-77.7109804103401,0.0,168.38969791913155,0.06706683655050139,,0,-0.0023839597268189277,0.05760680856869162,0.0159838800544313,57.19629428399968,-0.68112207420467,-0.03289393001482525
1189.752613795591,0.792230367715597,0.07024491526866657,0.06535468717540546,0.12889550108756104,0.039560983015720676,1.499671789589521,2.0443838721703873,0.003314726177428185,0.1091591480874746,0.9594660201806127,0.026837647115425772,-77.98562460981655,0.0,175.51657692810917,0.06485609131105535,,0,0.004084950865974447,0.056899697069839994,0.017919744753403483,57.23775658551459,-1.1456053958144627,1.4087577855752929
1190.5394026055485,0.7993551196859685,0.0672308750644798,0.06601103094478185,0.2532367337320224,0.03914294433392315,1.5056214879305503,2.0234140454161147,0.003056459466437969,0.1101124559866852,0.9430643493783178,0.026405142929871037,-78.79880001913422,0.0,171.88926949050136,0.0562311254296952,,0,-0.007254389651847817,0.056869363950048636,0.01834773020920894,56.605434797163795,0.28854927332516594,-1.4420269903001222
1191.3070014445314,0.7949779062813782,0.07033777676466747,0.06739021186281903,0.1950742878564403,0.0394289823776961,1.5043927890698088,2.003201777479372,0.0031795957464486606,0.11069563757190694,0.9233244396503024,0.027313231433667307,-77.96567888220618,0.0,170.71865551439083,0.06300501190886078,,0,-0.011705950279901178,0.058328055042005715,0.019114826505786865,57.05509364131547,-0.26939375450191705,-0.7937623425287066
1192.0746002835147,0.7873423887076234,0.07020486576874639,0.06868413391125297,0.404017234372124,0.038701139242838245,1.5075893543958037,2.0063914534227125,0.003227253808328305,0.11082421407356763,0.940330413510413,0.027176827465169924,-78.33780814448329,0.0,168.20167813903893,0.07711550607166283,,0,-0.007855370826829985,0.05994088399388897,0.01640359072957987,55.996025781739945,0.39108110307866567,-0.8240396372300205
1192.8453974509932,0.7893957582101498,0.0684732329753232,0.06992712512462668,0.3723290996441212,0.03869230981920307,1.5105114753441349,2.0177684615420017,0.0066539077225125755,0.1093579344441428,0.9346422194524422,0.02730900487960298,-78.82893613021048,0.0,170.1258476496761,0.07822080464476631,,0,0.014654332820292338,0.061083111227202766,0.01839688445434722,55.74573258689227,-0.10866456714574346,-0.10522702267038841
1193.5970046474972,0.7825528554988718,0.07330538986293167,0.0685388507343424,0.40725509765111534,0.0395665651236794,1.519783618161132,2.000213748005315,0.006606120196306999,0.11098933732512574,0.9450926341621765,0.027607669592245226,-78.44129008642268,0.0,169.60938711166443,0.06907053853769855,,0,-0.009051309657661174,0.06150982362498224,0.020350944317948098,56.60527184612015,-0.12593460799141581,-0.4711951885905032
1194.339016858514,0.7726374508672385,0.07344534543673245,0.06939945083217025,0.40614349205710776,0.03901575664698304,1.5163495437541128,2.004491016799889,0.006618264854153326,0.11105507111510277,0.9433088850543389,0.02701610973103634,-78.75459624301558,0.0,169.81899905383736,0.05459227208392114,,0,0.009627473068927363,0.05678354993259669,0.017807311163968068,57.767450815947655,-0.2979392149857454,0.15371710415169337
1195.081029069531,0.7710118504683878,0.07347765392733398,0.07086014737937207,0.42617308070354626,0.039583971677238546,1.5171285459529507,1.9808539403958605,0.006595763036259352,0.11159953444581902,0.9309721229822271,0.0262688424597734,-78.16086205986404,0.0,173.17463279332324,0.0726611113231356,,0,-0.007264450705039177,0.0549059175973285,0.016656751621054688,57.327125937637014,-2.6221429879690903,1.367299554749846
1195.8102479665647,0.761981005554932,0.07399624021677133,0.06871543333465562,0.4355058608029328,0.03913189200626991,1.524712799147859,2.0056358074600444,0.006733188157749488,0.11013530768490465,0.9435795875519237,0.026448497010353175,-78.8390244839313,0.0,169.30064499138328,0.08178964893040518,,0,-0.0064250911030661025,0.04626967461712166,0.015978244954519993,56.07115748928006,0.48512998113966216,0.756891815574495
1196.533070206607,0.7639185767921266,0.07479154311526492,0.06979276700606238,0.4526680777770755,0.03936721277540197,1.5333970034018554,1.9842365819790582,0.006508408790617324,0.1063965258942174,0.934461338702449,0.026293378997474515,-78.67559334468804,0.0,169.45140710530632,0.0688411702870937,,0,-0.006661569878677078,0.053417404519817,0.017673135177980467,56.100468781183466,0.583235812749024,-0.32768955024747753
1197.2654874321365,0.7558488371527908,0.07172435684041228,0.07035958060720802,0.4185533789055162,0.038582157259312445,1.5265737278253,2.005482837022461,0.006654377655727864,0.10648796387676165,0.9396934227062417,0.02613663283737905,-78.64101080215316,0.0,170.11424235490915,0.07064235269681757,,0,0.0069844054665836345,0.0472035511039504,0.015958398606103444,56.41073789792928,-0.3901622614569579,-0.3037415632142185
1197.985111343683,0.7529186405308679,0.07273898923422249,0.07158594673085661,0.4701839946258285,0.03893528057978684,1.53647146405313,2.010034920773458,0.006592859462959194,0.10462038829939073,0.9394248434418551,0.02587154583353008,-77.7766064891472,0.0,170.08252811158965,0.07490905825649113,,0,0.0108549819220255,0.04891492019298909,0.018842652309486535,57.43762711243471,1.1144782790684684,-0.10893726584429383
1198.7111319122212,0.7554082233343123,0.07399194049390365,0.07036135981861719,0.3417468642604028,0.03984726183478387,1.5221571416127677,2.007044949000842,0.009801528917609534,0.10726671559556784,0.9633459988731654,0.026869724230526092,-78.8339959823375,0.0,170.06715831563244,0.06888941702645568,,0,-0.01059813417440719,0.03128253675075977,0.011975668068199266,56.89979351362978,-3.1812534476448353,-0.2867532937547921
1199.437152480759,0.7570421793986682,0.07386603671868022,0.07077637913538753,0.3979071730012964,0.04105281403053292,1.5277904415791532,2.0425252052112257,0.010127775029403463,0.10497623688201281,0.9551074097252958,0.026481063360553735,-78.43410296757547,0.0,175.01742287986295,0.07047713619263608,,0,-0.023202640534501585,0.03529946796994716,0.011978030403661584,48.93183599979107,0.9436061199925138,-0.22350097923115864
1200.1503797353141,0.7564447540099302,0.07244551076898874,0.06846596468144378,0.315381508227487,0.04073498795509493,1.550137119528393,2.0478149912875376,0.009823063980555385,0.10686503605250033,0.97213270063123,0.026397457779481086,-78.41382659212672,0.0,170.92435681237478,0.07918026159539676,,0,-0.011986619902779945,0.03704526926355805,0.011538078815798367,49.49530929346796,-0.8048368785622824,0.7841167622118309
1200.8668053183649,0.7622625337108956,0.07208006356569083,0.07076378612491017,0.3498075858426865,0.04061884842427467,1.5226558741886274,2.026200033757529,0.009813671261278897,0.10789056073325548,0.9766820996095381,0.027405454161019263,-78.63839380132906,0.0,167.25599535032055,0.07281015571637754,,0,-4.268686619493311e-05,0.03000340401845995,0.01276189205942172,50.29715290806632,0.198643484739421,1.1489212610392567
1201.605619200886,0.7632734357675217,0.07370390493460881,0.07096059249599737,0.42842303752363453,0.04142222549961534,1.5332972962044156,2.0249811334519716,0.010155678624585848,0.10712233562416063,0.9813157333875985,0.02669700792196712,-78.7840703474766,0.0,168.70969086919717,0.08345672472373689,,0,0.013225776553029027,0.004535947842097728,0.0018462178783510545,50.62084561574845,-0.3273713723510474,0.41775227397969567
1202.3380364264153,0.7632177004894264,0.0729182746530314,0.07080843920439969,0.4200419448716091,0.04162136449098004,1.5541572474424759,2.06437029039749,0.009942435450160811,0.1053773869339488,0.9930253247409496,0.02675905116035563,-78.20382652896748,0.0,163.77585107734484,0.06983195216654342,,0,-0.0017558166462787387,0.008739313480421736,0.0008946269478204141,50.20986394794635,-0.3471996978400357,-1.226843404775554
1203.070453651945,0.7728772407899885,0.07351865275151959,0.0709524942129308,0.3176063431019871,0.0410060484867562,1.5657647228642309,2.0939718762846034,0.010063616043807285,0.10700316204009613,0.975771180397845,0.02625518905887306,-77.96694903509965,0.0,169.69895962243032,0.05160503527550794,,0,-0.007355290266866601,0.012536852685527714,0.001067552572135339,50.013996008741415,-2.141957986879676,-1.0429444102262049
1203.8348541624323,0.7717401918128352,0.07268157077690861,0.07304562333145936,0.4029212436580051,0.04096640241477394,1.5710732882150997,2.0534763634812148,0.009989359708192381,0.10579380042411056,0.98119720087297,0.026120928273152957,-77.16603798015075,0.0,169.20003804352314,0.05157528651280757,,0,-0.012992529543499021,0.00826394404948333,0.0011394181218397047,49.45333235927917,-0.8203803810709354,-2.1505433505779084
1204.5960563444237,0.779524124279474,0.07101507846463621,0.07128351968712389,0.9297985954047651,0.04066676568768009,1.567201466522989,2.0037221014421713,0.010099327784601878,0.10781163248320678,0.9622579589006283,0.027028219150289925,-77.24091044900663,0.0,166.3053501009554,0.05418199219702685,,0,0.009145595715465691,0.008764636563252935,0.005268119149598127,49.33073893802816,0.3723002548568076,0.45765248150483817
1205.3572585264153,0.7751230969311389,0.07109281035759565,0.07186194293875725,1.3046218484201217,0.040667734321188954,1.5768707369781114,2.099969522909179,0.0067764250880889285,0.10354880536299484,0.9643070419379902,0.02708650921952769,-78.01847698296535,0.0,169.5832464406233,0.0501628984302121,,0,-0.007184046868012402,0.00712347302746711,0.004597018705743777,43.5908390768269,1.0401899417563185,0.6993525448378967
1206.124857365398,0.7720977855415646,0.06902915544428584,0.06969659044925205,1.2831580601189732,0.040774168634499265,1.5700333194725067,2.1246131512034223,0.006696769803699,0.10363534541265483,0.959824012463219,0.026798916825440385,-76.40420448154924,0.0,169.21999209864637,0.05899046114112176,,0,-0.006694640681605848,0.010992335317942923,0.001335141993250824,42.96228918060936,1.5144788790052983,-1.1084257882539972
1206.8732662334064,0.7774375352125824,0.07043989327712634,0.07142938282961564,1.3137583178628736,0.04010508731104036,1.627957904536279,2.138981674257971,0.006471172713530361,0.10336957513807715,0.9475984040386474,0.026476100000171997,-76.48938989043968,0.0,168.36203737045307,0.10362333784667711,,0,0.00207327633883708,0.019214182054803925,0.0005884143519154354,42.84656648069204,-0.033590965888777365,-0.5720516785011884
1207.6152784444232,0.7781590282441624,0.07059512593895804,0.07293194028419805,1.2974533636967567,0.03964801169676099,1.6351309317393088,2.132289344259442,0.009942533749662709,0.10217567546516904,0.9385353004910039,0.027009484012467583,-77.60792491021384,0.0,166.9949647702128,0.09969989023240437,,0,0.0007907315363988904,0.03731148879723294,0.012822841580696702,35.075339780320846,-0.0986070670684221,0.5040293568316657
1208.3604889839357,0.7783300386500669,0.06788568503442748,0.07145869335061354,1.3249955623999379,0.03922782729387681,1.6239343167045914,2.1288895255093694,0.006613985392114927,0.10390111266254415,0.9356086601716217,0.026146715343051855,-77.44172238262126,0.0,170.74699438483376,0.09733585272919414,,0,0.024584967518387915,0.03169120193672312,0.012383956384341869,36.272060639418115,-0.6739454153311035,-0.03556802005856094
1209.099302866457,0.7806569608338095,0.07010682802948262,0.07051531713236125,1.3798119725267952,0.04009316241554972,1.637848137725306,2.1701911340479563,0.006763774590503516,0.10413307529653505,0.9377435155826473,0.026317245055816143,-77.04174850906637,0.0,169.2872037037799,0.09890640245157176,,0,0.016566773981277667,0.033233094014369566,0.01033292587348288,37.52142653616364,-1.526725962851983,-0.12964500059771214
1209.8285217634907,0.7729299364033331,0.07044883374117271,0.07188924455664092,1.382177432424067,0.04009778032029976,1.6414408252908683,2.182429709811792,0.0070591979505277075,0.10275492015572307,0.9303114764490736,0.02579385970442575,-76.4239574594246,0.0,167.49005561575825,0.0914742608310638,,0,0.008802899724876398,0.03459629775461197,0.01024600730163464,34.85171926876128,2.15892726421579,0.35456155839328407
1210.5737323030035,0.7715500341567452,0.0705907671406237,0.06875030882312483,1.2780006801361345,0.03987400981456244,1.6341555918107602,2.141358084812752,0.0065835348831437285,0.10417820681310422,0.9424800919639426,0.026334822143375118,-77.44468763727619,0.0,168.08982632860105,0.09436283205297749,,0,0.024023263505414276,0.03484673774016687,0.012093906645108229,35.12831849113522,0.5577414334622874,1.245881986442457
1211.3029512000371,0.7713038122247404,0.07078838226168363,0.07017822487743101,1.3549263400903762,0.039700999486815894,1.6463234855933846,2.1387942807826352,0.006977840738962346,0.10711426598633693,0.9515394332250489,0.026677466562012822,-76.71265190315322,0.0,169.39566431528408,0.10699081056590651,,0,-0.009680193985001055,0.03285616422921944,0.012347607383877477,35.07003250222637,-0.7949400788710232,-0.8881505148703694
1212.032170097071,0.7704322274923965,0.06891837980942842,0.06961616821660435,1.313151943071847,0.039968327191275604,1.652057384407674,2.1919628746534285,0.006466409571375811,0.10616987047236605,0.9349412351139653,0.02787154969571495,-76.80496403971254,0.0,168.10217627411808,0.10404900103387764,,0,-0.013952783457284623,0.03544762239217702,0.008755393191128311,36.37262482206732,0.8241635991341875,0.1816946740054275
1212.7773806365835,0.7635101492716855,0.07205722533209592,0.06920141403856221,1.3936430772662711,0.039893920035925956,1.6611674366312457,2.218085838204739,0.006699893211811672,0.10481745537332766,0.9433648335574047,0.027216262378519415,-77.1150494842438,0.0,172.37519253671854,0.10535284010199011,,0,0.020434265112744685,0.03734153267860809,0.01078625849807562,44.710975902492244,-1.9217335226146812,-0.394843335240399
1213.5065995336174,0.7632857484301891,0.06901018681528742,0.07004820805849171,1.4155879876978597,0.0400283262400577,1.6667770903349783,2.2131433010121424,0.006641460617695682,0.10422247875517729,0.95687446792145,0.027207842823094602,-77.33814280506355,0.0,165.29149323335776,0.10578263439788797,,0,-0.0011158823613540588,0.038593906817004094,0.013200694505046273,44.00208793373069,0.6264485964859031,0.39057689492173286
1214.2230251166682,0.7630189127323079,0.06854663188296835,0.06885176412070326,1.5184637671660575,0.04054625026779254,1.6502721795477504,2.2047661616136343,0.006669420597082366,0.10620269447484107,0.9379306477961976,0.02730295769430981,-76.7366873564419,0.0,170.36945604953402,0.09854559649083282,,0,-0.00992406568426685,0.034161615373054885,0.012915324255209781,49.92710281715048,0.6790378209314759,-1.7768759656399
1214.9618389991892,0.7664037198333942,0.070889730832987,0.06803215023177547,1.5612736416246467,0.04030974147442703,1.6541787226467808,2.2015546114666975,0.006712951373358758,0.10605406514944589,0.9462183686528118,0.02793049578548263,-77.73021165013282,0.0,171.7837802425141,0.10494226793399866,,0,0.0014945829598638424,0.03987988343355662,0.00982598682169085,49.25446395116817,-2.071771798476525,-0.5547461270125875
1215.7006528817103,0.7769348096622194,0.06906326078551656,0.06895798312444593,1.7240958493784142,0.04034035909487738,1.6508894399255252,2.1893937682214277,0.006518862513740434,0.10781445160928337,0.9409046341808562,0.02731426174353643,-78.22294666056402,0.0,170.77601848121836,0.10548089446259909,,0,-0.0003523219605450009,0.04221531379399389,0.008764575024523774,57.84345938320723,0.13161955092970612,-1.3367894843999801
1216.4362684357354,0.7713413431765089,0.06840353067631298,0.06921508090431874,1.7890262026231565,0.04017597070698241,1.65039046055122,2.125792042514604,0.006692358106361389,0.10543981430318548,0.9438662269956646,0.02762000111913088,-78.30118797974545,0.0,173.25955557898106,0.08096682231092993,,0,0.02359035531509791,0.036622737747176885,0.00928514071137454,57.220920109144856,0.2828826692538171,1.8653240981914154
1217.1878756322396,0.7671975150773718,0.07131572632308833,0.0697838490688555,1.736088722290355,0.03989079162317515,1.6050528721184945,2.0197376700208585,0.0067921639449418265,0.10624256184392489,0.9545296666003069,0.027465748926709273,-76.3137553339416,0.0,166.7900106508213,0.0903672365353578,,0,-0.0081490716178697,0.03572578423494212,0.009296921340336224,56.57610747054228,1.1368441876689266,-0.09369467283072887
1217.949077814231,0.7724618561552588,0.0700561339512263,0.06823711365668372,1.7104471051153805,0.04010244749344388,1.604256809370207,2.038286761981286,0.0065225316536691325,0.10627114043121431,0.9425067155436735,0.02675597893701433,-76.56771892089677,0.0,169.75733790697154,0.08238370587546287,,0,-0.0033940295151735724,0.04046023190396454,0.008951442600959753,57.28704863523583,0.27937191811262957,-0.25986669053388356
1218.6974866822395,0.7660106419277877,0.06934261680590974,0.06898704165860162,1.723418962162025,0.04050328800612171,1.602334136403832,2.138282198348723,0.0067433364884100155,0.10056471813075855,0.9407200871892812,0.027043070744556776,-76.6963876922314,0.0,168.98401906620563,0.06413623062226403,,0,0.008261292836559572,0.036939561691157266,0.00761050386706091,63.27791085052148,-0.6819883510595415,-1.2683524645072002
1219.4363005647606,0.7675134685191547,0.0703144838351498,0.06768697927385413,1.7330458312671628,0.03916227509800108,1.5972096074835387,2.042931559035399,0.00664122556834293,0.09364012107566799,0.9437547555217285,0.027253198761881595,-76.80174969915308,0.0,166.2089829702806,0.06864584257522578,,0,0.006370225122258212,0.031016640060776274,0.006682738979769952,63.8693178372593,0.7901180846305004,0.7029834125147053
1220.1783127757774,0.7739168389805555,0.069278493312742,0.06768984668927666,1.6633596732104907,0.03866651160201244,1.5944060652345577,2.0568395568639564,0.006799863653369284,0.09780120853486034,0.9362069479201016,0.026740986242779836,-75.67448937319526,0.0,169.70976285698413,0.05320118867973754,,0,0.007903203582957317,0.03616050742147847,0.004283881769073507,64.20246384190727,0.5506482100472884,0.5332745991381326
1220.9043333443153,0.7744274097821309,0.0696608661297349,0.06821146365517315,1.1091264901808306,0.03918918671358839,1.588991406952828,2.0654886345262904,0.003333227831799649,0.0970405293080715,0.9297577182789688,0.02742482762312136,-75.32880520565885,0.0,166.0316820277335,0.05060266190814809,,0,-0.008030492789177907,0.03561564477049229,0.00491337298739538,63.76997056690653,-0.12553703433072388,0.08859449059521966
1221.636750569845,0.7783324709671716,0.06652790242581956,0.0671587341065377,1.0903328058551276,0.038367248531011235,1.5992688746683001,2.0496840070480027,0.003352374499590258,0.09736597323581002,0.9153086555648197,0.027370377609358357,-75.80085262139121,0.0,167.5268071016335,0.057982927565350166,,0,0.025810127032777685,0.03304715330356393,0.005296678236911195,63.354167610362865,0.2522759115999556,0.3365961098566483
1222.3819611093575,0.7712745937804886,0.06590655820321151,0.07038160030927566,1.080863192264088,0.038637182588162566,1.5806167278241199,2.0374440699716136,0.0031527721142722135,0.09615724067271343,0.9065732032451391,0.027400375150245362,-74.98892305477325,0.0,170.06897567165456,0.06830906494409661,,0,0.011925736756700715,0.03902434007252008,0.004014940595154203,65.2524699032073,-1.1124619025088154,0.8826473609826956
1223.117576663383,0.7719461908940531,0.05995357453475145,0.06869792007406728,1.068890315954023,0.038542366504302136,1.5792052838863242,2.03984853014531,0.0032738263679937154,0.101289857064482,0.9053030482227771,0.02781110185167966,-75.3830258343673,0.0,170.28643833064328,0.06113363936495583,,0,0.009683261673884447,0.037314169344229785,0.009272012988875701,64.8468153546933,0.26839999028307127,0.24065731597993736
1223.8659855313913,0.7674012805474271,0.060268332769149,0.06808352985649135,1.1270136729497593,0.037777579427254834,1.593697084438747,2.0907946360759206,0.0034313522385329386,0.09995255558713026,0.9003041910640444,0.02785613280618313,-75.5846131453955,0.0,165.57596332202962,0.07337538680037577,,0,0.009402775415871758,0.03263740301145186,0.011085523114251433,64.19788812111263,-1.237709862469807,0.24098770533432462
1224.620791056391,0.773218485605666,0.06078601333052897,0.06748511310451884,1.1316647462974714,0.03825056927051183,1.6072026263534827,2.1190543517454854,0.003383577068820586,0.10041806653727244,0.9009036170684812,0.02743948869945472,-75.46199696775791,0.0,172.43915411461396,0.06529233064182167,,0,0.008613139531140818,0.03634588520091009,0.007714177717758371,62.94017119062974,-0.2512176310454825,0.8060764452764927
1225.3723982528952,0.776708327137933,0.05798353893108956,0.0648874210092467,1.0925568947616295,0.03826722076552401,1.6266002540021933,2.126112303306208,0.003627508335979654,0.1002426279643326,0.9119870793362157,0.02743470947711984,-75.42030428805495,0.0,167.14731443638874,0.06383617907404505,,0,-0.0002813908333894843,0.03802502173757172,0.008992613731988472,58.327887507055365,-1.2646675452936422,-0.5234478152240246
1226.114410463912,0.7760186786637572,0.06093662977796642,0.06630581016029366,1.0726157905642206,0.03814752874362797,1.6694452490206744,2.1695470234353427,0.0033436913791333902,0.10091476416154833,0.9149635345297085,0.02774383909364465,-75.68880866176225,0.0,176.68820573956623,0.060493291380357854,,0,0.0045148061917357025,0.035649972502983934,0.01041206465295076,57.05022474449656,-1.2651970669894825,-1.5996674232452632
1226.856422674929,0.7721134523927676,0.060015751929514013,0.06411702102735899,1.080509794046224,0.038661000764766404,1.627569404291761,2.1395306425114815,0.003656323857188843,0.09954337760854852,0.9288719240548954,0.027342425847003443,-76.88090215615513,0.0,170.7710239000809,0.08463140310744338,,0,0.009338793579589342,0.04621972292065513,0.007948508287642611,57.408851017655465,-0.6612923470567307,0.2771132789352848
1227.5856415719627,0.7717680340002169,0.060402857014252805,0.06596825169834825,1.071910087423428,0.038613474408621354,1.6210686460946266,2.1146848300788683,0.00322897506702283,0.09976326694584779,0.9299436529760267,0.027605478472203293,-75.64732466461464,0.0,171.87754025741063,0.08520665847903382,,0,-0.0028205557262592725,0.04337042695323348,0.009944097428890476,56.45828688375405,-0.7223054670275285,0.08177059322854553
1228.3276537829797,0.7758690820176375,0.06643531861706148,0.06556387827731353,1.1122996173933306,0.03849612625309233,1.6219110556271241,2.1668784408804598,0.003177188721597197,0.09948906490286297,0.9375712236982479,0.026842602384540663,-76.75593993270292,0.0,169.60467600882276,0.07881400688167944,,0,-0.015764281122331362,0.04224655113113449,0.007288284323514758,57.067979105543714,-1.5363934328445423,0.4380314494312032
1229.0696659939965,0.7606718833058138,0.06604931427340421,0.06388029680935885,1.057172706032559,0.038093202690653506,1.62824449895739,2.204682909729564,0.003266782641832501,0.10019757310802459,0.9377722943771009,0.026398303445929038,-77.0307146155886,0.0,167.8440423418642,0.09092687383668012,,0,0.0098358937590144,0.041328900304454054,0.010381269822514087,58.17811897638132,0.3237322450491374,-0.4811301218674627
1229.789289905543,0.7545850288551218,0.06529602214664072,0.06275583854613205,1.0801126916985861,0.03845951630915288,1.6245429307952388,2.208834459079161,0.003180775337014036,0.10111031065242204,0.9528903909133232,0.027144965644867895,-79.51128869799354,0.0,165.71933999692968,0.09285688565169598,,0,0.0035674221122754405,0.036864220746567186,0.012423688211360397,50.644271843580924,-0.7609555085034235,0.5721289757378536
1230.5185088025767,0.7592462496284462,0.06570049892274418,0.06375845493107754,1.1225793567891187,0.03840675978138655,1.6692418537976421,2.1979404622616117,0.006591953046390103,0.10019166506509514,0.9568952191152037,0.024747454076067064,-79.42594440356275,0.0,170.1351099971687,0.08882968632939207,,0,0.006353368390845053,0.03882975234577209,0.01276378253772683,49.25942199292947,1.5012377239716275,1.0550712916648803
1231.2477276996106,0.7684256452471642,0.06687760063601014,0.06343395528136933,1.0727060084754514,0.0386191673431499,1.6677095139622469,2.2033651110411827,0.006598456349848711,0.10227248908156224,0.9533552347266836,0.02472661880600503,-79.13372276647256,0.0,170.17636134724532,0.09065750002361783,,0,-0.004480194816037043,0.04224896183424548,0.01344644623641985,50.302352822916085,0.5053761157132132,1.1959551147309635
1231.9737482681485,0.7550571399720795,0.06878371711597514,0.06357079274275265,1.3873645708532014,0.038620625062281456,1.611112540203095,2.2072322818480594,0.0068192366175744215,0.10101990406619987,0.9607945879704824,0.024485973447134282,-79.50306654706631,0.0,162.87347409518782,0.07138038570709451,,0,-0.021222821606105533,0.04134755735071347,0.012007327076476884,48.664972652835694,-0.10049025862377094,-0.7954473810847744
1232.693372179695,0.7601989702148416,0.0701859745855953,0.06381313629672968,1.421038307260553,0.038514881126104294,1.6085134693295844,2.2044112062080905,0.006853104871540387,0.09910220964906684,0.9572812688769234,0.025178998506316382,-79.64176570798632,0.0,170.77991952906925,0.09019587954648524,,0,0.004030426349355521,0.03946962737913622,0.010087513232752573,51.00694344513561,-1.0538926442119898,0.46536039786948624
1233.435384390712,0.7544223588323107,0.0677986347767945,0.0642691153720578,1.4546867568839603,0.03886987233674032,1.5626473428433645,2.11180933280548,0.006689795989185595,0.09985703994907905,0.966101816712034,0.02464173853916494,-79.06559298068149,0.0,170.45119366849863,0.1030664654617426,,0,-0.003720215504212174,0.040737598748488285,0.011684911012609878,49.88235000488626,-1.183779152050408,0.036697725266084426
1234.1550083022585,0.7626124749496127,0.0682922601662484,0.066596057650457,1.4248474789292662,0.03848955649651451,1.549897870263363,2.087916518071812,0.006635181721863732,0.10128071339877683,0.9451166966564228,0.02444434575965253,-79.5272423194804,0.0,169.72381123316467,0.10257337047426517,,0,-0.004369223942223237,0.04563937657523641,0.01309738702463049,50.8088125370258,0.07339434199514518,-0.40085714597752686
1234.8714338853094,0.7590811596141287,0.06746412211700588,0.06637844319415719,1.372655097331463,0.038405342622588594,1.55261093840865,2.102559931527392,0.006486874572602048,0.10141137925336255,0.9556855744276149,0.02457246661146597,-78.8924018001783,0.0,169.4964529807585,0.09947631919353775,,0,-0.004592758130471712,0.03750430625632407,0.015198598900524784,48.53174283579115,2.050476351993223,-1.0975334999687203
1235.6230410818132,0.7496761991984587,0.06408396703707596,0.06645302525272909,1.638338113934878,0.038261056394035715,1.6027781727089228,2.111004316650381,0.006720889471032618,0.10008490293082913,0.9742823257017859,0.024524725582318503,-79.1292124833737,0.0,166.8354922242459,0.09499723589329746,,0,-0.020987159788496763,0.044156404959599826,0.01547406003028455,50.19907598124417,-0.5083779756828887,1.269823707604749
1236.3554583073428,0.7573796623150423,0.06604502671876954,0.06946646381323415,1.6282515352417168,0.038226505760478695,1.5567458003130978,2.078251294332681,0.006727881782247839,0.10100731789219027,0.9698807371454068,0.02578556320771019,-76.97311525419583,0.0,174.51293784871945,0.1015339841869406,,0,0.012422720312209515,0.04336052453570586,0.012787131897085826,56.52144661525922,-0.25169432118419327,0.9534487789378397
1237.0814788758807,0.754372135625719,0.06724222713090042,0.06730918535917478,1.6339490048896044,0.03850085668329728,1.5657102212092369,2.0739398828561453,0.006752940727157627,0.09985147254673651,0.968893726228391,0.025357248228838097,-75.02703433791422,0.0,172.9772515886993,0.09295933874697003,,0,0.0027946785598023717,0.04330190262412542,0.011758735937183112,56.030872892792544,0.8638597105282846,-0.8869441049988498
1237.817094429906,0.7538913731129062,0.06677572505218952,0.06789242369003252,1.6350958027779299,0.039035728739359045,1.6025049157374789,2.101507751016016,0.006760777614270404,0.09529890621333736,0.9762112185473372,0.026362262445255726,-73.21785138431784,0.0,165.4173693533401,0.09449858155738737,,0,0.0021777212613681715,0.04078630145826088,0.016449409400084426,56.976851689252626,-0.09770755386467496,0.22497568773692478
1238.5367183414526,0.7548326445481279,0.06608379040517394,0.06665473557320947,1.6039345555324351,0.03868672216590946,1.55657373261743,2.0837461857693453,0.00659725493972543,0.09669933048648786,0.9756548466935606,0.025946198400726355,-72.16822654193106,0.0,165.69982586441958,0.08819336764435766,,0,0.025158543501701998,0.04258758142067594,0.013052795263155281,57.347008053963464,-0.08659662270316949,-0.46311528088820575
1239.2595405814948,0.7608575951964989,0.06527092295339845,0.0652473734807074,1.5781975406228903,0.038447500624428144,1.559224813478894,2.0896365861864394,0.006714328002521585,0.09631530907986591,0.9737112986179005,0.026086916865701828,-72.23200886486366,0.0,165.33955364991124,0.09603954851032737,,0,0.010394824172510376,0.03991228261605703,0.011155764942590317,56.932971079589194,0.9898857618473358,-1.0126226135870429
1239.9887594785287,0.7656957646357981,0.06934757353457502,0.067746521513062,1.6001077635672345,0.038460733834374386,1.5567612912648896,2.1039040540613465,0.009927130976905982,0.10035320145373411,0.9861556942737856,0.025624457884891882,-72.8198396701984,0.0,165.1263148065598,0.09239385180760036,,0,-0.006748005342972222,0.03814931793437079,0.013368443514267036,57.36953892524505,0.8182102854260904,0.43157376536046677
1240.7147800470666,0.7605381668084883,0.06733623040625202,0.06712224054287241,1.4488128655916879,0.038728386810468404,1.5625083707617151,2.0543195932681244,0.010169800492434298,0.09725545523909335,0.9780732708443348,0.025811509136696616,-72.78228648896163,0.0,168.50217658681547,0.09176312122609509,,0,0.0044928080466523695,0.03226818514591258,0.008761954096169448,57.105124515799,0.7385736712918557,-1.8880260777444913
1241.434403958613,0.7727611184791913,0.06727514033838147,0.06652300849617834,1.4622947365074597,0.03808662175643549,1.557665862673892,2.0927092880737295,0.010021680283575207,0.09322807512555824,0.9651283181820369,0.02581519868355953,-72.83799081111806,0.0,168.8394091935294,0.07906209201230996,,0,-0.016291116564803733,0.03711050049516941,0.00942670658813371,50.414831392874056,-1.3664420131513826,0.4913169294387644
1242.1732178411341,0.7734635986854661,0.06613994721159844,0.06594408478165625,1.4263237229908103,0.03834979077830929,1.6062716943255895,2.096386378857177,0.010089493722683095,0.09384558180781476,0.9757660716108274,0.025219731666054294,-75.74002468644659,0.0,163.38542385172926,0.07543407545256403,,0,-0.003450957223526851,0.03300267873929498,0.013318162488900602,49.7053091470529,-2.194474860468484,-0.1504547990708206
1242.9280233661343,0.773165537744014,0.06616122430463531,0.06826278689428679,1.3647257133054498,0.039067149121852766,1.5582071683053746,2.0831934221415915,0.009936907531084222,0.09756597213807434,0.9858243284960876,0.02581480192687884,-78.65301833128437,0.0,169.87641293502358,0.09321745688374612,,0,-0.009218091847366881,0.03707764975897532,0.010304102717443876,50.763685952989064,-1.0703326975261602,-1.3576270002051687
1243.6828288911342,0.7740500142244672,0.06651515825718951,0.0672616960835054,1.3698922418653616,0.03915023560273285,1.564549744302664,2.1078397694198676,0.009991372180834011,0.09445266457157371,0.9954621226479325,0.025891563111306925,-78.87975796194549,0.0,166.16323478419264,0.07763678299493638,,0,-0.0005076159177911099,0.03480610028170964,0.007684220203896951,44.131668262011694,1.412585412753806,0.0017738773580007437
1244.4344360876382,0.7823086111406873,0.0660305474814559,0.06686315245346136,1.3926319520058978,0.03890949027120969,1.6025735650974695,2.1481243065589277,0.010006116286719867,0.09993062705887226,0.9889115547045639,0.026355584003116123,-78.86314991607608,0.0,174.92971081625146,0.0811250668565882,,0,-0.011395247320711854,0.03677794292657833,0.006889636598923437,42.36309597549369,0.4994637300587318,-1.4096195895061103
1245.1892416126382,0.7829378733580863,0.06521799574289829,0.0666082989579465,1.5194052635538817,0.0385081866640991,1.5546646529575436,2.0956035153312254,0.009943966778487275,0.10061093585316956,0.9772507256540417,0.025765957808662213,-78.78424445060611,0.0,173.98851773582095,0.09135986507333949,,0,0.010571026720558886,0.0349694565356472,0.01015882634202968,42.37842738406748,-1.6562431078728825,0.08483857094414603
1245.9536421231253,0.7869874043419522,0.06428441470071528,0.06819059830386841,1.6363723796598744,0.038897320340606695,1.5349977447280647,2.00322751307345,0.009896458826982937,0.09834267290412378,0.9855351914971536,0.026267309938591867,-78.8228285591927,0.0,165.20914807803592,0.09388860698333479,,0,-0.014102719081144098,0.03510941669250713,0.010221138394819062,42.442137381188644,1.1543412167288873,-0.9405138039526687
1246.695654334142,0.7883517928010125,0.06720490126958684,0.06721409201590087,1.6225383456451803,0.03874042542165945,1.5517043085156632,2.080944505057699,0.009837679573639836,0.10272499821610483,0.9571206291896542,0.026065081336873703,-78.02247970571702,0.0,171.21064955541678,0.08982631289678436,,0,0.019439520312202873,0.03575144448312843,0.008085787670739013,43.44793843874837,-2.903328429573759,2.317560334651703
1247.4312698881674,0.7703917773499739,0.06720577714178724,0.0678556905198965,1.6421026786593897,0.039307252395632646,1.6074891374719615,2.098779215081193,0.010102370862015389,0.10177095605143961,0.9715355272939067,0.02652894247107208,-79.04015463448576,0.0,162.7041252814476,0.11810373828746898,,0,0.0068297084875901465,0.03519816930570126,0.0053145517924450755,43.77387066892314,-0.45966269679038585,-0.4822763196649254
1248.1892737416633,0.7632083160422649,0.06667499010665526,0.0649023961608887,1.6404930498390713,0.03865040901577756,1.5887338718697614,2.006509766390424,0.006542663090624601,0.1002536797957202,0.9556484662458751,0.0261818707323093,-78.94109139165832,0.0,169.19952392892824,0.1007301565115016,,0,0.015265033314517706,0.03211035947333754,0.0059177432453995284,42.47842745583763,1.48413217737717,0.981519990557373
1248.9216909671927,0.7639185622221778,0.06699716224534369,0.06800717733739112,1.6536719645480022,0.03918256548801504,1.61117292396658,1.9960367657616795,0.006718665098095311,0.10057566011776904,0.9681643279573875,0.026692261190764847,-78.13425604642194,0.0,169.4846733890426,0.10055259282566285,,0,-0.007181097078612999,0.03554571967211534,0.006460516234994979,43.248448748813125,1.9619694785660873,0.04352633447734389
1249.6509098642266,0.763160335566316,0.06855814113064448,0.06682805582667592,1.6441090972526264,0.03913419666167611,1.6040646051437224,2.0077472420699647,0.006634641241691242,0.10018705690681763,0.9767541328588949,0.026147399526099332,-77.83300779329862,0.0,170.95123950096246,0.10390172969155291,,0,-0.01242778176640658,0.031691464551810225,0.009465781898039155,42.16185399852591,-1.0863038416894129,0.5016134459424569
1250.370533775773,0.7675719888493909,0.06784375970643977,0.06783001661192799,1.621383711179003,0.03897994176248189,1.5626319695036985,1.9913077701995867,0.009964672252239298,0.10178501190095103,0.9519527476972766,0.0263380517554767,-78.54954254817393,0.0,171.82991941888002,0.10254926127035434,,0,-0.012673549382549696,0.027312679868929293,0.0034953780147955788,43.74132304931431,-0.9971452492127959,-0.5668724667145773
1251.096554344311,0.7642855678581937,0.0677208132376977,0.06831882920715253,1.5918621728102322,0.03886529088316671,1.586160875396975,2.0847211048306273,0.006771568914730173,0.10075034764422168,0.9421567107758341,0.02648808791876892,-77.80806771053858,0.0,174.04708146918276,0.09693942780950349,,0,-0.004651762843900109,0.02997498674425733,0.006313705606880942,43.3767161466529,-0.20095880024374618,0.14064388238281544
1251.8289715698406,0.7661050796963461,0.06774629737405685,0.0678523380117983,1.618195351648262,0.038874447571617246,1.5619092910348362,2.0617498762584647,0.006854467015636031,0.09156822186063823,0.9511543842903941,0.026577528191300652,-78.05376000892254,0.0,168.69295932151567,0.09719246292960877,,0,0.0008306302171403317,0.02589413947648198,0.004789394047413012,49.05871311185281,-0.10458152446841497,0.6128310035223765
1252.5517938098828,0.763503617074445,0.07128786227878837,0.06908665145816159,1.622627322795204,0.03899884092299275,1.564186406649852,2.061439407294666,0.0066666296850519564,0.09427656458393956,0.9423748029735534,0.02602419906001218,-78.31764126016355,0.0,166.6964498948772,0.10426664741466131,,0,0.016444610779391237,0.022910330588012333,0.006635722221898242,50.3127563809258,-0.3954443406330045,0.7934244665958929
1253.277814378421,0.7679313592829542,0.06678136439015653,0.06911051352421964,1.6271721655021603,0.038815121029994966,1.5637800358587581,2.0610288437832853,0.006766288917774951,0.09183745915798484,0.9437741645339998,0.02627073375990108,-79.02349109481314,0.0,169.02504740805452,0.08689968072739582,,0,-0.0017275681923368583,0.019106791360481757,0.0035696998971824776,50.220459156046054,-1.766826467921409,-1.3825528523266237
1254.0358182319167,0.7753604565254169,0.06705622222024382,0.06703746897681008,1.6226732122850092,0.038581408215156876,1.594382930449985,2.0923065480856105,0.006826628497366961,0.0952571042696192,0.9424941156144857,0.026513745419848637,-79.5669861180105,0.0,169.96745948958412,0.09571799914873136,,0,0.005036323385350415,0.01616460114553034,0.002391143747572303,51.373907922172464,-0.10595708803075524,-1.011809202048719
1254.8034170708995,0.7760283956154829,0.06713907919818529,0.06815582118851961,1.377304370784305,0.0382182178145981,1.5928842758028905,2.110683451697831,0.010004227183590599,0.09232501096290101,0.9534241655213264,0.026375853922384795,-79.20117074770731,0.0,170.3313709291027,0.08054102646573502,,0,-0.008163522569750786,0.018909107043329952,0.0028646686781789313,50.35766852501944,0.47795378216466516,0.3022653988899002
1255.5550242674035,0.7793937180470327,0.06636967133803312,0.06755872865589863,1.36075956498742,0.03847352871423759,1.604708481318436,2.1107837091445645,0.009935444516478894,0.09458303723425214,0.9301319765468827,0.025919671377709484,-78.58176757973425,0.0,169.81044050904808,0.07900604844263642,,0,0.0031496507553345886,0.01599119797234176,0.004325345449342232,49.52971303944647,-2.064217097997398,-0.03305511040284534
1256.3130281208992,0.7795159130791638,0.0675013573606867,0.06656114037468767,1.074540921827799,0.038097715582731104,1.590001145233883,2.074193045088441,0.010019488743483929,0.09349162909260406,0.9246072072200744,0.02625105209246573,-79.57171459698294,0.0,165.22661147379893,0.0766021987921656,,0,-0.011235339244712924,0.01694661788249144,0.0031678033411044453,49.54552115367328,-1.7197449796687245,0.18947890653579094
1257.0582386604117,0.7844296127289915,0.0672463130345668,0.06571120567073159,1.1128823233597553,0.037774802592284044,1.5852976412762976,2.0841353052745966,0.009928695726741842,0.09392292964326054,0.9386206464724441,0.02603695437432474,-79.05593791776802,0.0,171.04983237565537,0.07323320614780458,,0,-0.001035291392406835,0.021766570675342226,0.0045341140532617575,50.62185883912926,-0.621294331777308,0.2602467239340913
1257.8066475284204,0.7828907700232982,0.06563957860737395,0.06690741044271216,1.0982195749242563,0.038708253086151535,1.5903359972536308,2.0452456315875613,0.0099249459630629,0.09424074713352508,0.9421661367944965,0.026753475880260908,-78.84962577736465,0.0,172.22383782915892,0.06680352405237767,,0,0.0009139139043559051,0.01909012807183548,0.0034529152013340982,51.006062097821115,-1.087752234539138,0.2269743999418949
1258.5486597394372,0.7817438893530827,0.0643593766457526,0.06874748608170941,1.1006813963669146,0.03834300484329315,1.5904354758034158,2.0533866562946472,0.010059222856357257,0.09483978807153473,0.9401405692267333,0.025720021224821213,-79.32041204454687,0.0,164.20244732756635,0.07327937870852472,,0,-0.009584480853042726,0.018844010101690626,0.006126908709969987,49.169082340360966,0.8817973196471327,0.8213215460272435
1259.2970686074455,0.7813477460489713,0.0669814824414139,0.06679843315765803,1.0645761747662827,0.03786740766603217,1.5932033240313006,2.064511510352033,0.010145994624619096,0.09426343316821693,0.9258290246488855,0.026371826291273454,-79.15238986589304,0.0,174.56322304774002,0.07434150867824062,,0,-0.005649902331469465,0.013312121947366841,0.006825796148383006,50.9259121336585,-0.8846322068350532,0.01404757807406967
1260.04867580395,0.7801259327591843,0.06699674893386293,0.06801893639690963,0.7209725236235228,0.03896307826267747,1.6005362537529109,2.0426249709446345,0.010113343809328905,0.0941565094799449,0.9266612458254871,0.026055226037453184,-78.61435997566932,0.0,169.65214962693807,0.08048601079483138,,0,0.012340321765787409,0.013553210514068676,0.004760492841339009,49.83062095995185,0.23583887474215715,0.11428257581506279
1260.8034813289494,0.7849712796241778,0.06705728278854196,0.06765871515807724,0.700686515063708,0.037619965784034086,1.6058047272024631,2.0482586222921184,0.006819170548391477,0.09328615982949867,0.9166158049973743,0.0262147845604468,-77.61868584943184,0.0,169.32521677066427,0.0600942467315691,,0,0.006350811921033739,0.013449843644266594,0.005817518496095201,50.875102828372796,-0.916060047966028,-1.1465327006422772
1261.577476824924,0.7926498899631462,0.06585069527357564,0.06818357219560756,0.7095456191960515,0.03809907388357919,1.616486980029355,2.0258859091771626,0.006601435126342122,0.10039971102683032,0.9318174165085608,0.02597715112621377,-77.04029695249923,0.0,171.3615441343025,0.07181533738962165,,0,-0.012944582923702581,0.01886532254514489,0.007315028008750366,50.91047330172239,-0.7269705291859441,-0.007303265795298029
1262.0220444858348,0.7963496995161459,0.06697050577239602,0.06671232539776545,0.6885724532000571,0.03722227541361925,1.5995470522623962,2.0523914131613954,0.006782038540741609,0.10748478770728337,0.9441322837813364,0.025852350631383542,-76.39487012142065,0.0,166.7693701687911,0.07594434561860622,,0,0.013566508711163484,0.016693655043402388,0.009425901886932297,50.021860669904115,-0.6899506449226175,0.024836421088695878
1263.1062778458984,0.8053988983835618,0.06782815843595534,0.06774241734549395,0.47379033088966377,0.03811943403950201,1.6281393911640196,2.0281514573985175,0.006726078955631611,0.10704023642901143,0.941877867542449,0.026365901987898333,-76.54907281695756,0.0,165.15196819251057,0.07684131994557111,,0,0.004293923326723664,0.05140180170377663,0.0833198562531695,49.55028768015233,7.8437321185974,8.200542797722822
1263.8738766848812,0.7987496953413832,0.07071361122936122,0.07054394250488688,0.5137454599795388,0.03815138777432451,1.6113085818053368,2.044417313234953,0.006586470512132355,0.10576245452370936,0.9593925334620839,0.025733384549253755,-74.94575087079136,0.0,171.93329147354183,0.08171746937798303,,0,0.014629435601274575,0.06409390618207328,0.08516326377035467,51.479073923855566,14.211036106193516,14.850023610902978
1264.6542688378472,0.7989600886960134,0.07360515402326555,0.07184232436668277,0.46383675159895466,0.038717012969312604,1.6300102190760668,2.0259115002954915,0.006725524337185828,0.10700041786128495,0.9702716465868801,0.02645576642097354,-75.51943428461831,0.0,169.7402313286003,0.08371200138731338,,0,0.006336120449649969,0.06547804542870665,0.08936596587793887,50.21056491154106,20.908035362622865,21.235986866624984
1265.4410576478047,0.8019384097938584,0.07464716411932312,0.07076060470960413,0.43208297624512065,0.03849823572277302,1.6391183536140668,2.05422464239223,0.006696295388067932,0.10635342038799984,0.9688648510157949,0.02708729392476375,-74.73819657691867,0.0,169.87802149160768,0.08407077225004826,,0,0.017649020546771095,0.061532976934310445,0.08597696891471536,50.01790447258316,21.530544081230506,23.78772262517401
1266.2150531437792,0.7780047222810489,0.07507654349733071,0.07363903441723636,0.4680516728820738,0.038692949976134094,1.6390650042598245,2.112473117714104,0.006653660115261592,0.10721523747715056,0.9803951351041306,0.027124178495666302,-75.20964877623187,0.0,169.7333819407838,0.09407481012823338,,0,0.03322634592273002,0.06534907583699304,0.0860418116152091,56.70617109810848,21.339187927782152,21.821605966681528
1266.9634620117877,0.7838414461800247,0.07285237264182336,0.07535739245666068,0.47715514590943153,0.03860559913347061,1.640751386028716,2.1342501070126536,0.006714130966474398,0.10646468912741351,0.9792089234268806,0.027142730865964308,-75.31973804110686,0.0,170.4030641038359,0.0950034095019459,,0,0.020012150392207505,0.0631224733956028,0.0876862216333114,55.718070629977326,23.904620331189147,23.16723233198594
1267.6990775658128,0.7759919602553086,0.07285624292304566,0.07132595475888807,0.4798532506454508,0.038842979402365176,1.6348372343566482,2.1180715146646465,0.006537751809563312,0.10690819487663264,0.9715677835866187,0.026897020325380543,-75.97038010104534,0.0,172.93320662642776,0.07780466390075091,,0,0.022507768537113337,0.06328523967234755,0.08723605035975805,56.52094204027991,21.946690003730065,22.30943891275817
1268.4410897768296,0.7749155746421185,0.07247371983314044,0.07556058500864263,0.4149571421651428,0.03852955079339573,1.642804219177682,2.130473553690026,0.006649240917176033,0.10544217128038456,0.972608504220128,0.026763996560802646,-75.99125613949508,0.0,169.2487901259821,0.07578940628912549,,0,0.0065900059834873796,0.06273804007503823,0.08738734158248242,57.75270416713013,21.974578938754604,20.858913034472018
1269.1735070023594,0.7762399174628762,0.07409027923851468,0.07411662355156942,0.5036291502170128,0.038812219612859765,1.6177595408578478,2.1349744110829136,0.006779196388632649,0.10627276367471147,0.9964279025460199,0.02652936626299555,-75.77551051018973,0.0,171.73869502295935,0.07023825626898801,,0,0.001157203127334406,0.06246526286053861,0.0901792965781542,57.6890314572545,23.142025116118702,20.779917152069018
1269.9059242278888,0.7727574505709879,0.07269759207422408,0.0732217400082457,0.5299850938385949,0.03878398700852747,1.607534845682045,2.132618671008973,0.006745285209217321,0.1070814803984555,0.9614917581063356,0.026942819647585277,-75.50405081571148,0.0,168.63378053175975,0.07110915079649768,,0,0.009479020769708035,0.06924803753941167,0.08694129517742319,64.66637865643648,20.286696494397596,20.108404033524728
1270.6479364389056,0.7757578062717111,0.07339822817050141,0.07263426699204939,0.502983230376605,0.03829391117609031,1.6148033000398214,2.138478713073848,0.006627284332372748,0.10374787920461585,0.9656987136838092,0.027458435746656344,-75.86170378308181,0.0,173.3624429095351,0.08592000880171749,,0,-0.002088953684587433,0.06337968331420397,0.08971605606645551,64.2588858226505,20.19025925474814,20.009053561096035
1271.3931469784181,0.7708884173667657,0.07256508191463104,0.07556762906652686,0.4491679498315256,0.038206231352638904,1.6073317648409775,2.1171155991748853,0.0066878927704220725,0.10433165933229595,0.9432291333899809,0.026694541187948954,-76.10453273549348,0.0,174.0073590870006,0.07666924428432802,,0,0.01882912454738937,0.062215520740040574,0.09181073705876337,64.02213987389271,21.631473133852868,21.60177694165064
1272.1287625324435,0.7795046607165029,0.07397831827722216,0.0725040111235199,0.547215401180263,0.03836480638880569,1.6489034802643276,2.145329949967945,0.006480206320410889,0.10250678147290852,0.95609698296115,0.02654247919918851,-76.40958580205105,0.0,168.8380419306569,0.09613218057735402,,0,-0.013467246609521925,0.06327489120153922,0.0885284145368736,63.22992783043543,21.644128197610097,20.695728004201776
1272.8803697289477,0.7799698332626644,0.07240939692344923,0.07514653031635948,0.5607996546765719,0.03838199953440952,1.648714046944483,2.213740813972928,0.0067308924192975425,0.10223102520503864,0.940282660883892,0.02693455139550734,-75.88880759475485,0.0,167.64192110275627,0.11446136070524461,,0,0.031095081534517798,0.06494209214267993,0.09189662173005003,64.3367153958644,20.76059770541873,20.838799251686694
1273.6543652249222,0.7802577152246432,0.07522248002026335,0.0738468926655447,0.4832214388649301,0.0387936642783336,1.5870835882684975,2.155453535700665,0.006645638521937177,0.10249860395653596,0.9534744451960183,0.026616506631799163,-75.60555377518037,0.0,173.40709285925226,0.11019737622692467,,0,0.015708326936831496,0.06078209381422866,0.08963409338460233,64.81596383823904,14.847193902222685,13.827556338423129
1274.4091707499222,0.7795038593289926,0.07311505402886523,0.07393757954367504,0.6405801971532289,0.0387182957411505,1.578888796434014,2.213940721909284,0.006639774350194118,0.10262484013352141,0.9163648266954634,0.026872855183703463,-75.73057085279157,0.0,176.06858051804906,0.1066481598884697,,0,0.0035480382467830834,0.008873542657410194,0.007201306034811896,64.74324480664697,8.727015129155559,5.8359142660087
1275.1767695889048,0.7782719870529573,0.07421104666260621,0.0743809585761523,0.5652087826786668,0.03836119751436351,1.5914393285216797,2.128401726166375,0.006508535061296411,0.10369967776551381,0.9410600178767188,0.026875222320175307,-75.8252032586885,0.0,166.4138654909193,0.11255189191630417,,0,0.013422962398381016,0.018249272658578723,0.0047772179912512905,63.92802684730653,2.232802621285141,-0.10491097422434423
1275.9347734424007,0.7708875106696552,0.07736928656431391,0.07588260334422323,0.5643635755187599,0.03890690181344411,1.5906436043546854,2.11754878244483,0.00682718912372407,0.10410401323506265,0.9554284508932608,0.026513360338431324,-75.57513856086373,0.0,166.37186756449518,0.10375265120719465,,0,0.005750800095765425,0.01345700455146225,0.006095045708676836,63.818772012197684,-0.554758746460224,1.3323112885234651
1276.670388996426,0.7751633392767739,0.0786298145979554,0.07483427186112741,0.5505110966751913,0.03853347098082641,1.6681270807564783,2.131168666387841,0.006544046233741423,0.10238342351336385,0.9281553597949511,0.027012183439914187,-75.31548906206255,0.0,176.11483779342933,0.10383198430220193,,0,0.015494676231590135,0.01517101607261228,0.006009175290528869,63.22279424249153,-0.5968589261510244,-0.934424850189035
1277.409202878947,0.7683267381400157,0.07680286450944715,0.07531164227354989,0.5740222393901214,0.03868537095921404,1.6678738307983645,2.1217877526870077,0.006677044664027463,0.10278948525039515,0.937561329295999,0.026395651061425905,-75.70107439698965,0.0,165.73479202377675,0.10596744768805699,,0,0.02104732918352747,0.02013528758256971,0.0035874294716630164,63.90723397500323,0.5760376807623577,0.3061617267427643
1278.151215089964,0.7744762931380526,0.07694044294498979,0.07372314621904616,0.6237543899114969,0.038067520504318615,1.6652128770698535,2.1190410020457042,0.0067136763890052655,0.10311476792677066,0.9245744585976982,0.0268792178708478,-74.72529513623296,0.0,168.26978701961468,0.09586979979340347,,0,-0.00913059465206738,0.0162578150696957,0.003268571797446536,63.75138564495114,0.2463439927080894,-0.9148412079755238
1278.8708390015104,0.7615526915357964,0.07741090940423168,0.07545237813672895,0.5953696611543339,0.03953023328217278,1.6696177626627995,2.2324798975518534,0.0065624612093995284,0.1037820790973917,0.9480288498076372,0.026535463951880136,-74.99275860541375,0.0,170.497659789842,0.10797030694360252,,0,0.014218884476047449,0.016658279548448368,0.005000340209485318,64.16950006339015,0.9141605984432865,1.053079071899976
1279.5904629130569,0.7591858337918631,0.07818334261122054,0.0730958283511787,0.6031161137468852,0.03909200911549459,1.6634671876507112,2.1210737551153906,0.003584106800519964,0.10447703036710548,0.9440981528943299,0.02704567178976407,-75.3573281647214,0.0,173.62966659747283,0.10737021874247701,,0,0.014255216989917992,0.015850601848033514,0.003356424576468116,63.78626953854531,0.1874249023525578,-0.5809425439339666
1280.3196818100905,0.7609715222538915,0.07670211172127392,0.07543418793820954,0.5725925629188395,0.03944187124454434,1.598903282881228,2.0775792750479822,0.0034436912457898846,0.10498258851185079,0.9698995071781096,0.027400359069318977,-75.42387428308018,0.0,165.61183041377666,0.09554710753979843,,0,0.01694474944044209,0.017806045300883488,0.005809403558596129,64.40467523302884,0.6740234406249783,0.7372756185421879
1281.0457023786287,0.7531077898259317,0.07726712458449247,0.07421169095162175,0.5434116082876052,0.03984579092432048,1.5929576413732751,2.055697008411968,0.0033256115521069253,0.10228439703296326,0.9386881729606181,0.027311810759166114,-75.36555280922707,0.0,175.45813340223228,0.0985406120280064,,0,0.003569490847474872,0.019585635833540328,0.004732999520065632,65.5304102451477,-0.34480443835292196,-0.7066912620843833
1281.7653262901752,0.7638371741649834,0.07894764146575728,0.07582790436198061,0.5294315228044217,0.039285988587142856,1.6096485490187569,2.079409852524317,0.003423994838747682,0.10512812365117889,0.9422275137210706,0.028386818269517243,-74.15385507084827,0.0,175.78588690237788,0.09533527891262769,,0,0.0017907696042486682,0.018322441294057808,0.003146455656701167,64.10154246174581,-0.09971406406670312,-0.8617966085211737
1282.497743515705,0.7592961777933955,0.07612514016809017,0.07582905003041641,0.5207887509111347,0.040067381738845616,1.6004832193949283,2.0564872775588414,0.0032274330635333973,0.1023433907409507,0.9401792442717272,0.028710359911952053,-74.9993476611536,0.0,167.65073553176256,0.09645325375148082,,0,0.006842050593496302,0.01939169026334336,0.007578166816721426,64.37951371079939,-0.761546296977792,0.4770030085552715
1283.2205657557472,0.760849055815143,0.0760573250602317,0.0751866237306987,0.5313331281039998,0.03968805782434335,1.6002452289007467,2.077071961466129,0.0032978945288035725,0.10279122292843976,0.9441832981017135,0.027256332194753385,-74.67177346020668,0.0,169.8667592927805,0.09367394710505984,,0,0.00828611513125529,0.01765790724384509,0.005979926114862656,65.06748799320766,-0.4912799625708416,0.47523763807965136
1283.9273963533103,0.7606159668887574,0.07537240185985092,0.07530008808141696,0.5322436701268038,0.03999270610750126,1.582744880914058,2.034198645752619,0.003276669286246048,0.10403110536340607,0.9515172875790101,0.02812367853669031,-75.03382645361003,0.0,170.52672217762205,0.10666759667081523,,0,0.0032560421044548872,0.022810185077321198,0.007796348740562869,56.986547972783285,-0.3301115689608826,-1.3915552436208058
1284.6598135788402,0.7631561992246657,0.07638614119753591,0.07318110559272013,0.5511122830352907,0.03895637318221109,1.572390902382954,2.054963447762762,0.003484043266324382,0.10372737681772824,0.9486730209438382,0.028775998422269765,-74.7709620258455,0.0,173.50729001535998,0.10528964254405167,,0,-0.01679341437952602,0.02392239192717318,0.005400814551475345,57.18842506060347,-0.6042413495471886,-0.5582813602482387
1285.3954291328655,0.7685560846292265,0.07605013106552817,0.07458724215772955,0.5443475095895415,0.03966953961114025,1.5528273197695586,2.0343218714624722,0.003361421583989906,0.10382794981631178,0.941549682832886,0.027091368269390518,-74.2388380879905,0.0,172.73980259477568,0.1180364268747717,,0,0.0035687902835044795,0.02183527643610624,0.008779351086296829,56.81129636992053,1.0457870108508227,0.5781573914480039
1286.1342430153866,0.7691747841266021,0.07738162985679838,0.07555108733214487,0.5536010572413212,0.03988031234297874,1.565922272978397,2.024928678733818,0.003323610495120773,0.10492117721782261,0.9533552002451905,0.026329274728307945,-74.54778460780602,0.0,167.68466569923626,0.10794544418644457,,0,-0.00563550646976648,0.019749128425579996,0.001067851348451992,57.52276436068725,-0.9715918516948406,0.5477585857053315
1286.8890485403865,0.7665724479011503,0.07796891279363805,0.07518810997630021,0.5528743938797356,0.039367179786633726,1.5543762041883238,2.0155120104238167,0.0033039239806725,0.10160575892844866,0.931653176509993,0.026721292264555826,-74.88495016249331,0.0,173.72596668244708,0.10088047850989774,,0,-0.012748319293544011,0.022782132368206844,0.00659448023757483,55.653909876871765,-2.114232931810925,0.0899716268058659
1287.6534490508739,0.7645877991039758,0.07717096221955365,0.07422465222216086,0.5335831886033778,0.039278627756310885,1.5618442215367967,1.9822731708643602,0.0033121948824376395,0.10281234622854277,0.9166505091568465,0.026829659700900663,-74.92032840684088,0.0,169.37343608624872,0.10866849695021853,,0,-0.0007031271221474035,0.023446904091270523,0.007218272423514044,58.146724688078145,0.6307072236723196,0.08429804731187415
1288.414651232865,0.7705897825120007,0.07596521408404586,0.07641971704193014,0.5580589423367832,0.039672477208981045,1.5357121026006024,1.9788839714412638,0.003373344919702569,0.10645840350536527,0.9353216150561698,0.026630911289346543,-74.56737664406387,0.0,167.42181186089027,0.10422808759199365,,0,-0.009777594400608004,0.020848386153232926,0.004579975737170169,56.79927633132931,0.7710966861038022,0.011095482344061604
1289.1566634438818,0.7708653619389122,0.07583119176508839,0.07533902534541513,0.5513349056849882,0.03930816430083988,1.5527378064115445,2.026986872966404,0.003346437058066505,0.10833331325835154,0.932948310149676,0.026490686502341054,-73.91796861056774,0.0,175.20148511276741,0.10553780621591131,,0,-0.004317467438327896,0.021030093259358684,0.006909094453255307,57.85744262173233,-0.2763782711248323,0.19266321204422426
1289.895477326403,0.7690868295613636,0.07454456446250633,0.07478295870441652,0.5857074108850007,0.03899765677280297,1.5606694884106802,1.9980998414452884,0.003420252469479579,0.10616126776603987,0.9280259244743753,0.026774678971201577,-73.11676961093518,0.0,164.23174688367214,0.10021713474523618,,0,-0.013380764767956688,0.017623973700319085,0.005069677538618282,57.82364848393273,0.06198924197541576,-0.6793693697455092
1290.6214978949408,0.7718306007842308,0.07664315935408819,0.07606382793130816,0.6062267592539935,0.03923740991335882,1.558059956533063,1.9884478556084604,0.0032135737132507687,0.10762879310427201,0.9428098697575698,0.026827901362601585,-73.91972605479792,0.0,172.58843453664974,0.09754371060234604,,0,0.012526274565113786,0.018947837891930427,0.004222271413716417,54.79014628862309,-0.016817847542092968,0.6986488249527364
1291.3475184634788,0.7548912082112932,0.07399936923587544,0.07527909546728173,0.6089750073457835,0.03952529766290929,1.5150211168573264,1.9892286358322993,0.0033302420931755387,0.10499610763534685,0.9133745029163011,0.02637587217350427,-74.79284709853145,0.0,172.10244146366864,0.08956660400625349,,0,0.014570933718586096,0.01734202921081204,0.007582391092753693,55.910728308782325,0.9895659839443817,0.6722650390978484
1292.0703407035212,0.753944081946246,0.07674197188018557,0.07578755103203727,0.5949139508060831,0.038934211182812435,1.5191365239761945,1.995629404767002,0.0033120807963845054,0.10780314146509679,0.9213556491853192,0.026296929210518558,-74.10265487190648,0.0,167.96978320209243,0.09528327313856633,,0,-0.007250685853706985,0.016265270387031114,0.0077422333045319485,56.306217796474115,0.1298122961001097,-0.3645434546031723
1292.786766286572,0.7524143815472926,0.07772876138007269,0.07619663122840609,0.634971236074657,0.03933469017223357,1.5152896340561388,1.9420291034038075,0.0033755497486258816,0.10625427211690526,0.9162028004912462,0.026234176683445742,-75.29252671274898,0.0,171.4700580023495,0.0761785588651759,,0,0.01619979047158788,0.013785248494104552,0.004666646112636567,56.47030193215055,1.2165382906639415,-0.6707817354571253
1293.5191835121013,0.7617103356176828,0.07613081450092526,0.0761121282120312,0.7362893329313791,0.03942223920533897,1.5085628874451504,2.0308832022964354,0.0034373970981965225,0.10641787138423224,0.9382141449371876,0.027133593362036603,-75.16571028111197,0.0,176.34826871208713,0.08643066655592845,,0,0.0027608361869008134,0.02083139440814034,0.008211173523779498,49.731510828540884,-1.513109005171577,-1.3771109431318829
1294.2484024091355,0.7562009297213687,0.07803508142795443,0.07631775740119266,0.9030998398458502,0.03947789323242927,1.5276504024762179,2.020700937839683,0.003389432342007713,0.10020382995974407,0.9229429166458848,0.026999027374756224,-75.60150196093318,0.0,172.38579805657483,0.08881985840191964,,0,-0.005621041300245905,0.01590776843322653,0.005085023581587731,49.686327733477405,-1.1290322842803444,-0.19256352940895122
1294.9616296636902,0.758259796979503,0.07548592409725696,0.07540113081615367,0.9257227871249804,0.03985950096379762,1.5574610768356651,2.0263167865367975,0.003539169567562207,0.09902685684245503,0.9345044869240318,0.026755518479395075,-75.75942325340338,0.0,168.15903020562763,0.06529615349354646,,0,0.00959770648225141,0.01841713398180609,0.008168813381721488,50.702186090774,1.446708987453591,0.031164152168777652
1295.6844519037327,0.7556258846295812,0.07626264897559874,0.07753817655182986,0.8752869890686233,0.03966888297477215,1.568834976128632,2.026251373579985,0.006595775402283989,0.10125055212417013,0.9274281920203897,0.0271807095829436,-76.3787356659619,0.0,173.92451408673796,0.07906730730251817,,0,0.013306392220768678,0.026422837014299375,0.006685132840321206,49.89092861150686,-1.503630928147731,-1.276779554403448
1296.4104724722706,0.7532449595050398,0.07279022296262139,0.07419017333368742,0.9197166072327343,0.039592436393876385,1.6189391428769813,2.1701078770260156,0.0066503992796645055,0.09933803233481717,0.9401796873961867,0.027108357312339997,-76.53193047731101,0.0,168.33769820296487,0.0883645509493772,,0,0.009485272419838939,0.018009526339822366,0.007780870448213611,49.19906310309164,0.7161338308321178,-1.210835201714274
1297.1205013983297,0.7539702455887822,0.07503255757078511,0.07576166121200936,0.5770404431660114,0.03932856691755535,1.5738578595619088,2.028713489126667,0.003201515332890766,0.09898193674419495,0.9242521334270004,0.027749235232325923,-76.31070195728846,0.0,173.6103944417992,0.09682697946500479,,0,-0.005894544332052336,0.022529553623445452,0.0048048822506838815,50.31606429519734,-0.009315149106140648,-0.8338439972580406
1299.269778147482,0.7516134616942497,0.07293513911930358,0.0775043538977508,0.194617759152855,0.03955116654764773,1.6136867682825358,2.163375420246183,0.0035425203798427484,0.09886219493226601,0.9258241567607366,0.02785155671091278,-77.00757625567417,0.0,165.60220480180394,0.10071030470150233,,0,0.016853245654743353,0.018725108030488626,0.0035921564095012376,50.07938481923171,0.5145935697700605,0.11980854104545675
1299.983005402037,0.7555003711392504,0.06868120894584698,0.07551787888497946,0.10334147712593932,0.039238538417028,1.6197251102862396,2.18123438488156,0.003228008619557449,0.09979169689545352,0.8801826380380464,0.02830424223677928,-77.17708136353247,0.0,174.2023322087737,0.10779068756264386,,0,0.14467826858031502,0.025075110942178312,0.006469006153177584,49.737201718245906,4.7097575696392004,7.118224836481079
1300.7090259705749,0.760136958294808,0.06808595922237384,0.07627498694561759,0.08664718518435141,0.03919521825469445,1.6195499565165705,2.19085879647715,0.003537578536489262,0.10022137977438375,0.8693540207701499,0.028360981685502662,-77.72289370960297,0.0,171.21388177876662,0.11750943810772468,,0,0.14816394832527696,0.09531547835649874,0.020724860402349197,49.78121153853504,15.061876705463012,14.77123674295428
1301.4382448676088,0.7597681157198329,0.06357078007324674,0.0754099841171869,0.1788129182859177,0.03875940293958712,1.6089710695498718,2.1874839704700806,0.003300054113212265,0.10001109741815926,0.8422073099435492,0.02867029859001501,-77.07177017888395,0.0,172.04627207022864,0.24940276797146152,,0,0.1398080725327286,0.09549764799093297,0.018892044356446112,56.86094135926649,13.74168163389806,13.830886167704405
1302.1706620931384,0.7553413724016556,0.06375508975664854,0.07546577468242666,0.127322349895822,0.03969880815928883,1.6447463044911494,2.2004231625852237,0.0033382994989518125,0.09954952228051489,0.6766737301300588,0.028689236898657003,-77.83017125590194,0.0,177.7160977291932,0.28582435873551715,,0,0.14354336280637103,0.10014023426197442,0.01823983968425556,56.82843071216603,14.636596414683224,14.157028770272062
1302.8678977052145,0.7647487204709295,0.058677361998745854,0.07221492077298047,0.10100786954121833,0.04348519402030796,1.6340811903116328,2.296706946582428,0.0033699675765311585,0.09997092245777849,0.6333236958602966,0.029370124741094527,-77.0515816858072,0.0,178.24547058465154,0.2936672068045881,,0,0.13443616884209914,0.10290865833837003,0.018228685614007624,57.1904731522037,12.84868127901506,13.707570906679416
1303.6354965441976,0.7651257483860211,0.06337454292407123,0.07490860061805875,0.10967072594677188,0.045960327862250974,1.7009674794378749,2.2726734120664425,0.0032809168272865093,0.100003699808308,0.6238776287883527,0.02871649674228734,-78.44515272298568,0.0,172.48482832840182,0.324618950181975,,0,0.12427448958320303,0.10504741931952423,0.018304782705545555,58.206893966199026,14.703986968363925,14.376685142816966
1304.329533827778,0.7626714640805743,0.06273346570048902,0.07609566620691426,0.10922398775430803,0.04543540343305531,1.7014075438312606,2.2917476420154186,0.003417279044395275,0.10079807069170318,0.5737550485995778,0.028423583872747037,-79.40943806231908,0.0,176.29163811574713,0.343416890728039,,0,0.1331544822898052,0.10762665623565956,0.019621860526055388,63.96941904209521,21.75391180569045,13.123086506369589
1305.0875376812737,0.7604524170559184,0.054647123354550735,0.07573233670024548,0.09932903720130845,0.04345718336511207,1.7884050053300238,2.2783064032786866,0.0032426714023364063,0.0992501497083914,0.5379538194802619,0.029427471386300422,-77.23631224601243,0.0,177.29410434683086,0.28852236140493726,,0,0.1256342341859298,0.10493793379426991,0.025075896637314896,72.39241443634172,28.14478427947266,14.053692611839553
1305.8071615928202,0.7643266609158311,0.0626119612450913,0.07457925751748609,0.09378990283262303,0.045485404890608275,1.7844848786022633,2.301805382163086,0.0033274559915523515,0.10122960508895944,0.5575518490721098,0.03049453569003325,-76.80933998563665,0.0,180.54515534289706,0.25085799345855503,,0,0.11466893607120063,0.11077402252008939,0.03239803815809148,70.56455687121388,36.645986859497256,13.844256602624903
1306.5203888473752,0.758477003949618,0.06384732812959124,0.07281981379608701,0.12994483926038877,0.046201199090530796,1.7836817248365233,2.2855371579566364,0.0033503806155473015,0.10029607011814387,0.5555793030153825,0.031038650022870054,-74.0230337230575,0.0,177.63865208311157,0.25848438769178383,,0,0.14252686049501262,0.11084740848792497,0.03465013628077206,71.7544322222068,35.59752024089883,15.074778860291486
1307.262401058392,0.7646736351548844,0.0558191003574585,0.07386914113806164,0.10655964206815047,0.043731050106057844,1.8256725632017266,2.416182896267952,0.0032340877676570135,0.09969106962035139,0.5219800899693905,0.03124572563949844,-73.6828573642581,0.0,177.99025555092618,0.25407583135536543,,0,0.14273893982132668,0.11881655889036549,0.039686455186120045,71.74007020020747,35.85195699105068,13.842046659950615
1308.0108099264003,0.7718098284768755,0.06997087718334262,0.07724396993302175,0.10793741218844102,0.04597452618825693,1.8618058732899763,2.647343013421672,0.0033561609458624257,0.10021379104319365,0.5416237216236078,0.030012381009753265,-79.20128036691442,0.0,174.41530134073514,0.26579368948344545,,0,0.12199683236038189,0.11892717393697537,0.036796334595248066,71.39321810251377,35.65377577054803,13.803212560098016
1308.7368304949382,0.7750032180211837,0.06986675982177463,0.07626078897227277,0.14254313528569662,0.046011533392415066,1.865320869649677,2.6854045440197423,0.003547787282331235,0.10200598264706055,0.5550465696651985,0.030508757792655175,-76.17271911060104,0.0,181.0139226508382,0.2644310234159301,,0,0.1455565776006917,0.12229316507664882,0.03914144583694637,70.77860696312416,34.28674449071999,15.11277353990887
1309.4948343484339,0.7730878430860042,0.07773970495800836,0.07698097294945092,0.12383426149406555,0.047988420934903166,1.8651632117734809,2.6753463870943945,0.0032866393775622805,0.1015874446063221,0.5824769569892334,0.029883137241637027,-80.24244595735637,0.0,179.83913316143025,0.37926743342590646,,0,0.15187759051560018,0.1269891065002441,0.050989235635202336,72.32359430289291,35.40228810339597,12.68188233506514
1310.220854916972,0.771784163441263,0.07152685792427492,0.07899300226181116,0.13427417346231105,0.0462087078772892,1.8703340759104772,2.677324375721897,0.006566456853686986,0.09948592599302508,0.5578277123591431,0.02999406485415429,-78.95584461207676,0.0,183.48870621621373,0.38056110914696495,,0,0.1310656451021232,0.1338347338027429,0.058051992810141666,69.7435914355607,29.64209624464841,7.935686453399136
1310.9564704709974,0.7740818111314632,0.07696284587451471,0.07975923376497325,0.1175623909243333,0.04783823325496083,1.8711289610466544,2.661129725873205,0.006588273469294203,0.09689294904618408,0.5710745894115802,0.030903532728694387,-79.08768130577317,0.0,177.05133384291162,0.38129266011441243,,0,0.011408942063426186,0.13696377678981936,0.05602138183815639,71.36784049418031,21.480209593672626,-0.5362558891259805
1311.7144743244928,0.7746133823994047,0.07055866770369959,0.07922690100940091,0.12563222691131581,0.045919156817453975,1.8674132341960805,2.666723761790932,0.006589139310564913,0.09782024888049956,0.5493808041596959,0.028361607945396727,-79.34411726564042,0.0,174.7761721485117,0.36799674074996114,,0,-0.0036671272147585344,0.13357982323303363,0.06952759214158968,71.72321283642016,20.953077550114347,-0.20404401759373228
1312.4564865355096,0.773790343700581,0.07756537468298948,0.07930903158267041,0.1732467525867852,0.047875320165366275,1.8696781106994838,2.677740968323053,0.006754849769921328,0.09685626903977022,0.5764931249760878,0.02862871877285883,-79.48592083521483,0.0,172.30731036287358,0.38807548311757845,,0,-0.0037457027472281336,0.13121731888491062,0.07348172670706433,71.37409494146883,20.256205391687928,1.110887160740653
1313.1889037610392,0.7800362099320133,0.07617674421147078,0.08352085425191953,0.14681534235163016,0.047499582464661065,1.8740670543088276,2.5472533770316157,0.006574959221584871,0.09542101354046455,0.5724276919868356,0.028286371503194407,-79.34201390434887,0.0,179.54574893964218,0.38777658045284596,,0,0.0179899842000204,0.13366032949103038,0.06929199086509855,71.90901918687649,20.9996428257877,-0.6023837690411498
1313.9309159720563,0.7671662309220617,0.07069893006937013,0.08671518124760798,0.1904161241812273,0.047807194447950674,1.956469849500587,2.687142769527183,0.0066019494010735045,0.09743334609111608,0.5894517701845924,0.030022731254021842,-79.75797579274851,0.0,175.31104444597742,0.3780968758013786,,0,-0.00655988311754251,0.12138268168457472,0.0690909516906779,78.84744384543774,19.226098730321795,0.8248688824431973
1314.672928183073,0.7702620704658305,0.0719094324500368,0.086262315348874,0.11570513091540253,0.04799712821538484,1.8733700070660884,2.543552718335267,0.006627895560472444,0.09717220118096871,0.5715659705031699,0.030780991946660327,-79.01915992437984,0.0,182.1270537883338,0.3730492157582708,,0,0.02015230839952445,0.11552427737182007,0.06684262218817556,78.31046157926036,14.265368503621714,-0.2914684500091229
1315.4085437370984,0.7730697564349004,0.07743501396086185,0.08716627831579558,0.1598136011632207,0.048066843468007804,1.86683738031176,2.5436539374314115,0.006692261930848439,0.0957247013849137,0.66394131149969,0.030144638177063112,-79.83876212572372,0.0,175.50446672217188,0.3807630691602417,,0,0.01548375533379746,0.11959677605407744,0.07301814321350372,78.20925509121072,8.051793210805808,0.7846051406801099
1316.1569526051067,0.7700396227053267,0.07806901124444975,0.09071449794469044,0.1536907830213789,0.04784297490563177,1.9582414849633423,2.5621511322283066,0.006746175062624511,0.09705016483728458,0.6703533498966939,0.030051921362491532,-78.92694124286751,0.0,183.0492572477396,0.37769957967035456,,0,0.010075725102345862,0.1318206711477518,0.06898901522574603,77.96634278051569,0.07249157676937926,-1.0241634319389512
1316.914956458602,0.7667701560650555,0.07172492083037262,0.08802119401393328,0.08555731761304017,0.04784288518294592,1.8079429845654125,2.5454460500248066,0.006659280729862465,0.0958037297794664,0.6523021980926157,0.0295006985186848,-78.1547687193273,0.0,178.16025125049865,0.39631039028280746,,0,0.007493220346819664,0.13241486569317834,0.0703974721557212,78.53312009844525,1.9225372704685821,-0.04829871287805111
1317.6505720126277,0.7685310396198675,0.05346570678050975,0.08789887779916572,0.15750756781846625,0.04640504729566385,1.9500110711547098,2.6089192102198453,0.0064557886854105075,0.09575548715366372,0.6507916150784132,0.030054764881006838,-75.7334099679864,0.0,179.75134186401522,0.39926500129978226,,0,0.00030309540431008956,0.1381595743846173,0.0682481448648589,78.79413513326512,-1.2252174347083307,0.9615625325106295
1318.386187566653,0.7751322368351964,0.05374068651515554,0.08616148460983135,0.10638848191099579,0.04633130120992992,2.0280409976872957,2.677219829685835,0.00336463426145159,0.09599894575664153,0.6635422567365137,0.03045930583064329,-75.37636338719926,0.0,175.03814178129522,0.36645531731379377,,0,0.016069152918814906,0.14019293893668827,0.06268375626074818,77.6616224872255,0.03805882930503626,2.0149824912866325
1319.1345964346613,0.7669714911664819,0.05358139576477958,0.08778600444324493,0.15071874602351637,0.046639815614799345,2.0375030391674107,2.6765880648513938,0.003415975781753156,0.09586482474162884,0.6704939689034112,0.030866357713040433,-75.15607979769895,0.0,179.38049888810428,0.3684413254815087,,0,0.0008708308664668847,0.13902248597687866,0.0636354633725352,78.17511677641332,1.8256656710523698,0.37895434836497127
1319.8702119886866,0.7680489555016008,0.06714925687228046,0.0866249118382483,0.1445110962369925,0.047527216512094725,2.1334978819831223,2.6965102760627984,0.0034242306914089556,0.09598739179892167,0.6841860365493728,0.030721656304241826,-75.44901167268752,0.0,179.20986068034966,0.325411793158875,,0,-0.006651286945674024,0.16329811867375554,0.06442483376123596,78.52727912148458,0.7457174896346932,-1.2883835318045083
1320.5962325572245,0.7678073041774817,0.06519551706029751,0.08602665277481825,0.14364808843031882,0.0460380971442567,2.15229209448944,2.7017205855725446,0.0031004420330333037,0.09617874339379619,0.6616408632229828,0.029569055174959374,-75.3558436636129,0.0,174.82236810140228,0.258956305386049,,0,-0.004873427694115573,0.16377601798752978,0.0689665299645074,77.79436322248887,-0.0734473366252478,-1.136744815522031
1321.344641425233,0.7626087018785459,0.06935822602291797,0.08161549271222591,0.08048948379990843,0.04600764055078516,2.1424289545761117,2.6894865249705533,0.003339058693907504,0.09621423582449866,0.6812365489819591,0.030155712438634154,-74.83257409849413,0.0,176.70492037792454,0.2567929573465704,,0,-0.0034973588487543917,0.16544134353826717,0.07002903011879544,78.2360266984251,1.0651414694673924,-0.7547497571137399
1322.8158725332837,0.7634952356597675,0.07299862318450318,0.07379704218333359,0.1387380113259832,0.045281364913764006,2.0264523667427756,2.675071573474101,0.0033472722584916882,0.09602228401355933,0.6916768420326934,0.0298152833127142,-74.27516426060778,0.0,175.8054231820657,0.22490562146850165,,0,0.009388066456565008,0.16776605569611439,0.07269457189030211,78.99309460488644,0.8534669279230411,-1.0022978120633523
1323.5418931018219,0.760551283156389,0.06996626305842334,0.07600688552879313,0.1177904813038233,0.045350026632188165,2.039385938453423,2.6791103422338183,0.003287640035742443,0.09663631886998804,0.7088860680539623,0.02991848939506648,-72.88844027382449,0.0,177.13911843938536,0.20532580620524646,,0,0.041884370968959625,0.1865087774916258,0.07556230825554941,79.42972906882333,7.329537383628015,6.72388411699446
1324.2775086558472,0.7683317076926597,0.07009015279596341,0.07008616457847745,0.16501916372157657,0.04318043418622641,1.8982594240315105,2.6110136547390392,0.0033810568822652052,0.0958873887634373,0.6986676845860644,0.029511359177998697,-73.3940139554099,0.0,182.4012247677678,0.2063283148983024,,0,0.014977340414813436,0.18612359514623328,0.07367972706887425,78.30774492155811,15.215485665296256,14.559111683977797
1325.0099258813766,0.78240586739342,0.07094635667031174,0.06941811335520064,0.1894294978179337,0.04177477072088448,1.8802719742329514,2.484381398184512,0.003136357056962848,0.09679715389651795,0.6724317141619964,0.02967071591648098,-72.11570742765666,0.0,175.76468687830217,0.18244163448407028,,0,0.0289799628114968,0.20623995767023365,0.08441169448813156,78.11876065830471,13.473689806065963,13.845098890809975
1325.7391447784105,0.7829475612002685,0.07002357615763644,0.06906924605152082,0.16403126572595103,0.040788210616982644,1.881106448143765,2.470361741531441,0.003461383880694827,0.09658299374819171,0.6906321484509231,0.029314608396032192,-74.31393934469914,0.0,176.06012843021622,0.13128177743420835,,0,0.04154862505812928,0.20238954985274046,0.08353770370748502,78.52423653488752,14.007060092285924,13.590840806508453
1326.4875536464187,0.7817348589421813,0.06839372065704509,0.06837628947282098,0.19228407430155778,0.040370271028240166,1.8033828963048388,2.410914026763312,0.0033239966632376532,0.10357869998043027,0.69316257579011,0.028839682938419528,-75.06627941061448,0.0,177.59441271866675,0.12853177803396237,,0,0.02658932166294755,0.21355812445636477,0.08580671813467143,78.8962920295304,14.967803249800566,15.065417491172147
1327.2487558284101,0.766440216743769,0.07089361554519592,0.06770048253128663,0.16951212096089527,0.040212106645059094,1.801830222004366,2.410047993215696,0.003273161642814607,0.10314955432150322,0.7089993699666902,0.028335567188669395,-75.14025866024771,0.0,174.46100266124031,0.10751771198964356,,0,0.036380443321584056,0.2196678483921093,0.09128644302518482,77.95775413258094,15.166930634435792,15.193918371895967
1328.0227513243847,0.7806033666012344,0.06884665932370468,0.06767008424582023,0.14548966943033098,0.04036514870119886,1.6884875260918555,2.2116467074102264,0.003222816330050592,0.10341261052484504,0.693811626197429,0.02801949540231944,-74.58272547496351,0.0,175.75851815478737,0.10047373059197831,,0,0.0357802606931062,0.2249722736097083,0.09164118567921965,71.3438395044251,14.134726275945209,14.491536498681363
1328.7903501633677,0.7689798960970856,0.06870227316185842,0.06747374358116923,0.11121800821746831,0.04040630763489617,1.622784122756676,2.210425484498142,0.0033408154668695274,0.1059982803725088,0.6977775404501273,0.028004726498826824,-74.95162384402856,0.0,177.9305531210169,0.09499220797699746,,0,0.035109560987801894,0.22779754015969175,0.09300647303535164,70.86172818576608,13.613404547560247,13.186158168626868
1329.5515523453591,0.7707313109932874,0.06840680881735739,0.0670584852304365,0.20975225965908795,0.04047624221737438,1.6360825368110214,2.147793328361935,0.0033598267865083587,0.10760104397950321,0.748871520422553,0.02794311318164639,-73.60463412751795,0.0,176.34114815958435,0.09700550675687147,,0,0.02807468603683793,0.23121527017037038,0.10032549905677007,72.52946301143402,15.046222309361042,13.836085444153344
1330.2903662278802,0.7663800592341709,0.07173128438857891,0.06714702775684965,0.2771127218683325,0.04028960777369531,1.627629514888929,2.0776884931469555,0.0031763233832416927,0.10636021243839121,0.7952304490491117,0.02771310111588991,-73.57330550031249,0.0,177.1484350495289,0.09740604374445885,,0,0.05009121233537117,0.23467663386481588,0.0987370668825748,73.7305167227302,14.039999657807789,16.39035861706816
1331.0227834534096,0.7671815459806955,0.06903550121286514,0.0688570567883327,0.2465478458011072,0.04099306615250058,1.6298629427155173,2.066962245888325,0.006620376400426796,0.10764271472908525,0.8194063270495463,0.028168279659647726,-74.14007952977894,0.0,175.74926710642646,0.09119821648006449,,0,0.036913540406188036,0.2340880263142244,0.09665261778396059,71.47701312269024,13.298268476385708,15.585681723690008
1331.7552006789392,0.7612545501893669,0.0706641389021721,0.07006309373533258,0.22297285676929007,0.04030251563096651,1.6325147624475755,2.151571722906628,0.006544846744613933,0.10582781697592514,0.8225155316611235,0.028771440374518852,-74.58550397452994,0.0,177.14500749118133,0.09767586393773176,,0,0.03791394225397795,0.2302910995371336,0.09795175975886518,63.48175369442544,15.009256647863591,14.012296349129395
1332.484419575973,0.7681872579000377,0.07206794897775007,0.06811071725943049,0.22784611254899875,0.04032199486963254,1.6291208128557044,2.158840487905326,0.006495032810043929,0.10824129319892373,0.8364525794728538,0.026625125341762795,-74.96018158002805,0.0,178.51261453648274,0.08305566454261665,,0,0.03358672906530288,0.23201925068782198,0.09819041624455706,56.891117908720126,14.388600085960666,13.763818061938707
1333.2008451590239,0.7630084569234519,0.06966407946685317,0.06942360388259626,0.2882782404254107,0.04025459428627039,1.6252864470281585,2.132977281045035,0.006770673115626753,0.10606654511606833,0.9097284152344157,0.026616971156812674,-74.47435920575452,0.0,179.73592404252486,0.09604356898046978,,0,0.05881232238491178,0.2305875828345185,0.09988441981804384,57.83261559046169,13.947821354410406,13.052792346150145
1333.9332623845532,0.7623041528691935,0.06951526127245221,0.07027588786016055,0.26512476991365674,0.04067092768754911,1.630535037863137,2.1586432286315542,0.006709494026901082,0.10641203036783066,0.8915974268774703,0.028164091540140376,-74.69249118606896,0.0,176.86675919988198,0.07749097874815464,,0,0.04984690379783306,0.22170286787450674,0.10126995038216231,55.04850082966445,7.254742936494725,7.015507578941232
1334.6656796100826,0.7599597211866124,0.07075473730372096,0.06941291154654557,0.2832293820120173,0.040401154595586394,1.63102668996045,2.1448381984436127,0.00642983379387611,0.10762198522269555,0.9191627059507755,0.027428992549865958,-74.68588156808272,0.0,174.47165429395625,0.0899975035627517,,0,0.0029991664356624845,0.22645265241550788,0.07229473336748242,58.80367809245716,0.9587981410809802,-0.4349399431549602
1335.385303521629,0.7658072918659375,0.06599100809761746,0.06905799597956394,0.27943713239030027,0.04040878357922323,1.6369276967875401,2.1227381934511067,0.006648000638494758,0.10659163269177101,0.929517033649974,0.02839320094061661,-75.85176926096764,0.0,180.86404615510588,0.08866576785373659,,0,0.0034517082329457646,0.1729472421411972,0.05123353366581951,49.829941388725295,0.6120569648403711,0.9488365104830575
1336.1273157326461,0.7624233333820819,0.05679298037950848,0.07044169559493976,0.22426746149479698,0.03995743015206501,1.6284802857833018,2.1168970566527254,0.0033011482156559747,0.10585043894922841,0.9235100370434296,0.02856476857995795,-76.75507048185048,0.0,177.12733216317721,0.08446801144741649,,0,-0.003052279051994878,0.039220031816273614,0.01600416975263875,50.7106179899208,0.7740034238606295,-0.18864270757618223
1336.8789229291503,0.7590411726938111,0.05859509941212165,0.06817306383373246,0.30904429910526954,0.03951579586596,1.628373077654643,2.159658856902444,0.003388261575521449,0.10595567764647852,0.9218877458170993,0.028123646921706914,-76.31312512971743,0.0,177.48353511310316,0.10176823687752252,,0,-0.02435369034482888,0.02936629743399559,0.017516128845086267,49.969461233818265,-0.19702388345601965,0.7122449020729901
1337.6017451691926,0.7698680884830984,0.05565560053201275,0.06865298288841913,0.308306122396658,0.03883743144389451,1.6168170804117739,2.1173891928901076,0.00304425368329598,0.10095831054793786,0.910442015161699,0.028450224120265714,-75.66064303647542,0.0,180.00941963487176,0.09638291216277378,,0,0.009753280865281056,0.029210355711373853,0.01134931233777898,58.80160187765902,-0.4975516918144536,1.2974509687254914
1338.3309640662264,0.7774764013877123,0.05512034833714837,0.06876961156907856,0.28289748580567226,0.038357868341635445,1.5871690587052254,2.120755121589924,0.003437718548067255,0.09796725039410116,0.9151098768888586,0.028290609066206236,-75.14443339481029,0.0,177.9742378505074,0.09561587976679953,,0,-0.006143016309432478,0.022931933570683117,0.010857278348758386,56.15091849274704,-0.7816908419450287,0.12016266482410264
1339.0825712627304,0.7802574527749228,0.05612435464395154,0.0685905215284154,0.26151100873757416,0.038423988235250825,1.583143974591655,2.1243581844170314,0.0032215211394106204,0.10034813443804594,0.9189033909144505,0.028278513789298614,-76.21532132345331,0.0,178.57571558946546,0.09884661913970443,,0,0.005082230458558557,0.026016318061093682,0.007063930882644283,57.38418762653975,0.5573158354725032,-1.813514408113158
1339.8245834737475,0.7911209920622773,0.05620426331939992,0.06668139434964976,0.2986399222456268,0.03859980367360238,1.583384014621846,2.123478663332302,0.003315314217166051,0.10045428859134192,0.8835536384592225,0.0287095843328111,-77.20838967786692,0.0,178.42323935954923,0.09380805961807487,,0,-0.004811926481101738,0.026450730913711792,0.01045590213339005,55.261393317758944,0.18229244713879011,0.7773921237466119
1340.5729923417557,0.7859360512078272,0.05819831593397293,0.06617766580425943,0.30692634419882175,0.0389637877720367,1.5857418785113295,2.116354506845016,-6.866525212462473e-05,0.09908247040471402,0.9127998014566855,0.028432665630783033,-76.59631746828815,0.0,181.4072203264357,0.09789478767046986,,0,0.022791856200177072,0.018980134277611745,0.009786518887806862,56.79935341778137,1.774678961151345,-0.2812948264925173
1341.3405911807388,0.8033139378987717,0.057506939832302734,0.06542858633497507,0.3259368705399724,0.03902895310103189,1.678559980531673,2.1604474405560286,-8.868824862229482e-06,0.1008820449813478,0.9032551554984943,0.028277948046983723,-76.01068084514398,0.0,176.1631159973693,0.10563452651961398,,0,-0.004168836671078656,0.01850134661766785,0.008845413720440218,64.3084600794901,0.23152611391615485,0.9865704675595561
1342.1113883482171,0.79313652726919,0.057565989177773606,0.06396028124014706,0.28067683504760604,0.038755857459675525,1.6870212481315672,2.1743818310595513,5.241119969944256e-05,0.09900119883204445,0.9150637744348825,0.02879228523963827,-76.50045442345377,0.0,178.19738943345655,0.09614019127272647,,0,0.02160300250075941,0.021339285551423007,0.009737366616852804,62.51321907548308,-0.35221850770993823,0.6369234549855649
1342.8725905302088,0.7996521091305301,0.056690993254119276,0.06125379287930206,0.2422663223534399,0.03889522131167561,1.5207496602647557,2.092124220245934,0.00018812227282131102,0.10876249774672332,0.9106802699551433,0.027853671829002863,-76.02709151213446,0.0,178.08510349672076,0.10034539232281589,,0,0.007721389307544402,0.015526878982349331,0.011985862036642399,62.896004949984956,-0.18480803027868217,-0.4584488444614326
1343.6529826831747,0.7990548375057346,0.05531383312760223,0.05958085162983518,0.31724012841421984,0.03846767328297557,1.5222058465290367,2.0924424157666572,0.0032546280944637366,0.11036158508931262,0.9114171648645955,0.027959990172106697,-77.44905104698499,0.0,179.2558850210613,0.08937356426366277,,0,-0.00032506021127610746,0.021496551194026898,0.013999526826603966,64.46578033025126,0.44598451696308994,1.342484635379086
1344.4237798506535,0.8048550631153716,0.05503081104976251,0.060035583238969105,0.33365339302572833,0.03859837664884074,1.66555675286416,2.1186851549170886,0.0034473199912707676,0.11019664283485736,0.9034832972508163,0.027933498951791064,-76.47971790129425,0.0,176.59780577619836,0.09838232196035993,,0,0.017705497854686666,0.019637129078597697,0.008900380965220785,64.60546249820959,1.2670045693274752,0.03527997240935565
1345.1913786896364,0.8047468497855433,0.06703575718110338,0.059558518160641595,0.3396417676266125,0.03883684520678538,1.541433680624729,2.0536416596841325,0.00342319369321068,0.11082481809564444,0.9198893029376634,0.02764043669599521,-77.9453624136688,0.0,177.64784683877426,0.08883377414194021,,0,0.010595337281525983,0.016239889240595003,0.011843374785138597,64.67092964303998,-0.10693713144928042,2.00873963971421
1345.952580871628,0.7969956097590052,0.06736402628276755,0.05972373552569039,0.3033506281237327,0.039106472185242325,1.6089483987327764,2.079766687244014,0.006583795782266088,0.10738894303457432,0.9266905749819828,0.027226322801364812,-77.73782971937125,0.0,182.92371605424387,0.09224879155051006,,0,-0.007575836578227548,0.03532816544370789,0.015710774920946403,64.54415373494824,-0.6874599157793507,-0.4548841910407211
1346.7201797106106,0.8039337376006411,0.06534328664259512,0.05976975551715059,0.3076638809032678,0.03871779578133149,1.6546472083174348,2.111430655119426,0.00661173237286542,0.10890840396679945,0.9474134035751222,0.028414212891794157,-77.81242170509506,0.0,173.67908652434903,0.10212684271962451,,0,0.0154580776658619,0.03198809837535464,0.011374606515534284,64.12967441811163,1.9722957247113433,0.947890772237596
1347.5005718635769,0.797965228662069,0.06684524882353185,0.058407699231390574,0.33323660927856336,0.038661436767638495,1.661561615191504,2.1175802841506473,0.006517980916403452,0.10920962947384208,0.9491455666953384,0.027706603828456185,-77.83900017233475,0.0,179.3970080633217,0.09577637460625871,,0,0.015138469657690064,0.039489246653506956,0.014502830582813393,56.24303583255042,-0.47931819695559874,-0.6921850853602569
1348.2841623450386,0.7985023892302712,0.06529524764785917,0.061025106681891615,0.36618388967928883,0.03885347110701982,1.6152926437298758,2.0866994923097892,0.006741649971844892,0.11025342742899284,0.9419210574889031,0.027248785064180495,-77.96358556723885,0.0,178.90324738979092,0.08625505547515247,,0,0.016926304424291043,0.04713577456484646,0.014280480227958017,55.656875980964706,0.333538103740042,0.32493713138478847
1349.0485628555255,0.8042193694155274,0.07121622382110529,0.06215525612550177,0.36079057633244477,0.039669107674068664,1.6085105696427375,2.060300307150534,0.006904284462385839,0.10579025124842562,0.9504152845236745,0.02701057345153156,-77.23471708626087,0.0,180.0663715489787,0.08644924934887371,,0,-0.011616487436702044,0.039040859607167036,0.016111843234215134,57.6553665746044,2.5719395958417506,-1.7518923383208116
1349.8417483224746,0.7963749805625474,0.07155995797909474,0.06023786281573785,0.3386794883784603,0.039074010182867415,1.5640341767993053,2.0675753973514,0.006642740600081955,0.09274201973691697,0.9509843960101518,0.026376475460943318,-78.45539811410423,0.0,176.34370088139025,0.09302647020647455,,0,0.015599791707144277,0.03648124255204451,0.015017596494734001,56.8979618308055,-0.30963414564595765,-0.41506088174232725
1350.6317354609282,0.8056477194254175,0.06795953630317637,0.06467135812847279,0.2957675016703082,0.039239348077424865,1.6026165029342687,2.1013598340037087,0.00676521960098183,0.0936587631910279,0.9488593896370074,0.025959866722031273,-78.28546262558179,0.0,177.50413480581122,0.10871757712537392,,0,0.008246508453063711,0.045884108135820695,0.015939937121039388,57.77287255810309,-0.18833640384932415,1.4607552806365067
1351.4025326284068,0.8061568413810981,0.07060586267490891,0.06513268112638235,0.28584208680123163,0.039903486889893654,1.6148204463002411,2.114257187689482,0.006746302490756254,0.09333856674971978,0.9612491864404932,0.026608656362293117,-78.56586360374838,0.0,175.77584558688386,0.091131757443423,,0,-0.001982589825922898,0.039762656584929015,0.015109565039342791,50.13094998927104,-1.7057518303850328,-0.21474399094159705
1352.1733297958854,0.8025508674761119,0.0696120192547859,0.0663092503443442,0.33959672335842916,0.04022052372460092,1.5951325667578313,2.121827677097641,0.0065971071077013214,0.0927272375347997,0.9424226196631118,0.02522990675826709,-77.69907860748623,0.0,177.87374082137794,0.09169637890429301,,0,-0.0038097405144136647,0.04037156970487243,0.015104523856232554,51.80392647253313,-0.3225367567883784,0.5040017016717204
1352.9441269633642,0.791292514339624,0.07122881933464723,0.06658965516655796,0.37733859075916015,0.040138653891019685,1.6044031771228513,2.1498205141775646,0.006602394567829089,0.09084873332903791,0.9565886436403543,0.026673473229165058,-78.85964978618563,0.0,177.97066804320485,0.09019101440900304,,0,0.012419373120304313,0.044098569586970324,0.010231793270207666,49.066710943510664,-1.9593836793242083,0.6207726569720717
1353.686139174381,0.7838703055206028,0.07057489714962228,0.0660176697299111,1.4868468136819701,0.03942939299161898,1.6162250031084244,2.1894774783325137,0.006695231217784402,0.09268760583575873,0.9500737992788619,0.02739956221289173,-77.2264745518568,0.0,177.2269144926063,0.07896032790928212,,0,-0.0012051242011482549,0.04535879737200124,0.014159758003219338,51.10621741663559,-1.5231796235733972,-0.2018179458342392
1354.424953056902,0.7788087066992282,0.06890960947335717,0.06856635826732735,1.6800065219465958,0.0402740040425089,1.6481169875037938,2.256236835462022,0.006621066489085792,0.09302713307842925,0.9512991082087947,0.02689267758312355,-77.59648105568476,0.0,174.59043723354307,0.07845313909885444,,0,0.01227761879442853,0.038056454417575256,0.010176123762663173,50.003174768184635,1.970236129481258,0.28931755437440543
1355.1701635964146,0.7750023081963757,0.07105377716897222,0.07039010635953688,1.7242109704334272,0.03971510344384009,1.6053703752221453,2.192329924367511,0.006693747907000201,0.09360362903484735,0.9481971230693406,0.026653434647080095,-78.71121207106519,0.0,176.03197625141124,0.06988048082958415,,0,0.013303591211013023,0.03758143002734221,0.009517034616750172,50.876295106622266,1.0558119694672852,-1.203583251950948
1355.9025808219444,0.7752273688072677,0.0719150021721479,0.06960139885417102,1.7512517241558492,0.039729028200015004,1.6043338832841947,2.161740213204301,0.0067417360970041685,0.09210537383073639,0.9616566794399343,0.02653103859561822,-78.22278396111383,0.0,179.37683791943306,0.08080884388763578,,0,-0.0006168398313850171,0.03799353419651023,0.011756635597015536,51.04772467540626,0.19903491943271084,-0.032961193515439434
1356.6445930329612,0.7725538170279708,0.07074408393530196,0.06965205949334424,1.7867395312860321,0.03942671947763177,1.6077709764850552,2.1448685955468405,0.006747993407033605,0.09299663246800627,0.9579252368935992,0.026735854948476547,-78.51057683626078,0.0,170.62966959120078,0.06908687972787757,,0,-0.000981300233168279,0.04181432426744449,0.011290868915847532,51.803913415468415,0.2880197063512751,-0.9491598444473985
1357.386605243978,0.7657782441354056,0.06901180055269074,0.06868191634575939,1.7634374767740344,0.03902482503684368,1.6194943304005955,2.1354508558548067,0.0033435705641079614,0.09264922303623718,0.9746694361718861,0.02730377307773755,-79.01301695697016,0.0,170.3488026752547,0.06604594123065502,,0,0.0014717322086614708,0.03995534579884584,0.010726974143250979,49.79104444990168,0.07475275217092912,0.9084423761832844
1358.1414107689777,0.7755380033925742,0.07111050502285952,0.06982502078096108,1.931263251821569,0.03979920026924918,1.609322284527078,2.0907669039409176,0.003148594324972219,0.09215547801774363,0.9432981446377775,0.027975123816288704,-77.81496439337155,0.0,180.49876984693506,0.053595393915447764,,0,-0.0007940806288183528,0.03758972002189858,0.006577041265584638,49.94170240372808,-1.2874874405954622,0.5514423386285169
1358.8802246514988,0.7637781478626358,0.06983758826029371,0.06912036175388037,2.090905099104141,0.03974161303016475,1.6032667444803983,2.0871444402121466,0.0035065085929291565,0.09066868441852693,0.9560032583293572,0.027407215078110204,-78.25826736385548,0.0,178.0416730526808,0.06704724711048868,,0,-0.006499745682872991,0.043774225394209554,0.008676681223457074,49.785763417417336,0.38176435844303824,0.6225136234080684
1359.6062452200372,0.76382980654262,0.06826823087786713,0.06890344511339372,2.1156529700798417,0.03901962179338684,1.618564254206641,2.0767157158647342,0.0035158127905174546,0.10187236446563168,0.9480381876677259,0.027564080332272582,-76.5595609867812,0.0,177.30519902351733,0.059104326711805134,,0,0.009010360927100511,0.038161420396115746,0.00739055796791032,50.29455602172761,-1.0704846208919692,-0.11546367809132767
1360.3322657885747,0.7568987953799035,0.07085443670546747,0.06869416033727963,2.088377890793426,0.03877091188638222,1.582673671638718,2.0789635177552057,0.003479317394719795,0.10068967487740453,0.9292023662301352,0.027253682693961636,-76.27283234645869,0.0,176.43302926830037,0.0840968880443424,,0,-0.010760070983200401,0.0355167807468828,0.00804379135429316,56.55035464176823,1.3281410932128361,-0.4158117136843185
1361.0454930431301,0.7514402197941967,0.0634205578814132,0.06963966707669045,2.0979823130843016,0.03844194386681149,1.567765573790033,2.0584080046866924,0.003271111313827186,0.10392840105243752,0.9406064308554942,0.027539347766823714,-75.88375215902914,0.0,175.8408705340735,0.05769763672352609,,0,-0.006634334307493298,0.039066360612668015,0.008804422711321761,57.93302131652135,1.83983414354432,-0.38597784185961836
1361.7715136116676,0.7553907711775929,0.06133544713069527,0.06746890712667351,2.1582963130424915,0.03835736906676761,1.5694293665211394,2.061089049696121,0.0034260845079672705,0.10337106092784072,0.9260991725313928,0.02670403632236845,-76.04031590117242,0.0,178.6194038437951,0.1094842464039802,,0,0.0008327385528899335,0.036411456992717896,0.005476755858174077,56.50193976905656,0.026969643791212524,0.5518089132945505
1362.484740866223,0.7573147354705644,0.06374667272925336,0.06700281891765619,2.147315013825748,0.03900018802170403,1.5654422298066586,2.0535822455802575,0.0033780433722444456,0.10324777434196944,0.9452376914161623,0.027111503199802118,-74.70688611467166,0.0,179.82287397284145,0.11297047333583846,,0,-0.00821029025636431,0.039567385898707993,0.010462232008507934,58.9581410254112,0.5262475379194356,-1.0401718305536274
1363.213959763257,0.7595039793413296,0.06253039426137623,0.06721398676677671,2.1263515839614464,0.038066298482632474,1.5619003549502228,2.0506551142634852,0.003457182350045235,0.10269890408913437,0.9533186628951424,0.027071932551365935,-74.49487951123605,0.0,180.76643948732675,0.09344586747053266,,0,-0.007836809139118597,0.039137783878844506,0.009376758276864667,63.71141236693379,-0.9945705649075455,-0.22462255716240506
1363.9399803317945,0.7566363069787297,0.06247888860547232,0.06572154571495763,2.136424530087251,0.038603527466029436,1.567838020986595,2.085465063658289,0.003520754378019656,0.1028996799598654,0.9419445377598352,0.026563259548854145,-73.33523001473698,0.0,177.48885402444338,0.11295982189815747,,0,0.008351095614420524,0.0426082218286997,0.007047602915276201,64.07017173380181,0.008272535575396202,0.18380282491980268
1364.6628025718371,0.7565310991229404,0.06307050658386772,0.06781626920777654,2.1330108667894097,0.03884252262866258,1.5635028882531836,2.0589624926258403,0.0031732329748070404,0.10328834539576806,0.9435746048685504,0.02624106596708756,-74.54990597906406,0.0,173.4624320733561,0.1081937067236173,,0,-0.0026277196735190094,0.03847691314483828,0.009419944211668821,63.96626847998998,1.0321553702043624,-0.6549674399673605
1365.3952197973665,0.7560813941135166,0.06133114116201035,0.06653471544226316,2.1655865864455874,0.037534317864977414,1.602237270936628,2.1124570850429,0.0033138655051779963,0.1050105761694423,0.9353738142819125,0.027246702384180362,-72.45638900448228,0.0,177.20275700001756,0.09249081387175802,,0,0.010866814126733723,0.03968161563600271,0.007575036606153832,63.80346956630719,0.17416619488690083,-0.41406386836315573
1366.1244386944004,0.76629867733441,0.0635344531006137,0.06558344563869019,2.108039584630607,0.03823714545592347,1.6045668896176424,2.110268212364095,0.003276364443933206,0.10446453339611995,0.9410349066436822,0.027328870616491512,-73.02605704420952,0.0,177.94733004908082,0.08456311055711542,,0,-0.0025922835531224393,0.03359814448658406,0.008872245630262593,64.4206995716099,1.9369982213471284,-0.9849298318277452
1366.8472609344426,0.7587126635186067,0.06340933096137501,0.06525540233672683,2.0032129562898136,0.03883266164125005,1.591038474392432,2.125573583485999,0.0032728454168858,0.10398458975523717,0.9374451054916022,0.027319760679247008,-73.21444998864284,0.0,179.37666186508,0.11397421158385115,,0,0.024423080096601053,0.037012111704475846,0.009358088711113802,63.84928094178109,-1.0615725859845833,0.8764881614829632
1367.582876488468,0.7683921530803038,0.06191014928799983,0.06569676206436606,1.9029390276225728,0.03899887989968012,1.603053234525202,2.0417468478756478,0.0034858142681176508,0.10207751649848078,0.9417050182714364,0.026738341583489908,-74.65554458554999,0.0,176.99706015388327,0.10875561991363175,,0,-0.01330838825130503,0.04179859592085194,0.008666841816403318,64.89468930207822,0.3675902787953303,-0.18054687649879772
1368.3248886994847,0.7587629947446898,0.06450736011718432,0.06376919919251658,1.815307369994616,0.038471606912063125,1.6047387565823648,2.048273688885217,0.0036077954831792393,0.10348909372920181,0.9430274378388711,0.026549246762820087,-74.3728688805985,0.0,171.9242502768953,0.08653449016216357,,0,0.0033703042114486053,0.040270421498612305,0.009697302637322146,56.21455259975246,-0.2114266008917535,1.7544125631820502
1369.0509092680227,0.7643909551930431,0.06425103767521881,0.0633397604625345,1.8341194234891252,0.03885445315586521,1.600951522005789,2.0581948969246278,0.0031588579962790364,0.1051157065614676,0.9520002953750667,0.026898175372197262,-74.94047970861989,0.0,176.3130463953445,0.08612557394234148,,0,-0.02208561334746361,0.037588000999364005,0.008798357861932195,57.972565332145905,-0.6963353648537332,-1.3934926388477908
1369.7929214790395,0.7618498368752065,0.06366468552142675,0.06370987519104791,1.836972764095913,0.03825003527992453,1.5649077365534392,2.007019830399727,-3.560462993810647e-05,0.10496701742483198,0.9433958210583697,0.027080801346927592,-73.30351065893723,0.0,173.9524827543496,0.0891798961046324,,0,-0.00573660829049933,0.025760322681030786,0.00912951431528909,56.591569675217556,-0.2523209685671729,0.6518093099886404
1370.5413303470482,0.7618364466636699,0.06337613926823278,0.06314347066524453,1.831129429543525,0.03802868249810187,1.6020182258719629,1.9977232650166992,-5.824584291930258e-05,0.1025261984068791,0.9324553112196222,0.026853934132261843,-72.78707259419382,0.0,178.89301803425118,0.09360267413337046,,0,0.015723808945648943,0.024323794395280946,0.009258012295465128,55.89523103427973,0.6476045438764567,0.04339540363299002
1371.283342558065,0.7726927372285056,0.06372861973140376,0.06404306258739371,1.8159864378169888,0.0375224629383554,1.6007378288910323,2.006572543176318,4.913246175418742e-05,0.10780991330196904,0.9378169938713107,0.02718691457738266,-74.89472818411305,0.0,177.81088408699907,0.08020680995019483,,0,0.003401846997024347,0.029509999811412137,0.01033933399529339,57.34401070045569,-0.02678224377371812,-0.43120446880928576
1372.0061647981072,0.7523617192586785,0.06413604569709247,0.06471454535298203,1.8137252596176356,0.038190561608641885,1.5528428866380195,1.991934058953683,-7.139585543093563e-05,0.1058140736388975,0.9186682447472223,0.027137697058252738,-73.88969329349378,0.0,174.9203805450037,0.08403069046472632,,0,-0.0191900677063099,0.027448145863690793,0.008962124777305007,50.88476450621967,-1.548053236499382,0.05515134895981759
1372.7385820236368,0.7559517317505673,0.061577743914688794,0.06294225449762152,1.9373045378289713,0.03751232983397784,1.5255075955955926,1.9835175610984808,4.059094303518438e-05,0.10710667555020136,0.9144324122978064,0.026674344352990126,-74.257362216164,0.0,178.53588254247893,0.08451539488441222,,0,-0.00010167579815930229,0.023681521198220236,0.007022806969533885,50.290638548801496,-1.657213715965292,0.5676120121833872
1373.4582059351833,0.7518983751022438,0.06389337112595007,0.06264953246034784,1.9653443678860116,0.038328509107287086,1.5247485803331038,1.986044510959861,1.4270963293171328e-05,0.10682302262976243,0.9218582520714642,0.02634994185109514,-73.94201787006604,0.0,173.71389790966717,0.08143075537725163,,0,-0.015922340383893976,0.02833329925421095,0.011558055416274441,49.93756262267928,-1.4436004618817861,2.407634026726882
1374.1778298467298,0.7519465158707822,0.06267836145001508,0.06486668115953412,2.0057255033146726,0.03760306986692692,1.5800140494172603,1.98236392523661,0.00017834872167727392,0.10625884653443428,0.9247982159504414,0.02619988297455276,-74.40996310457675,0.0,176.6556034221433,0.08181899362613146,,0,0.00024556029774010246,0.030109239744715473,0.012621907151790812,50.85437678084809,2.7395682986302603,2.3720582075381293
1374.9038504152677,0.7484974623936973,0.06161140729716323,0.06459232069648857,1.9797191817336937,0.037582994818693816,1.5708726529682597,2.1026734865208607,-7.19460776532218e-05,0.10616643033110038,0.9254341321256493,0.026355225496098485,-73.87989355639124,0.0,178.25003194999684,0.0930292579399091,,0,-0.0031015181819724074,0.028756391208942026,0.012045168595179347,49.819218357863356,0.34954250651961133,-0.1710769892365348
1375.6266726553101,0.7465748426872026,0.06518864419792357,0.0634526074921378,2.0411056554136136,0.03748726147327252,1.6616765855260962,2.159454334453781,-4.1828992290791724e-05,0.10716430547532334,0.9402141668749096,0.026787450448367025,-73.49062506669291,0.0,181.290435658114,0.0748285739821054,,0,-0.00408794102717698,0.02002217427505494,0.013132853208622591,49.265741275552124,1.3755362757138079,-0.7712261017050562
1376.3335032528735,0.7548370626065724,0.06191813418703246,0.062398547412843994,1.9892686932214412,0.037904938976494815,1.664182348017031,2.162667813169648,-5.293635940869125e-05,0.1061879584354289,0.9196712574687314,0.026199958038471197,-74.1970162361178,0.0,175.00397252496188,0.08468713637052365,,0,0.0006369494297067634,0.03401682400462528,0.013059684876716923,51.831069058226845,-0.4070304871825656,1.3321533635254708
1377.0563254929157,0.7496588832431997,0.0644214215413207,0.0635897372021746,1.9513073952277527,0.0379998221296514,1.5716249257906345,2.105279954313912,3.659278530884191e-05,0.10684884520233905,0.9226332258130931,0.02619537307493198,-73.84518935486778,0.0,178.972735141083,0.0776289077567322,,0,0.0011833954352418255,0.034773178086725434,0.014971888720810265,49.84320488840167,-1.065481334722918,-0.7301170158021082
1377.7823460614538,0.7551079437886945,0.06434359884376294,0.06342708457283736,2.03202604731835,0.03826839608931906,1.607308199669363,2.1638013843503163,0.00015404269788774937,0.10664227816761829,0.9423107034694076,0.026760393906307096,-73.55486184457484,0.0,177.9723113430289,0.06279644990441158,,0,-0.015532041053047573,0.031113140725453847,0.01306662497648511,50.15600346345919,0.05766137917205096,-1.682208066233811
1378.505168301496,0.7476431701364334,0.06327206164068631,0.06357432624375496,2.0234501281295905,0.0378497384269407,1.564123417349192,2.084886465997246,-5.284058693671663e-05,0.1070755547002194,0.9510316339011773,0.02661004403476035,-74.37204288888641,0.0,175.02282329793343,0.0940053525737192,,0,0.01507680043366324,0.03379510028889656,0.01233151268464094,48.71299112361489,-0.4309900796352879,-1.234279759602374
1379.2311888700342,0.7592014373117456,0.06422948308498189,0.062332442640979084,1.980198674965087,0.0382410470318842,1.5223723174395725,2.0342188005591066,7.132006739075868e-05,0.1053808834966612,0.9400794317760702,0.026633128102468585,-73.98399919314696,0.0,173.7987334672301,0.12740061924470145,,0,-0.025871628744499615,0.03401704367115824,0.011792128545037882,41.93007865762825,0.2970498962278381,-0.24196678748778266
1379.9763994095467,0.7620407179921506,0.0625197958186661,0.06386246257903874,2.0586456443453316,0.0383483345217327,1.5049659922614804,2.0418173807632356,6.65844972747927e-05,0.10612061603603665,0.9503724913869428,0.026833045620744553,-74.08686507600883,0.0,174.2994973961507,0.11782622213059461,,0,0.0038178328850157844,0.03966978144889459,0.016288211160916704,42.727078670709076,-0.2367877751880227,-0.41629858171306366
1380.7120149635718,0.7603542562088771,0.0631832301875497,0.06415734630723963,2.0963399149275244,0.03802059202033904,1.5714760589341672,2.163017590844673,-0.00010530402772850228,0.1059544867943729,0.9442823375613311,0.026518853845997385,-74.2913468811399,0.0,175.41963489538668,0.09965773704912338,,0,0.010078630208891394,0.030797506625947393,0.012332830724353497,44.594454199725284,-0.7065677494838041,-0.1885541742364529
1381.450828846093,0.7509250367745646,0.06344712243622093,0.06370144660870854,2.0763973580394715,0.03827973778656326,1.600313475486028,2.0408073448799677,7.878347151692214e-05,0.10792577348652699,0.9575571913741678,0.025941964998942278,-73.91878214460503,0.0,174.48702956133667,0.11597758263960242,,0,-0.008389698327800125,0.037708800795849776,0.011395338813273573,43.58980833302294,0.8287739981308191,-0.2932901099580456
1382.1896427286142,0.7553218996542737,0.06196584696949166,0.06401863657052204,2.017259605687294,0.038310219882961606,1.5201184317826038,1.9703414384310134,-0.000158913890985612,0.10605087087868066,0.9817504992495393,0.02695737770260626,-74.48645984084213,0.0,177.76398659026515,0.12200214833932056,,0,-0.01412866026312031,0.043085030354853594,0.012912510999346594,43.24389404628311,1.0623646547626655,-0.4874579157244613
1382.902869983169,0.7567920712478112,0.061941574888945576,0.06195387537813216,1.9097859409664688,0.03862767032315484,1.5156977585816886,1.9761297124071129,-2.05078710416824e-05,0.10805878575442196,0.9799356330524595,0.026998751710263533,-73.52085934292963,0.0,175.63149794646583,0.12830499552233304,,0,0.0033597872739343803,0.0504650721116672,0.015029254510884498,36.1474818006626,-1.0864861702255035,-1.4987379364380582
1383.6288905517072,0.7517864658746387,0.06466657043685338,0.06250564504826764,1.801199582664579,0.03778332031259744,1.5218696160205327,1.9886759966901928,-0.00022764277230794604,0.10571696409437821,0.963672058667567,0.0277204148895759,-72.4516869437969,0.0,180.46330971274335,0.09558660817205362,,0,-0.004200014396237478,0.046741804121394864,0.013124939179453489,35.4123313588695,0.9592339280275918,0.309722311272439
1384.3517127917494,0.7566745944849325,0.062289104220935004,0.06405340678343693,,0.03794444255834474,1.574580742927092,1.9812174935706468,1.2287743451752561e-05,0.10664937765185795,0.9826069932887673,0.02748092334105138,-72.68587876344077,0.0,178.05855583835907,0.09678051888297022,,0,0.008679991972885388,0.04532179213756033,0.01421712285365386,35.8651748941818,-1.073745507978588,-0.2915036654320074
1385.0713367032959,0.7559512809761604,0.0640010990027061,0.06199466563789537,,0.03819184373451338,1.6028496939032908,1.9805197355538633,-0.00012441143961553608,0.10693515504271929,0.9690758201312153,0.027686940275327882,-72.74434450727426,0.0,176.32966234129793,0.1076194446643544,,0,-0.0006067093364252905,0.045691639797424,0.01378740867021505,36.42882691001515,-1.002741981122089,0.5268705006957358
1385.7845639578509,0.760319774758017,0.0633457188456527,0.06309303832105793,,0.03762239847217292,1.5651321805241567,1.967817510303648,-8.808773968314678e-05,0.10560449251425334,0.97008552742873,0.02740051769074355,-73.06555417731224,0.0,179.97603372722375,0.09769922233699045,,0,-0.01613204886753964,0.04379750275507682,0.01036230844510709,36.472905176121344,0.7175468466286893,-0.3743848245671012
1386.5169811833805,0.7539659211568441,0.06459763245385007,0.06325948461691892,,0.03858959695288471,1.5968638734850376,1.996489069894572,7.722546815685479e-05,0.1071349917385782,0.9690140241957277,0.027464317623851976,-72.72012204988087,0.0,184.88590149295638,0.10357203634799417,,0,0.00023269048742431467,0.04261818852182438,0.012850734152009985,35.029151737446696,-1.1983624333489564,0.7823591666027025
1387.236605094927,0.754059119609005,0.061887721922374635,0.06252432089004827,,0.037764261035243885,1.6052275738225539,2.018656124273119,8.706965121218841e-05,0.10882908080497472,0.9452480894864741,0.02708180552223503,-74.14871303435662,0.0,178.88574393168284,0.10592983823889425,,0,-0.003909908361302308,0.04519569447717991,0.009359591895121097,36.61383546124059,0.2541317746262748,0.35184801390864107
1387.962625663465,0.7487720420027738,0.06402678983985187,0.06268784846219137,,0.037735058863967906,1.6090131420816054,2.012589338699322,7.57088547406534e-05,0.10850951971305979,0.9500769957145937,0.026980248185274336,-73.83310139840835,0.0,174.91684029383848,0.115686077804179,,0,0.015193080201838722,0.04087857010857108,0.008670997733750832,35.87099383031504,0.07949335275884967,-1.2701082923055818
1388.6918445604988,0.7446487280843366,0.06213208868345918,0.0639888437752561,,0.03875194065458278,1.6122399385563282,2.012511807185892,0.00027166990307968687,0.1059289712618093,0.966049656100573,0.02725402695238869,-73.58451249455501,0.0,181.81758644656745,0.102712333566942,,0,-0.0018636620842362303,0.04360526860172669,0.008523373252021162,35.53214871069757,2.6543092843083103,-0.024998655762306792
1389.4082701435495,0.7548314784360028,0.06424056976742623,0.061786825503617714,,0.03911566461833876,1.5997904369968863,2.057157831288417,3.977589506880473e-05,0.10382488594307175,0.9772381164689384,0.02793175739304684,-72.85267130918602,0.0,178.70154760603208,0.1006936516840526,,0,0.0024253491353894256,0.04313629070307501,0.009728863835195797,36.67507889592469,-0.5843810583150314,0.5157388305022168
1390.1246957266003,0.7548943599169915,0.06310565756194228,0.0643202897347978,,0.03800326035525321,1.5959440445366195,2.046557917340088,9.006952877602357e-05,0.10333168941717433,0.9607040265528247,0.02782818393555982,-72.1585730906272,0.0,175.4901685589503,0.10629165540695734,,0,0.00293913834489306,0.03707169097750108,0.011678806072480629,35.384466425462406,-0.9503455642523627,1.2392622663719175
1390.8635096091214,0.7574731455860761,0.062404741222174216,0.06271088589901949,,0.037543339136569535,1.5935679173469968,2.0674651771375165,-2.4247170025145157e-05,0.10283148475298126,0.9567257125019107,0.0280544443661774,-72.42812817793616,0.0,177.43781105781434,0.10395035564716229,,0,0.005021093261747903,0.04268361426103,0.009145446630127087,43.84206888136184,0.7521191373580786,1.2048939002299999
1391.5831335206678,0.7614656094792083,0.06382387106734443,0.06419281013842944,,0.0382435588279273,1.600072326942807,1.998430709078041,-5.552150415868214e-05,0.10260711271273959,0.9465923067663474,0.027329021160276506,-71.20555163776451,0.0,176.20528222873116,0.10942678450545187,,0,0.015551618740721187,0.034643522834389956,0.00891161346211682,41.90094643254191,1.423206290408398,0.15047321355462323
1392.3123524177015,0.7737483586125599,0.06427843442122574,0.06326476385567886,,0.03829080651900043,1.5629897611403318,1.9950386238854732,-9.932597224258791e-05,0.10297601306729706,0.9484721753568375,0.02783967576651815,-71.30920638001022,0.0,176.64245007482768,0.11274650793769705,,0,-0.012348011153079883,0.03637913602727417,0.008115301445088931,49.98418006903351,-0.447930761087395,-0.4910741892106579
1393.06076128571,0.7825939827269753,0.06264037189273161,0.06364472545743248,,0.03932357964541557,1.572600926843779,1.9854951103133496,-0.0002149664856327731,0.10266797413260922,0.9615103467222219,0.02735662348449296,-72.16989983878838,0.0,182.04441464015156,0.11236184121246093,,0,-0.005957430123070294,0.03232068111336231,0.008489517879489896,48.790702758393664,2.4599054027327347,0.912710983861555
1393.81556681071,0.7761962990822701,0.0632339431862277,0.06356362679984016,,0.03872115971479787,1.6068291111223838,2.0309650382459052,-2.2097264421122776e-05,0.1033762211331733,0.954221655891358,0.02754700555669505,-71.70480630530732,0.0,181.6190847605423,0.10178414323637731,,0,0.009536943056988075,0.030142227265542866,0.009505624883689787,56.93440097830168,2.568719085962333,-0.9032496244121532
1394.5607773502227,0.7827065460666508,0.06209498253193439,0.06318932878782438,1.6338340976118155,0.03904647513795994,1.5980394846162436,2.007246691855849,2.3511232845311926e-05,0.10435033948874395,0.9250046709818545,0.027910239169833685,-72.69701044683717,0.0,182.36402120083324,0.11121222721881052,,0,-0.009451233465810246,0.027719804124223937,0.007887417764675926,58.55882845923018,-1.425809805594552,-0.5979459091605875
1395.3283761892055,0.7964263660231743,0.06341616113945242,0.06443423524816166,1.6087137476735733,0.039609846801840036,1.5998583768378336,2.0558115728512005,5.53294942724003e-05,0.10367068280003316,0.9351687033312812,0.028607105864224606,-71.37491552249449,0.0,179.4271452984784,0.10673585550199827,,0,-0.008990092456198053,0.025443699520164197,0.008586000156566609,57.45494931375483,1.6539004954160856,-0.03855322938618175
1396.1055700136756,0.7945830662221668,0.0610584067737515,0.06279991093952862,1.6395501799336285,0.03918869584886429,1.6370218126103053,2.053349038351745,0.00012312757588734457,0.0933455143031872,0.9603297023055587,0.028915820071981582,-72.12697439850751,0.0,176.61317806151112,0.10486692334719974,,0,-0.012359182948815486,0.029576298582882417,0.007314290601306259,63.70069054485453,-1.7988910855662346,0.16577331240671847
1396.866772195667,0.7984964770076202,0.06335044078299133,0.06231564743703051,1.5918558084111443,0.03943960255339362,1.6404024632624683,2.079648343736136,4.871250678815559e-05,0.09280953859393187,0.9522014270736664,0.02839473755616785,-74.49340440858425,0.0,177.362933087395,0.10169053570191634,,0,0.009837159588051082,0.026996085778844166,0.008539845979548197,64.26426131734883,-1.2109448409304475,0.11497437293139502
1397.6343710346503,0.799523045139956,0.06390963385931112,0.061695911259708115,1.5970134876611017,0.039534945468177804,1.6364728721200492,2.095026668712929,-2.376146150147075e-05,0.09308634422625778,0.9517935908374566,0.02868318981453908,-72.1506220203546,0.0,181.87264896252185,0.1179993824076366,,0,0.0013482184266031029,0.021712329096298597,0.008402743921990228,64.21992180665205,1.3433663154938764,0.3138782723328342
1398.4051682021288,0.7914795189752932,0.06379947694766354,0.06306157124702323,1.606146717678834,0.03910938330620212,1.6285833957984617,2.09064027877912,0.0001577551924770461,0.09354169685266156,0.9498366234017372,0.028034661506126202,-75.1011379347844,0.0,182.3687065224522,0.10789631779552411,,0,-0.003806429356592828,0.02456610308032307,0.006345283589258618,64.28334168674462,-0.412007163661118,-1.3329230383186181
1399.169568712616,0.7943247578348771,0.06213238114679523,0.06304927593720784,1.63094946347783,0.03893969059244517,1.6601031373561315,2.114362691481038,0.00013899496674534163,0.09346126473114984,0.9525538699425605,0.02796812143142063,-75.49834109728965,0.0,184.0730830845445,0.09988092658321947,,0,-0.024257686477414615,0.022936950399505652,0.00808211299999569,63.32878566064538,0.760829230701962,-0.5348737385669513
1399.9403658800945,0.7962941969550694,0.06189543778896163,0.062434495362450756,1.7241638759443905,0.03954656007840538,1.6755944027026575,2.1510280439131133,-7.25231871939172e-05,0.09250883643888885,0.9442159791521156,0.028293686812963383,-75.16911937604885,0.0,183.90025881233265,0.1161908916295199,,0,0.001834600139530253,0.018524963151133864,0.010311827996484339,63.54031342435423,-0.3718955643022081,-1.246218910426233
1400.6983697335902,0.7941137731203202,0.06231798565478078,0.06190113668570836,1.8179913832146906,0.0391748878633862,1.6765415805033133,2.153590175809376,-0.0002424655899317962,0.0928964098754665,0.955015960016285,0.028086247938031904,-75.32322320420857,0.0,176.8287975960369,0.12252401181123501,,0,-0.008090527471044074,0.014989158863245707,0.0073629616307879205,63.86409955440031,-0.9619957020273754,0.6730730174525165
1401.4499769300944,0.7900563267240136,0.06276308822611515,0.06285557542326406,1.7452773781605584,0.03982119354411913,1.6688753653718726,2.1450931532998445,-1.6842237646086955e-05,0.09297078044766975,0.9652620850397163,0.027693404471353728,-75.74149965218149,0.0,180.37303394277,0.12135766477729985,,0,0.004105571493626528,0.01754959415710148,0.009698063496331105,56.312808059786484,-1.442668026214579,0.3934231241838003
1402.2047824550943,0.7855669506418205,0.06149862367627029,0.06371900833953202,1.7168767903548037,0.03956139279507801,1.6706127120736347,2.116709404359432,0.0035641020701217396,0.09368288503279572,0.9547013582012607,0.028299802107267315,-75.37880369157851,0.0,182.9112821761926,0.10133388496265315,,0,0.003914443005003675,0.017036012783516248,0.008180375001719595,58.09939188977373,-0.8562142921681889,0.3816743716029248
1402.9467946661111,0.7835700533921951,0.06378177203944925,0.06265928692459706,1.7377337450856132,0.03944831363596265,1.598145630077319,2.073692209199306,0.003344492563135451,0.09312683355389088,0.9553221362613823,0.02773843222516537,-75.38768615472729,0.0,177.28301158661446,0.10990595365290769,,0,0.0024041016599175434,0.021163716649856872,0.009783032378415308,57.443312001895386,-0.6889957487396378,0.11987503286262599
1403.6984018626154,0.7897800179439213,0.062281341480271646,0.06346771984718479,1.7718792469959612,0.039385046508164524,1.5988434751234604,2.0727949428455488,0.003569520955314529,0.0932244324074463,0.9314043885476228,0.027630805576109373,-75.450606320197,0.0,181.008165370179,0.12872674658777558,,0,0.01677716698935005,0.018340600197415128,0.009996088630766812,57.99582766459136,-1.3668993557103366,-0.5391707382716623
1404.4628023731027,0.7748401054614243,0.060851350237656296,0.06428099011716204,1.786972864750103,0.0411970451999077,1.6026950459567268,2.121615968504179,0.006758853307116595,0.09333830370839265,0.9255275108527374,0.026654052770177652,-75.72894173788141,0.0,182.31940421907373,0.12241783171197569,,0,-0.006313602410767308,0.020281179943482365,0.00725755127652389,56.612068511199936,0.7036475118773791,-1.4610011313195448
1405.1984179271276,0.7798842037742283,0.08181192808337213,0.06285066298927425,1.8499126654081368,0.04108349072708753,1.5877382056934983,2.0709594953546917,0.0066188589510414045,0.09127922030470667,0.9284365630828724,0.026335857434224383,-76.43156572468885,0.0,181.06753380203895,0.12869776451258885,,0,-0.0011833965174085134,0.015973331482487193,0.008915818895688054,49.037721477093044,0.603366525108624,-0.7132039551292494
1405.946826795136,0.7717715197986149,0.08495376060680615,0.06557308380891756,1.940741955996243,0.04171273510052641,1.5794730506409347,2.0823452673117635,0.006834335669388391,0.09219030342484483,0.9329614119299094,0.02633369516637573,-77.10461068962883,0.0,176.54332822501866,0.12022503630237501,,0,0.00902831900907664,0.02149529365872697,0.008041495519405377,49.41126253147644,0.11309418043563038,-1.1414901062739116
1406.6888390061529,0.7681496437772563,0.11600745796388025,0.06828360415481198,1.9326993734059417,0.0417355406940566,1.5852954206268963,2.071886008464471,0.006776682606524459,0.09447955220611973,0.926644457088073,0.02621924023669276,-79.53330318761557,0.0,179.64686483689968,0.12888890687065288,,0,-0.004198380128517158,0.025210980105474158,0.008402111562955472,49.402188567247485,-1.8408922186540901,-0.9289413985314785
1407.4052645892036,0.7637530378270694,0.11580215136598139,0.07235310625619268,1.9565224494072049,0.04273746363080555,1.5786498979331591,2.0951576968621928,0.006572513798295427,0.09279114462210437,0.9400999250582674,0.0264486636160281,-80.7408152314451,0.0,176.32260827507818,0.11738820370437256,,0,0.0063754215086936445,0.02498249436370767,0.009647834360405151,57.20933875956091,-1.2436867872101423,-0.7702270314784074
1408.12488850075,0.76633172945968,0.1168654550133941,0.07550878869193264,2.1748997828237555,0.042080986725674056,1.591420938043033,2.0589237720270415,0.006873002829388448,0.0922883645683008,0.9350644775837067,0.02558334237643653,-81.38565064303451,0.0,178.0110484588502,0.11161044126884476,,0,-0.0016175460483892538,0.02651487579317012,0.008329112216828506,57.42538438667356,-0.5988984637656808,0.07671604328688236
1408.8573057262797,0.764776352718147,0.11636400766584284,0.08306446605890624,2.1411735107552095,0.04223812353102019,1.5870585085394724,2.07288803932592,0.006750573436183094,0.09271689641511327,0.9339377739976619,0.025718172118160666,-81.5776923199936,0.0,179.1561388413265,0.11967639835338569,,0,0.004534607668882145,0.022538864840945822,0.010797601651949642,56.414498212266196,-1.5245622601686237,1.5507570784588032
1409.5833262948177,0.7595437307257432,0.11666786446708587,0.08736848552791192,2.176008227911711,0.04195778639511799,1.5791878467839024,2.071541589969289,0.010008396344711555,0.09340438692323945,0.9290763071483501,0.02540245205995018,-82.07100937953727,0.0,182.6484435588875,0.12747954687337723,,0,-0.01333388759782015,0.02135485835098841,0.010277666914321528,56.162299738076804,-1.3736670283418928,-0.18448090385756394
1410.3029502063644,0.7560473638142858,0.11848293371739087,0.09136699968612814,2.1648440148529837,0.04404361150833796,1.5898745942051609,2.1194721880720357,0.010060645626706303,0.1078648415756145,0.9246295390824444,0.02536463232409758,-81.4033508819175,0.0,180.48443006222067,0.12542233156720392,,0,0.00010254590448385527,0.025927150202270648,0.007372284945640473,57.57264482343575,1.0656003101636768,-0.9637681526596442
1411.0353674318937,0.7580617365323642,0.11811246685424813,0.09744618559377786,2.1721547679221462,0.044244888290814265,1.6074112009224286,2.156638137073111,0.006670640775296793,0.10576639920541504,0.9427698638662284,0.025451602273344618,-82.36238350643566,0.0,177.19406352754584,0.12229155506888309,,0,-0.007605128695366558,0.026317103490079635,0.010269054506858059,57.543530788807345,1.098144148881524,0.0381446959759008
1411.758189671936,0.7578134053189534,0.11788321930460445,0.1011221430683571,2.180654630066158,0.04392797956974812,1.5997732327465233,2.122776694546953,0.0067203669997471386,0.08552528040347493,0.943756062288492,0.026725165677090833,-80.80417625324439,0.0,174.02973094860653,0.13103620428844395,,0,0.00018982157490866634,0.025889228816962574,0.007185312156766862,56.77884959155898,-1.5140716535892198,-0.3865116497886157
1412.4906068974656,0.7608739614616077,0.1161306974202226,0.10585704352043455,2.1544235274330235,0.04445912174072171,1.5993415326773552,2.1486014689798942,0.006760360916519194,0.08868071585399584,0.9423679127776667,0.026410677773250544,-79.15273883820564,0.0,174.832359193599,0.1179114689901324,,0,-0.0104415604326835,0.021561372339413507,0.010542487120875993,57.420677572145145,0.7184630543027826,-1.3656377923627372
1413.2166274660037,0.7606172706731009,0.11722348654610887,0.10936039078736733,2.1281492707416834,0.045155690632088255,1.600584942944254,2.1621027734777383,0.006731267767217498,0.08601133462614875,0.9377981127707432,0.02781181779245593,-79.20774013092134,0.0,176.02653537782047,0.1377805072168506,,0,0.0062272062635189635,0.02337578662809919,0.008586599318028416,57.08889471425413,-0.9275554218200316,1.5863532146305699
1413.9554413485248,0.7581124444217249,0.11683440876308998,0.11297577315066501,1.6797719969692315,0.044448883490793505,1.6060952140753282,2.1581593329502913,0.006589382164172633,0.08618174313682224,0.9453948061442679,0.027221719353335606,-79.51046712264358,0.0,179.60519235808152,0.12361911226084517,,0,0.00081551450708957,0.025624964965025903,0.008379467273665793,63.66720128833922,0.33357877801561114,0.5522428014459053
1414.681461917063,0.7632264197703671,0.11497996165105673,0.11821073381842467,1.643189823213046,0.045388380806659155,1.6080293979534757,2.151759232261168,0.006665322070870501,0.08631288043444595,0.9557962665150744,0.027762832255229294,-79.4830310936577,0.0,172.7800368614801,0.11535800699758401,,0,0.011019782873322712,0.021114844270676635,0.010211635332912411,63.93147885186706,-1.4309124817983214,0.22110039799980288
1415.4042841571052,0.7650128778140063,0.11559763854664536,0.11685912168825742,1.6309484354174184,0.04480566355173476,1.6002172644557686,2.152902344371017,0.006612848864262092,0.08608103811570532,0.9448505929312098,0.02749138867713874,-78.98190005605566,0.0,171.6878442508478,0.09837080479754573,,0,0.009739280559681956,0.024746198229967837,0.011140568982522003,65.75583469955436,0.056416797463023305,0.7831441924550794
1416.146296368122,0.7634354358465956,0.11783885347423945,0.11578699545836676,1.6088813944541904,0.04512012596373817,1.5791602803212115,2.090196923677373,0.006385893798639598,0.08654317719758253,0.9526820828192699,0.02803638976606144,-79.34836324397183,0.0,174.29280984598043,0.08717296797437384,,0,-0.005566169971262871,0.020972590437414073,0.010151088196822236,64.20715729681675,-0.9470830842776004,-0.5779294884111363
1416.8755152651559,0.7631509409527286,0.11719451915440311,0.11732653108989942,1.5432197489524813,0.04439372604816968,1.6082297683374651,2.10983105219357,0.00670099871849002,0.08704669397306701,0.9455011695526176,0.02790471163246139,-78.91377603224653,0.0,181.55439352288198,0.08790377061749562,,0,0.001986983928097676,0.017001057815290703,0.008478137341263401,57.77866420454164,1.2192122571272668,-0.6834589971194877
1417.6015358336938,0.7544345577522935,0.11506569549368241,0.1166473606768504,1.3265974365116926,0.04447481845650266,1.6185093021121069,2.154961208589004,0.006526106109310348,0.08756147344631873,0.9398664108083224,0.029223695649597817,-78.20550803029042,0.0,178.22439407010964,0.08282182048614445,,0,-0.016863589509374576,0.017832053468760097,0.009853775658950915,57.54006590609328,0.1721521076866446,0.22117571289610977
1418.3339530592234,0.754503551464544,0.11545129783440071,0.11822672680054516,1.1716706236902314,0.04351108153051543,1.617105689668497,2.1038598695653357,0.006395340493099871,0.0876827073212234,0.9097337683302468,0.028612527522856788,-77.3306078785475,0.0,175.98811622472297,0.09262747392974938,,0,0.006120108272462616,0.01841789115713549,0.007653616421920431,58.13605396003406,-0.5138400409511955,0.4946423016879496
1419.063171956257,0.7574739116681801,0.07599647225331452,0.11734161138743947,1.143265566948189,0.0405474677807477,1.6123469650355502,2.1062651963666243,0.006735043738886086,0.08585497992049887,0.8753752768547547,0.02966642564415426,-75.83819945448441,0.0,171.69972711172105,0.08848468218756857,,0,-0.006190348403170644,0.020907608240722325,0.008790440313061917,57.57436274598426,1.0334862836706928,-0.5264249579797821
1419.805184167274,0.7566577454924401,0.07872570374912395,0.11328257216656051,0.9797655436148749,0.03991808890348465,1.5800179355522952,2.113929198683372,0.006746320529288571,0.10537094449731238,0.8753689254166528,0.028199547499690714,-75.25641739422004,0.0,177.72534313503928,0.09125763526459534,,0,0.02081597455987086,0.016762468117099305,0.011442748597493297,57.36971720911145,-0.22418343723340445,0.6898081907355537
1420.5280064073163,0.7663871226319242,0.07729303394915044,0.10685117336708044,0.9876813132765544,0.04038552322054256,1.6125419601364144,2.085881737319792,0.003492635200126812,0.1064052321333968,0.872648602405989,0.026992924864170834,-76.79167080750787,0.0,178.76024780738254,0.08801240020185414,,0,-0.01630353780384837,0.01959698571643508,0.0046776284772525635,58.87177357101056,-0.606367700387355,0.55307530561544
1421.2540269758545,0.7601525536356333,0.07379687759229314,0.10407049589476121,0.8997705044077517,0.04044813701076597,1.6199762513533413,2.1157748794241007,0.0034605228638557224,0.10754618677337661,0.8712028742841303,0.027818420145105417,-75.41939009770475,0.0,173.61030315367404,0.07722139185021666,,0,-0.0010171480283995345,0.016662220762146258,0.010406011628049964,57.30533871441163,1.3152766550061448,-1.5061358101036648
1421.9768492158964,0.7599740483313675,0.07424188364128162,0.09875027927704401,0.9650804437794276,0.040307827053481175,1.6218315003468908,2.0866643163678384,0.0033826801321189997,0.106140270341485,0.8654066478742052,0.027430130819182507,-75.04120562760198,0.0,180.13404533883542,0.09470639687535674,,0,0.013133169770010542,0.015451128592940122,0.010728508022467838,57.52315372661837,-0.34657998435121584,0.9657035022951114
1422.7220597554092,0.767332286402127,0.07219053210374095,0.09546747599594309,0.9001835530438237,0.040245958682550494,1.6290099687051944,2.1339558944502177,0.0032913839816038908,0.10591755409991234,0.8556033304101459,0.027874121474866176,-73.66247363764302,0.0,176.59398047442758,0.07965106186177698,,0,0.015440777960513543,0.015357479886686353,0.008902436121623933,57.274425599169994,-0.47122713484338224,-0.3200908173057681
1423.4480803239471,0.7679164129636162,0.07357309227620679,0.09152446720288035,0.9231796192044681,0.04045578201933715,1.59707543609016,2.1001160432214827,0.003387711881642549,0.10909397196111828,0.88362022075178,0.027573459836279974,-73.38909450736298,0.0,178.67137309183315,0.07289177423452774,,0,-0.0006890016126825344,0.021997703464143474,0.008970599328755277,57.533071954388994,0.27213707333566106,-1.3103022227571177
1424.1836958779725,0.7693280524052258,0.07273357623466052,0.08666552219192462,0.976170551905954,0.040206278876023446,1.635764316869146,2.1362917088281925,0.003343193224856297,0.11193066093496537,0.8637739178807832,0.028047673354610128,-73.18742701479607,0.0,178.12471631211446,0.08006192451757961,,0,0.01367640046953524,0.02114250904282615,0.009628407177232918,56.768392458541854,-2.2529145124649577,0.31707592026237436
1424.9353030744765,0.7731761532126051,0.0713326529400076,0.08350913714494036,0.9426575491424839,0.040631886934123666,1.5953625780870428,2.1412212907848684,0.003362845879150828,0.10711990108849674,0.878283974883644,0.0263665370688676,-73.93757456092051,0.0,178.8497329871109,0.0813520244059189,,0,-0.008006583403188989,0.025451704496555896,0.010810570054447953,57.32400833229863,0.08205040185596149,0.8751761075940377
1425.683711942485,0.7649861259178831,0.06985344014268488,0.08030504345075085,0.9125274764283431,0.04056783900275774,1.5875157924941297,2.1362445650992723,0.00660859293781543,0.1056514540418765,0.8961379020720629,0.026957713625180447,-73.98028026216642,0.0,177.173864632947,0.07184633545823156,,0,0.00864382704500939,0.029295878974196644,0.008567393786088206,57.393088991918134,0.9854444652453351,0.9968967561592235
1426.425724153502,0.7669625074344762,0.07006463994546541,0.07327196348200204,0.8287686996557475,0.04068596486317053,1.609154986588395,2.1557119383681944,0.006582919175077904,0.10748428360912017,0.90654946489959,0.0268063023917867,-74.19114320820107,0.0,180.46005778971144,0.07225463668869479,,0,-0.006237442912622147,0.02300703683395456,0.008045625186316106,56.707320275771586,0.04449339133275966,-0.42165569087456345
1427.1677363645188,0.76449939949397,0.06887211130497202,0.07414590585911193,0.9084663215628266,0.04071612584898461,1.594514764474749,2.0633358172005343,0.006742906051226923,0.10846622703194922,0.9122416903366355,0.026400047747369024,-74.57006262248468,0.0,175.7452034320927,0.06877076868060904,,0,0.006716526867418636,0.025763391033278443,0.009528607011111462,59.00178214921618,-0.3786310106932595,-0.5778326393090403
1427.9001535900484,0.7646536611816689,0.06948788483630457,0.07097297968597752,0.8499435997185003,0.04049436059902092,1.5914085396637558,2.136658435126177,0.00681395755749311,0.10813296454504659,0.9298334819335718,0.025576548751707787,-76.92260683437846,0.0,178.88993046093103,0.0582222708329923,,0,0.00569658335874014,0.027722058045905103,0.007765184351971126,58.36422140394435,0.39030977399923455,-0.4802700155041274
1428.6229758300906,0.7538906063626846,0.06487755390039218,0.07284781347441134,0.9274626298426173,0.041015645206023944,1.5813468476880508,2.0703876845719167,0.006677075073853738,0.1063634535097242,0.9434819464650298,0.025943652114270785,-75.66242551348635,0.0,176.70548022164033,0.05218987475108692,,0,-0.00391534409872205,0.02636291371098996,0.007987436298470731,57.163518676795704,-1.6335547080487869,1.0964232861253582
1429.3489963986285,0.7561078746267917,0.06699145804605797,0.07269051418318045,0.9483152947283962,0.0401464024352678,1.587590818702899,2.1309813131880775,0.006670887692645515,0.10681458084538,0.9431483096467413,0.026051975788242185,-76.70840970132181,0.0,176.56820654216057,0.06993280522878392,,0,0.003473173062548595,0.02469735430579571,0.006528554277656229,49.14576686327217,-1.0657791189015724,-1.2419294651977495
1430.0654219816793,0.7589311005342326,0.06692172021908237,0.06978383631634323,,0.04011876883459192,1.5863899654394784,2.1231709318397027,0.0066171857131046,0.10616458438796263,0.9650549161259997,0.026548848585414106,-76.9368285441026,0.0,177.0003269573448,0.06925729381059878,,0,-0.008151817633648355,0.027483431847476356,0.008042854569681063,49.69203658439206,1.168536554418459,0.3545199866150868
1430.7850458932257,0.7565960630622145,0.06751838876212567,0.06971907457757764,,0.0400154383326147,1.5980387322422516,2.124799765110758,0.0068363495993028,0.10530887906493198,0.9579760153068313,0.026062549737657863,-77.48878816290306,0.0,184.4464769479613,0.05636674959760862,,0,-0.010753358142716362,0.027471799070877777,0.009049795001907161,49.38566665308219,2.5462290024892607,-1.5573122375064
1431.5014714762765,0.7522261961238944,0.06787739310434338,0.07004278112391035,,0.04041149074025588,1.5953491695521442,2.1246068900171506,0.006762528529843566,0.10790577567370432,0.972260913685785,0.026643223362261607,-76.83054564945374,0.0,174.81629224351212,0.0530494707183195,,0,-0.005551128514173596,0.024232080753200734,0.0076868222200761754,51.14278243220009,-1.4268201270224834,0.1318122248452981
1432.2146987308315,0.7576946136031906,0.06576327992694439,0.06938460925014844,,0.03968771196224745,1.5740985204500164,2.095357737218931,0.006487727767997089,0.10513262009542693,0.9796298956386762,0.026053135777684776,-78.13639070909048,0.0,177.95312588897323,0.05707859102187474,,0,-0.019593220985568795,0.025823856772079146,0.00658326552478743,50.20283756539459,-1.0673162025701588,0.28906646728731633
1432.9407192993697,0.7514955415262595,0.06661803517472978,0.06739466077881746,,0.0391333535088268,1.5731174357304103,2.1074319302785867,0.0064964616044261006,0.10719834994649949,0.9315424236739398,0.026403259845355236,-77.68067775520653,0.0,173.01063290071863,0.06278695934465485,,0,0.003001274398181008,0.02276129704249308,0.005547202577386178,50.07424597281534,-1.5214099589844168,-0.7104487030395613
1433.6667398679076,0.7600940874440452,0.06667050745782487,0.06707498852666204,,0.03942526602159026,1.5893680197561355,2.107176207629434,0.006680335987025149,0.10484537599682649,0.9392379151439779,0.025621338452756458,-77.68383926374679,0.0,180.76090810406816,0.063989291750623,,0,0.0131487939179425,0.021469481782853992,0.006617170382628326,51.053054353601944,-0.4681988572036736,-0.2505456790702496
1434.3831654509584,0.7592269196961153,0.06598535461640331,0.06828257516542965,,0.03998949793585117,1.5756140108754184,2.1196138524754717,0.006790977879825248,0.10812358427969859,0.9429728427896986,0.026332719785755958,-77.12707727559219,0.0,179.76383925492314,0.07242769060624786,,0,-0.007179386955126763,0.018505686881751814,0.003371289321647756,43.289982023494616,-0.19243711839055966,-1.3038437692476559
1435.115582676488,0.7529651612376066,0.0662665712522496,0.06726100853859625,,0.03960022427863353,1.5679136074834863,2.1264620286127682,0.006336134689766669,0.10812149178088391,0.9398758230045707,0.02598572879122687,-77.1111747351959,0.0,172.0560435612052,0.08899359310908009,,0,0.0023099535424865487,0.021572828685624296,0.005742531749908648,43.12489857930639,3.142992877286485,-0.37409597695050156
1435.8479999020174,0.7541231711422299,0.06737616086834458,0.06603325129543879,,0.039251256031747665,1.5797090999291266,2.177008068984894,0.00666625968470005,0.10702023000882423,0.9436110449561819,0.02687845368367277,-76.5007210624756,0.0,179.0612713913091,0.07163030616291458,,0,-0.0019149940558788995,0.01800934996500444,0.0057832569749156695,43.18782153275716,0.47721098856256683,0.21843723274628504
1436.5740204705555,0.7650039047544119,0.06809239343483058,0.06441664324475913,,0.039138969455392074,1.6070362992357283,2.180372327212791,0.006617570735854279,0.1561244128337668,0.9304441212918091,0.026356111843004907,-73.56728332560508,0.0,178.27725874686058,0.09299658080894785,,0,-0.011050627726231905,0.018890897161028975,0.008046973738352621,42.18732852822618,0.17063137630554093,0.13997849182212058
1437.306437696085,0.7611317025548247,0.06520511604192483,0.06532581265912413,,0.039193395057849655,1.5787592850862768,2.1763453623411886,0.006877582453641368,0.15641607103695143,0.9494786422009494,0.026567506786719413,-72.5062899744262,0.0,180.0380184420034,0.08338718852553832,,0,-0.0057997252591890525,0.02282926571274439,0.006370082808446952,43.91758150376114,1.620305477443662,-0.6066014647031401
1438.0452515786062,0.7655425995690867,0.06650602853597444,0.06640454713712872,,0.039971254376919486,1.5766872570135437,2.170501238493621,0.006753314717222873,0.15695405025943276,0.9703320771434765,0.025967897457078067,-70.9268542795654,0.0,185.01512444798294,0.08499145521661354,,0,0.004263093435849489,0.028294167691593118,0.009237650835341914,42.449965923469115,0.32850708849499255,2.9272309629580437
1438.771272147144,0.7738289638604353,0.06740776666786208,0.06627474283991515,,0.03970908708183651,1.5660798494512638,2.1176373023984003,0.006755899990407827,0.1577969184458597,0.9766745535913968,0.02612270255540194,-70.56589640504356,0.0,179.47166547885018,0.07122676773569167,,0,0.0037705356425078245,0.02007986026833218,0.01021888960085222,43.293597757331476,1.5690727071821529,0.41369975497795386
1439.5228793436481,0.7766379461646702,0.06722050305008058,0.06421337514532119,,0.03976121589826877,1.5673626885994478,2.0717515977036003,0.003508694661570485,0.15712754236261472,0.9877548823725388,0.026738786456095488,-70.76192703500297,0.0,173.92066319838966,0.0909142660195433,,0,0.0318138796038618,0.019839963840488056,0.0076742392711000775,44.121925999022764,-1.201406417367518,1.0168601741433505
1440.2808831971438,0.7681144231149917,0.06667431594871724,0.06512608643497213,,0.04032024064435591,1.5671974168854048,2.066178262354327,0.003394844649210624,0.15704170711008517,0.9805829662096308,0.0258500921477383,-70.43371720282684,0.0,178.15454632100918,0.08026578724190633,,0,-0.02755619832697013,0.023201671470878354,0.008283607859721997,43.56741017635939,-0.11857121986018061,0.4645240686905216
1441.0484820361269,0.7674252956296226,0.08162194603907784,0.06521235859013107,,0.03904447860101502,1.513355050765261,2.056870936978045,-0.00011938618782151015,0.15689985822939412,0.9901452251192141,0.026280764914834092,-70.11647071352625,0.0,181.19735392052587,0.08226264633218455,,0,0.005336868340380246,0.022602760598439752,0.009385423243480078,42.49865204876816,0.03371077267129369,-0.006486305709924185
1441.7936925756396,0.7695259080658051,0.08050918252769577,0.06704507190585181,,0.04038114343465061,1.529677985519672,2.0455495060975477,5.431705996386295e-05,0.15734917639856794,0.9750670534384512,0.026279278831302273,-70.21501280738535,0.0,178.4116761729705,0.08149352826741087,,0,0.00045384800694207514,0.019885356056485167,0.009624324559066021,42.899127135777924,-1.65137264988097,0.2179511490847557
1442.5325064581607,0.7630713523337657,0.07942871838537574,0.068695931912941,,0.03997194321585625,1.5482546327372164,2.044156198110396,-6.342683909344381e-05,0.15551464873859314,0.9959858473776653,0.026357414959460427,-70.12449702289682,0.0,178.8238049246516,0.06950774431839535,,0,0.01117965164320774,0.018953008976852332,0.011582560676993616,43.42345858217974,-1.4806860025614128,1.1543571955670664
1443.2617253551944,0.7652034487796389,0.07894658843428803,0.06768752515240771,,0.04043480847192655,1.5454347435428568,2.051070033797604,-9.95185507486591e-05,0.15629431061199783,0.9746931223459444,0.026631624810344433,-69.77464852100982,0.0,183.53614197167488,0.07528088694991093,,0,-0.01655732723910415,0.02124659995326507,0.008461522300250933,43.8697782229353,1.7930320274572038,1.5429635972368276
1443.9909442522282,0.7633203675909385,0.07974118601003184,0.07239994395922579,,0.04056154282383575,1.5160500209959593,2.0443451709157174,-2.7898675736313533e-05,0.15801193482616344,0.9897455306266425,0.026104934125959156,-70.10276012131067,0.0,182.11611117081534,0.08466535522164705,,0,0.006000378658638796,0.023863733396980256,0.009029422563753,43.18845884671951,-0.518215225859632,0.6881040062485697
1444.7233614777576,0.7697428495258525,0.07759452943236783,0.07463328019572762,,0.04027644811911734,1.5271628854842596,2.0461696249910006,6.680994483028204e-05,0.15663008837801548,0.9849071904724936,0.026857618592742848,-68.6293112441553,0.0,177.29540454702538,0.07396994411671183,,0,-0.010295830732965935,0.026644475838384904,0.010406433006942266,42.74577023036119,-0.1591899429752327,1.16601987778337
1445.4525803747915,0.7586810221160389,0.07991738273589179,0.0744785504682621,,0.04020827965995894,1.5175571580616891,2.0477695254517694,5.101607011158901e-05,0.15609446678088687,0.9872060540410661,0.026712574405199575,-69.30503287155183,0.0,175.44775453460858,0.09241728392485819,,0,-0.011549027657586993,0.028559918221405016,0.009285247784175686,48.839084174655056,0.2646208065409174,-0.06992714324968682
1446.1786009433295,0.7568954136918822,0.0806615186358424,0.07704774586571841,,0.03997256668644106,1.5285904257956207,2.0267871258226546,2.7584815136431544e-05,0.15667444544242093,0.9779906151984099,0.026390130809887648,-69.00091641628259,0.0,176.69545028502455,0.0848147817839435,,0,-0.026790484873502985,0.027345775006605254,0.007840846168713946,49.94226053587155,-0.33122596380362423,-0.16805489704732157
1446.9142164973548,0.7640446783972401,0.08065261479565038,0.07629653273531656,,0.03991873535444556,1.5213452216546302,2.032900932587713,3.880957663911127e-05,0.1563865518237099,0.9698696408447164,0.02631166463644208,-68.64700534359369,0.0,177.76221791964346,0.10228482713829759,,0,2.4806648205403516e-05,0.02495564682222496,0.00593405822420609,50.113634323391366,0.886088052325276,0.5085867055770962
1447.6338404089013,0.7587065953737443,0.0812444879613247,0.07905463300879745,1.0900899103243007,0.039668657396285,1.516251612305847,2.021079557304081,0.00015409751046966888,0.15566566796049947,0.937907257708578,0.02600108129025442,-70.17098138809072,0.0,179.61323120408755,0.11572995731582156,,0,0.0056512716788802994,0.025057493493633443,0.007604231805495407,49.222485644711114,-0.04565964336920363,0.5654031420290182
1448.3598609774397,0.7606736573614317,0.08105042141615003,0.07864405404021538,1.2968884664045268,0.03861082084777232,1.4951393415579453,1.9673552389752376,0.003442240149053232,0.15587154966701797,0.9238462305619027,0.026876560349769957,-70.51026602886465,0.0,180.56252082994104,0.10524757325086886,,0,0.014207518068688132,0.027915616738933027,0.009495472756594523,48.91484319421329,0.6376712095826332,-1.281071851205742
1449.0986748599607,0.7636198233826428,0.07841334441661252,0.07844387096222069,1.3819001820159014,0.03884222542934278,1.4968610334992978,1.982017352315123,0.0031885458882794796,0.1573514079984458,0.9160032159540428,0.02690271649050112,-70.29063134580353,0.0,179.2575496886349,0.1104877404424041,,0,-0.020787526292335896,0.02330557584368658,0.004214624241072135,43.58565664698532,0.72815735269278,-1.741938047381213
1449.8278937569942,0.7554084253334441,0.07827314845944958,0.07927038616131363,1.5298356103964499,0.03916591033916856,1.497558941577366,1.9769283075249706,0.006887714129081544,0.1563981945414027,0.9235115916503893,0.02694450074415458,-71.44600986281417,0.0,175.6163221251347,0.12026556110987734,,0,0.0029160769478634796,0.02624468267018803,0.0036469069149609743,43.58267393109051,-0.20618613974400585,0.4310500049989394
1450.557112654028,0.7715100714980888,0.06154548447461781,0.07808318811656953,1.586270744840935,0.03780993617184073,1.4918367244944104,1.9778779161611255,0.006540905545003317,0.10142190593338492,0.9099579317650467,0.026647879707742406,-72.86181784876378,0.0,180.52629995021843,0.1070719083862506,,0,0.009440605520507014,0.029080813472697437,0.004980301586841115,43.82181530356629,0.5134340868790815,1.1099261529329285
1451.2863315510617,0.7721278562059429,0.062415435033720115,0.07853838534030579,1.5968529785516852,0.037848747750257684,1.4957809683934231,2.002715351490736,0.006605971535045812,0.0994593391297123,0.8898362172445634,0.02645241427246796,-72.28528189227717,0.0,175.7742157616836,0.11135678451922533,,0,-0.0007818539939697846,0.026913965994588514,0.007189988991013804,48.9405465041695,0.6831328442126241,-0.6924550220671007
1452.0347404190702,0.7849339403267293,0.061703749418364436,0.07958609472566856,1.5633437704963613,0.03641355098043376,1.4927470419005797,2.0345137218689158,0.006604173779474673,0.09927808953596214,0.8869082954706516,0.026572700911080625,-72.23528695339617,0.0,178.34428218564952,0.1247325660965943,,0,-0.01381183350751207,0.02381710171593877,0.002335502685053441,51.017410837560966,0.12716607065333044,1.0783196686688346
1452.7863476155742,0.7857258825261121,0.06426334473977345,0.07647942861583899,1.6242076602531785,0.03690103992301402,1.5866146612544927,2.0574795864777813,0.006573641517598018,0.10126615881077752,0.8814172506378439,0.026983678019292297,-74.70996549797796,0.0,176.14728892337894,0.12135754618796439,,0,-0.005989958130607564,0.02612411548673319,0.0021279843085694654,49.562512256466874,-2.95274044959961,0.5291286724409165
1453.557144783053,0.7941577484993582,0.06305395649174877,0.07414727572526347,1.6249870552225019,0.036749508493748036,1.6022962169341939,2.17783280925036,0.0068181847920373555,0.09846935966163371,0.8807773892683597,0.026622589982159068,-77.09560644689054,0.0,173.89635797115642,0.11444132661174931,,0,-0.01241966976898662,0.02417108233705699,0.004351343633736813,49.81901361900762,0.5681567358762619,-2.227069758164619
1454.3151486365487,0.8033921242001794,0.0635091571247474,0.07155644360843326,1.514655909528243,0.036754617416058996,1.610125255618707,2.2277264284190057,0.006740984511173198,0.10029692406848735,0.8983809187877744,0.02709081418061562,-76.53790943899624,0.0,174.98638172985827,0.11560496297217804,,0,-0.0018038046190294917,0.0216393932932296,0.0028964611860105858,49.90801411476793,3.071601128191418,0.6053706061611108
1455.0891441325232,0.8043816826229521,0.06459627984711656,0.07190961142968719,1.3620031258894587,0.036565320873502664,1.6009202196815606,2.2300484213480423,0.006648787991358007,0.1002915371576381,0.8921608281005712,0.027241915567814513,-77.78453829333834,0.0,173.61679282656104,0.10693447988044653,,0,0.01333456951644,0.023310704639591385,0.001648321775868572,49.33337227347427,0.2276221770718186,0.698760173203804
1455.8663379569932,0.7989131268756149,0.06197996610741558,0.07004027046363637,1.3900803106678952,0.036915867181706474,1.6993680744780215,2.2867900799496303,0.006717440548402454,0.09983519545043115,0.9010754470438783,0.02729886796472234,-76.74310243218271,0.0,177.09320358837456,0.12210225648151142,,0,0.020603769022092523,0.025961010959755167,0.006078993539457609,49.51827309985104,-0.5453300049783089,0.48141690105544127
1456.640333452968,0.8093283279426581,0.06255185691583373,0.07027540351827635,1.213303321692298,0.03650978044421585,1.691487986997746,2.3497437463195454,0.00676366239737925,0.10339308858556027,0.9096336605045633,0.027396310844696785,-77.49335392692306,0.0,178.06683704400928,0.12284248149953957,,0,-0.011633293013623666,0.02270827149509346,0.008055790451132513,49.619491571567366,-0.14967247364493694,-0.0436359519737425
1457.4111306204466,0.8039496228780264,0.0633480939185707,0.07159901014451907,1.1020772567066153,0.038534921637229706,1.6884186799943406,2.359532578649646,0.0066825903238418045,0.10444013031387787,0.8985812657996971,0.028193284475057128,-77.22227442352106,0.0,177.46789524332186,0.15257579677724029,,0,0.0001589152836637288,0.033720654250245424,0.010687781312862606,51.49776476253102,-2.006563130645808,-1.2331584289728086
1458.1787294594294,0.8092829557907647,0.06261805409072536,0.07000021667164726,1.0809443449373763,0.03899357518943717,1.7319981771992141,2.3762046072842105,0.006786719544342397,0.1015912712377401,0.9109869594604698,0.02702944316873694,-77.08695508244149,0.0,177.2728183559313,0.16085694494135547,,0,-0.005785688163263178,0.035544191200357914,0.014982484239899115,49.848215848863,-0.25634678824778045,1.7406378559596978
1458.920741670446,0.7993922877150444,0.07887950832754961,0.068839169813781,1.0405747009803983,0.043701439926455074,1.7484706455594266,2.523824053139378,0.006652453847058461,0.10346671548525342,0.9017779606874462,0.027239282254333357,-79.96691541466797,0.0,176.33048292001348,0.15666650556382006,,0,0.022891018903785802,0.05450022172253398,0.015251841293421919,50.3615533708601,0.6419274921954863,-0.2342868884915609
1459.7011338234122,0.8022888104947237,0.0768914028712443,0.0699801603106005,1.0368631689583983,0.046646183077970846,1.7460915122156817,2.6517311213976136,0.006621185976131158,0.10380005475987623,0.909518927527879,0.026150985184176686,-79.82072140824246,0.0,173.0735821162188,0.15731552272234292,,0,0.012697706792585419,0.0629942504192995,0.014853747358710805,55.69396254175076,0.3937980793717816,-0.06258877891838381
1460.4623360054036,0.8053597472402276,0.09882107506011133,0.0738504813176389,1.0006390573617945,0.05317245644214121,1.7507994880153532,2.71966344348127,0.006590128053837668,0.10386614039235183,0.8902683385473854,0.025790227865549922,-85.11081394692684,0.0,172.40725560772958,0.2035359266169275,,0,0.0055879644334441165,0.09081614272205098,0.0371857764303202,56.97819445672026,-0.17340012874447963,-1.0660202539614314
1461.911178813984,0.8061348929791357,0.14933982004178795,0.07470453648608483,1.0118096501085678,0.062248826644468715,1.7262243539744895,2.720130097991723,0.006560861074835142,0.10315285120861399,0.7644148786351684,0.002440608330060523,-95.53365686056408,0.0,177.870835818523,0.20411139661606167,,0,-0.009612636622949741,0.09539760912752655,0.03626730182473056,58.94095105746344,1.783895755986233,-0.2284445628980712
1462.6851743099585,0.8043099666309557,0.148960618399657,0.085599986661352,0.3084632493532637,0.063723198740285,1.5749742508338902,2.711289850451252,0.0065635391450696474,0.10326121271473479,0.779555674667901,0.0011101135897364242,-98.26614023050512,0.0,182.32171107645559,0.26321742826021904,,0,0.03386518175351976,0.1013935581511604,0.042377330585894844,57.638618967113075,5.433295569427509,7.461192198078041
1463.4271865209753,0.805184709067001,0.15054729469128872,0.09339686124913145,0.30783239872945656,0.06393695491532204,1.5762234936310051,2.683875124647705,0.006837447991406691,0.1024653490332776,0.7311063349942185,0.0010039159686539478,-98.36608832338142,0.0,181.61759758299655,0.31742056724862483,,0,0.037574775554864576,0.11761936951256173,0.04427620836882157,64.78237129864513,15.085015176412366,15.066631031192447
1464.1244221330514,0.8057771835066297,0.1494343818206087,0.09754014018998802,0.34885402042025915,0.06423901046991579,1.5801631839487995,2.659896801246312,0.006550004111845227,0.1040866176967616,0.7539944950678248,-0.0013101067373524435,-98.46285673236594,0.0,184.84234314178775,0.29157999164553705,,0,0.04261388160066362,0.11796049957095776,0.04255230509252669,63.19142338367422,12.98871854708258,13.939778542363744
1464.924004256992,0.7976945442499878,0.1507746598041754,0.10484088548782018,0.301428824189735,0.06619180871499025,1.5749040423451501,2.598923670105439,0.006829111419550344,0.10277604603150894,0.7617662643264251,-0.0014759129366484257,-98.09897643724611,0.0,179.30881338698492,0.311711173273885,,0,0.036759865009417275,0.12061197808745282,0.043962772647001803,70.67133671403688,15.022218208191413,14.623249071692628
1465.624438197564,0.7964916988667058,0.14992797364053057,0.1142212936924072,0.3179521232216547,0.06620798140046637,1.56782432489603,2.4762606191220202,0.006651416365078622,0.10220750845119314,0.7742659296863799,-0.001015607734346907,-98.07086349974158,0.0,184.54318263621474,0.2971997544892814,,0,0.018743817297655976,0.11340102055897888,0.04585120342777874,71.77168427279227,21.804796582782394,22.389374363937645
1466.430416978496,0.8074824803640488,0.15128405618393675,0.12237046782005483,0.2734768677958833,0.06580776384952747,1.6092439427563199,2.582227051275398,0.00648534357206263,0.10373531912731787,0.7794614495482399,-0.0014424771891495241,-101.21138429816978,0.0,177.46680322846797,0.32295724698104233,,0,0.02012274960417029,0.11766517887744118,0.048045492085117,71.81668267544651,31.308973636997614,28.969154296818516
1467.2108091314622,0.793411913505868,0.15019252836055236,0.1298710188331777,0.34552605170661715,0.06626184940797245,1.5688099713424024,2.4976089316503787,0.006801363324821541,0.10409130612012579,0.7462457141865029,-0.001084831323148809,-100.34997929691495,0.0,184.71435308370272,0.3114838782819419,,0,0.04001696595239654,0.11462329664635564,0.05094794100106391,69.50525931307877,34.44247873451738,36.02351424989077
1467.9688129849578,0.8043505443811173,0.14947662663462913,0.1325174637424064,0.3141164479361596,0.06604453853824886,1.5729972654246138,2.477159467195842,0.006690293743419838,0.10404948540228728,0.7720676310582932,-0.0010995284685766326,-100.08099815474432,0.0,175.9720892733931,0.31164923168814557,,0,0.039965985636236184,0.12379620897772527,0.052030542200554364,76.7905339834916,35.07589102762054,35.09035679336016
1468.6980318819915,0.8059880439734098,0.15171346771279035,0.13206652095763827,0.34145366784774783,0.06568020065964024,1.4931615435296424,2.451722377236298,0.006697728872838047,0.10241694647681232,0.76084572200345,-0.0012379572495304705,-100.69321726417972,0.0,180.9873254718197,0.3168412580551028,,0,0.04348703962913581,0.1114295002087638,0.05186074352982741,86.26704837582557,36.575491661038285,34.86914706616031
1469.4688290494705,0.8070536313369262,0.15037760139457204,0.13640514038896157,0.36035066771886676,0.06625951115681622,1.4916200726027578,2.465124316421457,0.006704128929791053,0.10221054577112762,0.7686503462309918,-0.0013607153893121443,-100.17007950390774,0.0,184.8354353943777,0.31917433381657484,,0,0.02788785824683209,0.1162315036973484,0.0517292842071647,93.82009306344113,36.84760245099505,35.258772036207276
1470.2716095019064,0.8021387674957391,0.15002448159640477,0.13798951856217387,0.3912583448576965,0.06696680429316028,1.60294677180774,2.4750799677564195,0.003320643930858867,0.10347759959751147,0.764789184574704,0.010589233525857045,-96.6637008200506,0.0,185.7921313666956,0.37465024460174573,,0,0.03433138706247856,0.10899760981429056,0.0506815290242892,99.88983526887154,33.51830814515334,36.16484084256677
1470.9816384279657,0.8015074538734281,0.1463714178551037,0.13593681706872957,0.42876436049996447,0.06635183329966285,1.5990756687225458,2.4554133414874655,0.0032937305021640364,0.1019057251753934,0.7673375413199494,0.010480081377441294,-91.94355210926311,0.0,184.55348413667664,0.3788051525572485,,0,0.03180637454874774,0.11100856962218356,0.0548584639226157,99.74364968230522,36.689837140487064,33.95190795710479
1471.7844188804022,0.7976663076813413,0.1457889565588981,0.13843937293899705,0.41106690533970996,0.0664451835526962,1.613191699917344,2.4762659412561443,0.003474395708514799,0.10250665201910863,0.7578731473373403,0.010474566670157528,-92.28386348968297,0.0,180.68355931397764,0.2965983185880651,,0,0.021979351143212367,0.1015796473008153,0.05075065222125294,99.2135971856864,43.55457683031829,34.50445812441149
1472.4976461349572,0.8103881466670658,0.12949614583943145,0.1378119905351739,0.46062593673424856,0.059354773135615976,1.6872821747562008,2.4842133113131655,0.003326011191729803,0.10247691306482606,0.6956766728136312,0.014967514390889692,-91.26174904830127,0.0,176.71170092069406,0.41608778182758105,,0,0.017690584707544692,0.10039123368380737,0.047900139364188896,100.15330869119855,49.59944363459145,36.16722222609525
1473.2684433024358,0.8075459582634812,0.12771921273056958,0.13722868157881543,0.4569408847198168,0.05857293628800981,1.7153274220478298,2.526871964848083,0.003309959625888356,0.101865495559628,0.6893310074994743,0.01819641461278295,-82.59800909045184,0.0,177.58661210187017,0.3838952182253832,,0,0.037759057283526715,0.0992654052752045,0.04756614055354664,101.00535900013388,51.50225069333616,29.20600054255231
1474.0104555134526,0.8048761677495317,0.11231660855377434,0.13618855687639211,0.4621849087732848,0.05733138085859551,1.7765958677644227,2.5335473095141334,0.003239660446313318,0.10346429790675796,0.6710223834211496,0.028744598505562685,-80.96098048694991,0.0,183.8284889172897,0.41821434238463107,,0,0.03556259854896167,0.09226861114692982,0.0476815555282123,100.94365957718476,49.70472911304421,28.109352995676375
1475.404926737605,0.7828735242488072,0.11707309346423822,0.13412639822264938,0.470046932424412,0.05750892890069967,1.7183536619489095,2.3833129882376474,0.0032995934321162707,0.10253472650451159,0.6811312972052671,0.0283406078646981,-80.79356626978283,0.0,181.38561270052674,0.4043997707491765,,0,0.0448092668082175,0.0761194160279453,0.047572764252371245,100.45058567860265,50.10559343861262,27.757474700766277
1476.22369883252,0.7844936646837186,0.11448834937365603,0.13363680015814797,0.5338191020481,0.0576411243613384,1.7878891731419972,2.5405295591854102,0.003249077601147572,0.10457840836048446,0.6613286831867112,0.029428784809684857,-80.98992235930572,0.0,178.08400214752604,0.41700076601422315,,0,0.022625193978273953,0.07221910047267822,0.04743714454668931,98.22310944892835,56.6496861715099,27.699095586359153
1476.9721077005283,0.7803555220663453,0.11461528304674005,0.12661351709745333,0.5835866168782726,0.057614928904474214,1.7949660318098182,2.527320904471453,0.0034012431455843106,0.10423723164902192,0.6629257567793281,0.022836938935608276,-82.77530241444312,0.0,180.0467344023002,0.3978610225123067,,0,0.023478755034900243,0.04561029690023074,0.046061297028349234,100.1857009192,57.92300328175629,27.27297386114992
1478.4689254365453,0.7842410712550953,0.11369080902289866,0.11405488695272369,0.6033826634504557,0.057626395198244994,1.7911496417002286,2.54282342504462,0.0033832870024725127,0.10149556098123093,0.68231923620572,0.0226934063749873,-82.31485012958436,0.0,183.20400473483915,0.4066692565136662,,0,0.04437370103069799,0.048366612038480875,0.04695485187104764,99.76873523388703,57.52141246515811,26.28184538995872
1479.2045409905706,0.7721849275345473,0.10531006797048582,0.11468302430210889,0.6492880300707086,0.0572035582505113,1.720753449255744,2.537280366960117,0.00324741208284166,0.10902463093624977,0.6521808649497957,0.026404838976155264,-83.2094184558032,0.0,181.64437807868006,0.4009342907288699,,0,0.07275557092268262,0.05137298852423599,0.042608793859583334,101.65893181779859,58.22652755941619,28.234215103111307
1479.940156544596,0.7842221225081175,0.10795872842165016,0.112058024724266,0.6183706954726569,0.04967156369382505,1.7093888755614104,2.532101318560835,0.003342017231405204,0.11098475885633928,0.6467970282960528,0.026203376485656262,-82.9282019981798,0.0,180.8606542223225,0.37409169759155486,,0,0.06634288462305457,0.054045121800909306,0.04616165878791693,99.1164114225538,64.42659321616209,29.27954524725035
1480.6437888136636,0.7641490253133374,0.07631862711514885,0.11133794949863063,0.6081784634587769,0.045781096268596756,1.8042500961836798,2.529426442910307,0.0034328205811862116,0.1106368934212663,0.6020726225912895,0.028762456882571653,-77.7335483553076,0.0,186.29706520467448,0.2525532234616621,,0,0.05262880721274841,0.048269618529320324,0.04449287782856663,91.62854248042464,64.4563394232675,28.321729554757443
1481.3953960101676,0.7640872617138419,0.07533224875688414,0.11113893937356747,0.6354248314009497,0.04709354054440598,1.7217915417360203,2.542257487853162,0.0067011219125802015,0.10884277579184765,0.5938299992549698,0.026349352140698896,-78.40147313562525,0.0,183.19849633217297,0.12981469077522595,,0,0.04626907333612937,0.05260776415160976,0.04251709376459698,93.11138059172318,64.52045151217999,28.218960857099148
1482.131011564193,0.7686298269612248,0.07486477475784185,0.11105836224306143,0.7152279099803933,0.04609027341007492,1.6825778426083473,2.3640443452685185,0.006753045688667962,0.11127089161286259,0.5902932273532904,0.025029915666767898,-81.04094723746071,0.0,185.83782431014615,0.1186102171035355,,0,0.07449088049678121,0.050185876538979386,0.04411596992228227,92.41363232897257,65.38723695117903,27.832021140336643
1483.599044343748,0.7607939367618821,0.07448124794183589,0.1101030650746387,0.7579863806490914,0.04241856347878765,1.6300777596998657,2.291227377584661,0.006609507140557212,0.11068445221674028,0.5304878423071607,0.02408463707629039,-79.3831903605304,0.0,182.5024200551805,0.08888517539589331,,0,0.06719064636543778,0.06564904581167491,0.04349248828407103,92.192149780863,62.97909350070675,30.49667128829613
1484.3314615692775,0.7639166375615681,0.07239203255623448,0.10665179846523827,0.6886322649998782,0.04212063117110818,1.5902738999111212,2.082717596002987,0.006720232019973329,0.11041973129943093,0.5276214697904719,0.02439223506890849,-79.99490856888745,0.0,192.52848913895372,0.08997468323633785,,0,0.08946631846884408,0.055521279560411814,0.0422494994861412,93.69190544453625,65.4730418627889,35.65919549310245
1485.0606804663114,0.7637618938738235,0.07405136636414555,0.11006685070527931,0.7143825159221059,0.03990447033707912,1.5813360098853784,2.0582404377254218,0.006878320640948862,0.10949040891529058,0.5111141466195859,0.025037280101729342,-79.92633604636309,0.0,184.00529567621578,0.09083455636536655,,0,0.08046724384619353,0.0661889925854403,0.038228092991028764,92.0262902405488,65.72081171034122,34.96887772183101
1485.7962960203363,0.7711050989165298,0.06825797062588687,0.110180902117562,0.7618807550949108,0.040022269370984305,1.5654717982007558,2.0610375547005892,0.006500672450783038,0.11016604950519443,0.5032951403344526,0.025282503109051144,-79.14338721980062,0.0,194.1382420212375,0.09064084932347255,,0,0.0801536453628506,0.06550187280347028,0.03653505706980327,86.39469724191443,64.4295666199756,36.00006960747626
1486.5319115743619,0.7628495509062373,0.07027266292768766,0.106330635983866,0.6899380612121802,0.04030647445257561,1.4961351189228238,2.0357328902526546,0.006506315474691585,0.10873309697275192,0.4987687692186002,0.02565744018108093,-79.66328713702315,0.0,186.8504845679368,0.1053702398017428,,0,0.109456621340753,0.0840778643160525,0.038013044492218165,77.9911549027026,58.605213892122165,35.90685205485329
1487.2771221138744,0.7731782835484484,0.07155612556333187,0.10686238111012619,0.7432606773124569,0.03996723985405736,1.4898920995350209,2.0334643434298587,0.006534079000977432,0.10925341057073355,0.4997453603446966,0.025321887928123017,-78.41135661140638,0.0,185.3892535523228,0.08278146614689633,,0,0.0861264838772122,0.09412457643505512,0.03649636287404159,72.12187983233137,56.63328258028154,34.89627596212737
1488.0159359963955,0.7766634157095457,0.06967835252939357,0.10613257759646508,0.7305951022534507,0.04003107454803321,1.4951359901984482,2.0333429619271284,0.006446609835944786,0.11144951384304036,0.507969186699077,0.02567358176274445,-78.56875905378661,0.0,188.96770028408002,0.10281565589240367,,0,0.1089029358880551,0.10460063442539541,0.03140213436787142,63.43767035395764,48.33618898846348,35.13610681018781
1488.7771381783868,0.7834192136212087,0.069674319699537,0.10418788311992733,0.6416773122649313,0.03999910805248995,1.4942675387079802,2.048554288642482,0.006496706935344303,0.11000122081876701,0.5071373580045875,0.025494100373759754,-79.59695058775426,0.0,190.53860430568935,0.09515365498920507,,0,0.06235875000175206,0.12208394589431545,0.03006613855236714,56.084865069799456,42.34631038923329,28.12034418516501
1489.5415386888742,0.7960686410351479,0.07019391463232993,0.09959808224706722,0.6411453541745163,0.03942081252417829,1.4644414570928102,2.0060226606547302,0.006726381845426937,0.11115579291748107,0.4996327335225147,0.025409915369465148,-78.08381768464969,0.0,187.91629472990647,0.11320769212725276,,0,0.06722913937814386,0.12182750715591627,0.031002323607781067,57.77094067613214,35.99214362775063,29.825097372704928
1490.309137527857,0.7956016002517811,0.06921967377828996,0.08744509176197626,0.6689319108409985,0.040088147007867836,1.4910462620303726,2.0169196720750797,0.006601831026676973,0.11137222385747689,0.521161092856683,0.02545068344693362,-79.46844617404271,0.0,193.68023133387604,0.112140322974548,,0,0.06036467476468813,0.1206251851554778,0.021666573650495985,50.311066548926966,29.41448681474253,21.23323622713587
1491.0639430528568,0.7913784705264261,0.07001111197987171,0.08739966541168002,0.6401440766701477,0.03894028793031302,1.500909711888191,2.0338005019421086,0.006815084502451229,0.10976856179020886,0.5383951218500992,0.025014781273697707,-79.11696922390581,0.0,189.38222602202524,0.09951873630200198,,0,0.04430632229539049,0.1236685800446596,0.022724057199635973,49.05290674334512,18.00236921803056,15.001502774540239
1491.8315418918398,0.7939765550179256,0.07113067910518095,0.07542411891604105,0.6586603792591439,0.038670956499176436,1.5222843189628914,2.053084119519016,0.006545028989276713,0.11178109340653952,0.8256494400393164,0.02555079054487328,-79.10376917822396,0.0,189.79160097739717,0.12240001529314049,,0,0.021247171546693235,0.12382186860666991,0.020934256723509286,49.923641044059906,23.00457665445058,14.150836403134292
1492.6087357163099,0.7951740694803938,0.0702311310087336,0.07753792278797147,0.594464624291224,0.03894971195051636,1.522950433924958,2.042978664870001,0.006633785086975408,0.11038792892515797,0.863396136534522,0.02568271683860393,-78.87893155957968,0.0,186.60949621629948,0.10870296330109781,,0,0.03326647380018722,0.11896378412004241,0.02115437683072393,50.494467069730774,20.19442580253366,14.243232989165836
1493.3699378983015,0.7901095024176379,0.06869372310826301,0.06944280902126575,0.6632058487844684,0.04002710205935297,1.5209344614900115,2.0394667169756806,0.006783943835459454,0.11078805272728698,0.8966766378833779,0.02522530349971239,-79.07715909639857,0.0,192.0893777856469,0.11312839658348346,,0,0.033373832824127196,0.1031203261387667,0.020527925405384454,49.72008779087958,13.657384168308809,15.223019198172642
1494.1311400802929,0.7856974460120817,0.06957778217512317,0.07019750174626131,0.536756531356285,0.04030375815393256,1.518705256470353,2.1167126435859034,0.00674101002433256,0.10807861497541472,0.9460698111574486,0.02575415721288889,-79.18842345464729,0.0,190.707025595437,0.1211314258475482,,0,0.04146800820618911,0.05474487357014288,0.015113074585309047,49.58276201760629,13.496952744002213,15.530942636193272
1494.8763506198056,0.7959468752574639,0.06819214845973764,0.07088317505546479,0.5571896403912385,0.03990282648603986,1.5261374189833044,2.107059049787923,0.006527538644676442,0.11009157403316729,0.9434060741518782,0.02543546536052281,-79.48431546260618,0.0,195.883139004393,0.10479902808898976,,0,0.04090347385242345,0.024704606680685488,0.013397168733158656,49.7107334441572,7.5137908014130605,7.444802138415449
1495.6247594878141,0.7893021735612329,0.07012576138532899,0.07189062020545653,0.4714906990798969,0.04012110618440029,1.5188718362914368,2.0225865151865725,0.006782239989237875,0.11142201264017414,0.9659129763676765,0.025675567675533632,-79.1578257876454,0.0,185.8334960387819,0.11158760475462472,,0,-0.009109738051696422,0.031483695960448255,0.014537796556565678,50.53402013252965,-0.5641708446046068,-0.6935254643021689
1496.3923583267967,0.791353397443869,0.0710480941248266,0.07102168701933612,0.46678964199620626,0.039125776880156095,1.5128895438545016,2.0144371395853957,0.006826989424314162,0.10952354065161525,0.9571444213788215,0.025660406374373362,-79.47945645703709,0.0,187.4157081984395,0.12539511786138763,,0,-0.00455645985347592,0.03219181696590725,0.012841676270699902,49.960802908121444,0.6725629895381037,0.21171419444440462
1497.1535605087881,0.7848859290291323,0.06842961873632412,0.07117943836056267,0.44174038068516314,0.040074845021725494,1.5377984654558705,2.0204118970296348,0.006642757759111258,0.11019135673069749,0.967256253641807,0.025610964199483045,-79.82425871302956,0.0,192.12032438319605,0.09819113200639996,,0,0.013560257726634651,0.0246813018719285,0.004070114353615392,52.036257056119915,1.087018431721836,-0.1772631967176237
1497.9019693767966,0.7959696734294255,0.07096916825553594,0.07011133626058708,0.39471360932960814,0.03980437084260918,1.6044884883223667,2.1164248265918273,0.006668339604094966,0.11018603464805138,0.9681806170894738,0.025576162225822267,-80.44021461336227,0.0,193.35060262448016,0.08254545260155846,,0,0.010292942388028163,0.02980597171928894,0.00567621018888469,48.87024563947125,-0.2960114824478176,-1.36701230780445
1498.6663698872837,0.7860979982655736,0.07100500047233083,0.06764260358762637,0.39433553979701363,0.040239115679241294,1.59725007176746,2.1100746608331025,0.006406928631677512,0.10981419242761015,0.9712929373251207,0.02661920688826389,-80.46282457273608,0.0,187.05183002726557,0.0982493649579303,,0,-0.020120889903239448,0.02459010434808271,0.01055243427384384,57.40315391597114,0.7100415369973565,-1.7383448554371623
1499.4371670547625,0.78594810937942,0.06670958189427142,0.07141632823241462,0.3641177085069757,0.04026695239710414,1.583646807239572,2.0044760823596053,0.006567230615950446,0.11015505841516227,0.9710792793799408,0.026508036780414423,-80.90805810872641,0.0,192.4989060609391,0.09186058080112258,,0,-7.560920182969158e-05,0.026312580186988482,0.009341714955299276,56.60995875338125,-1.79097087197747,-1.1127238076109067
1500.1919725797625,0.7917199480617578,0.0680711051871555,0.06893070390997663,0.32224887810559333,0.040214778913247234,1.5808483016118047,2.0225139761298743,0.006763765995718303,0.1097787734416436,0.9632276439982344,0.027129149375831767,-79.79077894915514,0.0,186.45630109940856,0.06433816239215776,,0,-0.0012855321702460972,0.027862510738512224,0.009287165438172984,64.2760323634285,0.5199299203906957,-0.24739322815208806
1500.9595714187453,0.7869089302729596,0.06872050011907674,0.06850985744631509,0.32924458032545545,0.040984363647875256,1.5805658007005048,1.9988159937308478,0.006720024578763754,0.1106204198257174,0.9723998070902824,0.026475145434499886,-79.96030815759858,0.0,194.60671280237915,0.08039582311824087,,0,0.007095068363063812,0.03022653038278786,0.007374307037151091,63.03111946797428,0.5465087213434312,-1.561535838052931
1501.7175752722408,0.7790592771618098,0.06920538744559541,0.0678637494243492,0.31609148533968084,0.041206108226413046,1.6110375424023742,2.1280249596560727,0.006585406906536469,0.1084404786602363,0.9825707543254345,0.026404787017459092,-79.47902421193967,0.0,186.06292466359923,0.07425134848394177,,0,0.013941345496432337,0.03515347368161095,0.009578178893492986,64.25462599176873,-0.971070727778099,0.12870979401863036
1502.4659841402495,0.7776321085221299,0.07145063174216161,0.07029262211977899,0.24323069948955492,0.04129251074299025,1.5893770549168744,2.019757511190998,0.0065577112544147635,0.10977301458208195,0.9629879490847075,0.02620482914226719,-79.81471005918583,0.0,192.60808783773484,0.08019769918768715,,0,6.528042056327203e-05,0.035492236321964174,0.009236071906265658,63.5262137402292,-0.8447941683723474,-0.3910083939490234
1503.2015996942748,0.7669153550079046,0.06877605001625162,0.06885802597074178,0.27719352155952515,0.04093046392155158,1.617744405550694,2.128809130240768,0.006447935869552397,0.11005298115304349,0.9658534325814919,0.025651903660095763,-79.7591392153339,0.0,186.5114184948757,0.07775737280689311,,0,-0.0038531768981752796,0.03564173854480459,0.008908376833765578,65.16681410887412,-0.7566983342125556,0.16665987222861042
1503.9340169198042,0.7707299182146199,0.06866561937912104,0.06840580168426388,0.2639017054225153,0.03997067754172276,1.6207525704473356,2.098638368724033,0.006630364617902712,0.11015756020029165,0.9483584659493056,0.02606270661489333,-79.57138751100292,0.0,191.4330804654203,0.07450557601951671,,0,0.010694659498987763,0.03733508203628584,0.006457795014590043,64.61336797440435,-1.351972162802456,0.9362798131714484
1504.6728308023253,0.7634163483089704,0.07076641606942198,0.06952019505153231,0.22109868656679146,0.04020669382372985,1.6336543975650026,2.215623906829729,0.0066222256887327165,0.11045913159812502,0.9547759383485335,0.02559954962617978,-79.18102859455801,0.0,185.05315262721632,0.07168374634117583,,0,-0.004642096791962278,0.03682519078515225,0.008928099080892527,64.79257390652423,-0.14699046599036378,0.8443204860784225
1505.4116446848464,0.7681482549255965,0.06985694480651836,0.06796308164579597,0.2617803727409896,0.039766948557163735,1.615440707702373,2.049081364947187,0.006703667411022563,0.10345225409770159,0.946738867883002,0.025804809596691698,-77.99014602567026,0.0,188.66212492531253,0.07758927229141693,,0,0.003921433548629943,0.039101726328258056,0.003743586712117627,65.1047145031401,0.9273574064421934,0.685795333892935
1506.1472602388717,0.7742148019550981,0.06566255412904437,0.0682008170427878,0.24047460155824985,0.039815669153572465,1.6104621939865926,2.0801519238733492,0.006858393084639972,0.10302116709186898,0.9629092348755219,0.02597846870725199,-77.56001285855919,0.0,187.2261201643432,0.06901776658121508,,0,0.01064718807119619,0.04276806528110563,0.005976825069393397,57.34652344797805,1.320110655049046,0.7842608872984882
1506.8860741213925,0.7615881899205859,0.06678253767070641,0.06997014135419641,0.1861253695538141,0.040012480897626955,1.6429107460078687,2.1990106160326492,0.006712974269916006,0.10471001360280373,0.9433515733469484,0.02632421072885715,-77.96568519160827,0.0,186.36290241254193,0.08285139000331512,,0,-0.012782164361050374,0.043317963265196255,0.00986291860640786,57.851104176738566,2.1180594614169403,0.12895647783068429
1507.6280863324098,0.7709301750794892,0.06658117305728604,0.06948922605867418,0.1782784148576824,0.03995383161676966,1.6531061359030714,2.2020599075366785,0.006731868571559594,0.10254829363670251,0.9220027624164927,0.026585658199289645,-76.80062166442552,0.0,190.67344124930298,0.07270511547482147,,0,-0.0010353067693830383,0.04899481313785041,0.013996264726718818,50.07533418353993,-0.12674212046586567,0.7051283229135735
1508.3605035579392,0.7686785595172578,0.06631406164128101,0.06651652034951368,0.2804054286457402,0.03774610725898764,1.6050333104592884,2.0735692852852603,0.0033479426521342897,0.10267521648704468,0.9250760358144384,0.025559244187985275,-76.81835902567926,0.0,188.2965046522361,0.06245161946417869,,0,0.0032115237351202338,0.045782809803558394,0.015683456917132486,49.85688693123059,-0.965841531767905,2.111374406387944
1509.0993174404603,0.7631849744556196,0.0623480435714609,0.06903016939902773,0.15406752769978854,0.038418350374315596,1.6091254105752173,2.0448293292587403,0.0035135597808413233,0.10363742889580382,0.8958124999876999,0.026772082415533215,-76.27600947843563,0.0,185.79733229397576,0.07841409584186212,,0,-0.00997037885478856,0.0426353391628526,0.014634116529434455,49.54341997723003,2.1719215454686105,-0.5598664702295904
1509.8349329944856,0.7617843633465309,0.06334712203286066,0.06856471002707597,0.17158512031029885,0.03823604313991208,1.5468554646576382,2.071674845259246,0.003356586321978639,0.10388407175789263,0.8983624972205804,0.027127925820099392,-74.74113322139635,0.0,185.474098119373,0.08918822389102987,,0,0.009195444686584864,0.04345094861957614,0.015146325479396655,43.06265631505345,0.8335692179795235,-0.056748856991930434
1510.5609535630235,0.7616909079024936,0.06299965975112552,0.06703116674060809,0.19609227984575742,0.03813267982747325,1.551433763975457,2.091415094949867,4.8016399893864776e-05,0.10280004259617595,0.9305050565904063,0.027505082974624253,-75.4151827210236,0.0,183.71405387209694,0.08374721081082628,,0,0.00962985499441681,0.044467517077428284,0.01215412173934843,40.16793575862829,1.9308787399188636,0.3750578106450768
1511.28057747457,0.7578992088766698,0.06340766281777915,0.06749625763038775,0.1990329878176637,0.03839096950265967,1.5525184595752082,2.110634424983687,8.408440000172233e-05,0.10404297616113257,0.9244283898202706,0.027032105354069823,-74.46604210348892,0.0,188.1250239247068,0.09121193476551157,,0,0.006430228128324903,0.04312660133945227,0.014750206434978885,41.3691151400227,0.3509745933177499,-0.9265270630268169
1512.0161930285954,0.763265128874393,0.06464625883066354,0.06804946452975905,0.2429539017807404,0.03953080557226516,1.5549488890873282,2.089368586166198,0.00010349221806591688,0.10333290361100723,0.9499376171987172,0.027428715235034276,-75.12535567758711,0.0,193.60074351887775,0.09239955722022217,,0,-0.012191182186653457,0.04521177895898576,0.015092378541919475,44.28725955828986,0.7038947956237869,-0.44610052368744224
1512.7294202831504,0.7552544395507116,0.06589505428979299,0.06786443286125889,0.21831362423148512,0.03998518390185405,1.5574648059668188,2.06309604665303,-7.458397833202344e-05,0.10774528640132952,0.9545965309893653,0.02693249931044079,-73.96427290199992,0.0,189.1782704908463,0.10670463092068444,,0,0.010794718681319168,0.04043998452678175,0.013931304323102535,42.736076873687715,-0.372075142859562,-1.0838370950569944
1513.4522425231926,0.7581414514735328,0.0632981310605749,0.06429097976875468,0.23900473348905615,0.03988511691946651,1.538790517143028,2.0672018646554013,-0.00024252829459450983,0.10519169003955398,0.9763643176118662,0.026765983134269263,-74.69349480481219,0.0,189.09432748726434,0.09395379261979804,,0,0.031310789682554546,0.03666598810813779,0.014968579326339054,41.97560200706014,1.2817204493816048,1.4445380374015035
1514.1750647632348,0.7605340685861957,0.061714031771797274,0.06502513843720731,0.19509701167086196,0.03901516223924464,1.5274785490343519,2.093870398642548,1.8609361687071604e-05,0.10771003522323302,0.9529624863987984,0.027176741205671515,-75.47817778191818,0.0,192.0228375442584,0.08882464990251142,,0,0.000886482019330587,0.04026323871466988,0.015885127504274864,42.65967150684542,-1.2049579487759505,-0.026520390174621725
1514.9202753027475,0.754912604387911,0.06194848845408116,0.06272694777264236,0.22289736687478445,0.03933833242796721,1.5435106956911262,2.062594204242528,1.0602494586175818e-06,0.11053807800123656,0.9724806515603628,0.027104951647627377,-74.49541509522437,0.0,185.31120023191917,0.1075655957421774,,0,0.003851460039168296,0.038778386659470844,0.013921085724494017,42.46231038832805,1.3521815940787516,-0.21691412654757883
1515.6590891852686,0.7594063306837359,0.06163891167020705,0.0639180759895794,0.7126999911099576,0.04008017110411089,1.5355250412136914,2.0727504403377246,8.225816127540148e-06,0.10871675850852952,0.9748454554309363,0.026839116130713606,-75.03504800143673,0.0,184.89333588119345,0.09287332159184691,,0,-0.026436157457249466,0.03777012379802561,0.013766025770731964,43.46868409961063,0.3714647200019518,-0.0936598887291216
1516.3851097538068,0.756651381397404,0.06275564804261288,0.06518473223434573,1.1084332154285808,0.0398942406125198,1.5318333110915274,2.082208598966055,1.9236406948123166e-05,0.11037970861550757,0.9734369510762747,0.027406083804498237,-75.25307426310002,0.0,188.55619249072015,0.11193335629924042,,0,-0.007255306534041433,0.03164082912016795,0.01588689533233791,41.18897617386573,1.3189445132305466,0.7411581396426378
1517.1111303223447,0.7609670222169878,0.06320185881165347,0.06148317857281774,1.1504925720545447,0.039907383088476474,1.5476811963397903,2.0623635398470106,-0.00015396336336780415,0.11029634798368104,0.9544541579804361,0.027115241786242323,-75.17983185706274,0.0,187.158063419399,0.12141992533050984,,0,0.013558358120696409,0.028128538274478358,0.01585630179152523,50.29011965988144,-1.282857008924707,-1.7576461455637193
1517.8403492193786,0.7744509829889148,0.06384248238345279,0.06387645317119507,1.0802619375308622,0.03985552305793958,1.5532226433242613,2.114879503700973,-9.316694285418479e-05,0.11142442655853191,0.9573922634237851,0.02666819896005757,-75.10492212235602,0.0,186.33847467833587,0.11486056380851814,,0,-0.006763197986416724,0.025358424114345336,0.013250325565125138,50.14916521441402,1.5160587609543212,0.007551204842556492
1518.559973130925,0.7742334468541997,0.06229456141917521,0.0631057945383991,1.1377476926693366,0.03951637759698713,1.5619383692087827,2.0902278303044657,0.003325545246820861,0.1091128767576325,0.9669810240461665,0.02703776368029966,-75.42726609269849,0.0,191.2384755509174,0.11903198578765108,,0,-0.008496800600041534,0.027530329171728964,0.011723606721954008,49.7995076874963,-0.672608902688669,-0.2634299295595683
1519.3019853419419,0.7765399721526886,0.0636985943067837,0.0617969101280149,1.1543872102551016,0.039808154483340144,1.5726673410883958,2.077403135778927,9.981813611561665e-05,0.11115799637491273,0.9589866141916815,0.026531270800029795,-74.94350793364372,0.0,185.611840467345,0.11053592552377392,,0,0.015606894223925397,0.02427838338004875,0.011074400160632077,49.07755707619608,-0.4164540557550632,-0.37086753366837955
1520.0503942099501,0.7760972028001382,0.06333781576527532,0.06444232452201612,1.1244304222857835,0.039730527135385975,1.5815929522815566,2.0875863514677735,-0.00014910674753164342,0.10949893270029272,0.951684163084692,0.02697008839781705,-74.41670429690359,0.0,190.39736654571382,0.11879777295749513,,0,0.007275694751264721,0.02404151526727855,0.009759323625967604,58.33857124392555,0.2588356354466595,0.02426352221237072
1520.8147947204372,0.7717468432155611,0.0635670134610324,0.06425766821005371,1.1348055957593872,0.040263954538780344,1.6021004839128066,2.092821881645647,-0.0002097024328945468,0.10983055983214023,0.9614211969400749,0.02675316565293252,-75.44615674062457,0.0,189.4826021003798,0.12074280456428865,,0,-0.00655137375618014,0.017150727665005062,0.010465227465078077,57.6857482501474,-0.7004286899844282,-0.12282831548652202
1521.5664019169415,0.7729901928891573,0.06414794216600411,0.06259698119757211,1.0754379098778055,0.03994954873712077,1.6042307240076537,2.098440114487988,-2.8928952729479017e-05,0.1110479209987041,0.9470157054875081,0.026678931171248414,-75.85285640260257,0.0,188.7971303208861,0.11758834120491285,,0,-0.00933205408757635,0.017234045585010193,0.010409666397781412,55.92707017115539,-0.5474109425689965,1.8231405334878588
1522.3212074419414,0.7651256856287931,0.06344679672746747,0.0635058743675211,1.178813854397998,0.039691470508680764,1.6006195702013186,2.127710615024773,0.003145290762293177,0.11135749887716606,0.9554722222767948,0.026457274450872353,-74.6686229996036,0.0,190.23442590367554,0.1287447317522729,,0,-0.010672979265566783,0.020431290081318148,0.011976568518845423,58.946924644540616,0.3010745919330173,2.2197341981060568
1523.0856079524287,0.7732105507260838,0.06307176644359555,0.06296648244906261,1.1576176175830806,0.039736855935808287,1.6061640671841246,2.094320814738547,0.0032386367743964593,0.11191601503710774,0.9468931638983513,0.02662230813961836,-74.65168666878597,0.0,184.18865776857112,0.12170529424882975,,0,0.0022883276805328668,0.02689951445498153,0.012691801102653976,57.5448556828878,1.0409487697925102,-0.5384449295547987
1523.8212235064539,0.7687893456976215,0.06275453924577695,0.06414908130960345,1.2081112732323778,0.0398504199862461,1.6020144448273623,2.147041027109723,0.003246853808250652,0.10924891187570936,0.9485463431306738,0.026197269361179193,-76.78102862036195,0.0,186.7542229235524,0.13209579161153498,,0,0.02249622348711868,0.02250330412028096,0.012375773163228285,57.27313452362942,-0.5101312830690559,0.4357762205596088
1524.5568390604792,0.7669494604271063,0.06450514694822457,0.0623662211885957,1.2110028980182073,0.03959716281159839,1.600567385131428,2.13874094585669,0.003014278677673957,0.10980071721071014,0.94334722179923,0.026464541278460176,-77.01178718839137,0.0,187.8521494576375,0.10375528413946054,,0,-0.003856904863872134,0.023482602192034116,0.011708217344103999,56.46950677219837,1.0722968674152222,-0.20796964607803764
1525.286057957513,0.763819390375265,0.06141486700439319,0.06303945814479325,1.2464277224139502,0.03941059110663263,1.6302665280254,2.175648924449467,0.003177723765149907,0.1099765108717101,0.9533125839421681,0.0263719839176007,-77.16266359420005,0.0,190.3620769454188,0.1234000366429896,,0,0.0016267121556928783,0.02413279765947511,0.015741080896897953,57.00576706602666,-0.6486304554864305,-0.21707826487296258
1526.0248718400342,0.7562883624376784,0.06968220159482393,0.06503397643053037,,0.03963066911982624,1.6368676567044878,2.186206989350691,0.0033718158498616986,0.10980697015106368,0.9440869172937719,0.025880243593055376,-77.56504227084226,0.0,186.01150066325238,0.12389554149759677,,0,0.019833069798494484,0.027422430970143574,0.015167815316886612,57.24377830487142,1.109846907630549,-0.4522137547899577
1526.7444957515806,0.7592632586813813,0.07088959148803411,0.06542931033185889,,0.039934521047867766,1.6390140100729726,2.1598964592198464,0.003210548684095678,0.11103755869571663,0.9687712844720727,0.025406569929133694,-76.54171715527924,0.0,186.37702473492334,0.12195197575666106,,0,-0.006463020961861604,0.028690270938919876,0.01702142952132103,57.97995325702972,2.346624935063491,1.0870506539678284
1527.4705163201186,0.7640122301245968,0.06994380489005313,0.06495722365806496,,0.03913209356184077,1.6293058289250872,2.1543744491502244,0.0033866247203130527,0.11120122561189945,0.9500363097113033,0.02609979001485072,-77.15245970002154,0.0,188.82568865604563,0.11111124720271527,,0,0.005509306756897131,0.02407537227434132,0.01497299462479968,58.157189819737816,-1.081711585870764,-0.8042711078329124
1528.1997352171525,0.7577140335124395,0.0712799945365023,0.06852547156362268,,0.03907191855070762,1.589785720371465,2.1593768990997395,0.0032955753876963327,0.10935257757001722,0.94518250284297,0.025220270868897363,-76.57958187441274,0.0,194.1530597564647,0.11008950803661204,,0,-0.0038815391616391567,0.029609017191936572,0.017637875979576088,56.922883530765944,1.083990626559593,-0.9536849393141701
1528.9225574571947,0.7538130935660364,0.07038851894320972,0.06585348863340908,,0.039130255584621874,1.5865940000233707,2.147692626847587,0.003279040697432146,0.10954280316362107,0.9287513971904492,0.025309903102389706,-76.06707509423417,0.0,193.52511695104317,0.10521146375945797,,0,-0.020371185276427648,0.02798565392163659,0.016568824974164,50.55606784573349,0.001772022649122982,-0.082545691906691
1529.6549746827243,0.7533961325586461,0.07084352023506006,0.07072607398395733,,0.03907951827429605,1.6003429611429385,2.158396227356958,0.0031686091185435996,0.11038916752960662,0.940482208035204,0.025078947793327106,-75.8092064900778,0.0,186.22768809686522,0.10057566639906577,,0,-0.0002504332388750216,0.029403571097692274,0.01688364790435146,50.618394852998186,0.7750953944145309,-0.3416236011665768
1530.387391908254,0.7497162212142338,0.07058856621689283,0.06798307158528222,,0.03903556355957438,1.5872026443324034,2.150839998608126,0.003431659034145384,0.10831440897738871,0.9369710757830227,0.02517173241727221,-75.83032242973843,0.0,189.591134851072,0.10678367254543855,,0,-0.011699117041889544,0.031888454959185165,0.014782413341097688,49.94359057917905,0.4675628649031861,-0.5795650361237162
1531.08462752033,0.7267750175190473,0.0635606862699171,0.06897029794077075,1.5104564226045292,0.03871100694467279,1.587414445826392,2.172909988226595,-6.337669194874205e-05,0.10941752692061854,0.9397931258794978,0.02497894525660061,-74.84340342269034,0.0,190.44169104345508,0.09676464574773573,,0,0.012273321057415692,0.029922434730526963,0.01563442659962744,49.75602990871727,-2.3597150367675694,-1.2938514117099382
1531.7818631324062,0.7294300151404665,0.06408835156601222,0.06859503096363159,1.6587733533817708,0.03826345945995984,1.5494304677984596,2.0055091879106492,-0.0001926583528098038,0.1101915254893528,0.9242156921274951,0.02463866107568077,-74.52154928512405,0.0,183.0388206887819,0.09813982722879792,,0,-0.01812068484073082,0.03423628303945775,0.016567787633642948,48.88297920278549,0.24164937580694834,-1.0300146401548447
1532.482297072978,0.7277667262736286,0.06444767607873839,0.06790092635882741,1.6418494960455006,0.03813691184681999,1.5266440185052084,1.982747816231838,3.141106455286956e-06,0.11106123832513035,0.9302150888743144,0.02552613386567221,-74.66838967474146,0.0,184.65767467018614,0.10342135379522782,,0,-0.0014590082051065315,0.03352583190486317,0.015484523080679772,42.21355085775712,1.761439434432996,-1.9419039054529055
1533.185929342046,0.7233626089461939,0.06379906228988698,0.06942752394194691,1.5990097538319494,0.038202752703072815,1.529925513441967,1.953949782708175,-0.00011043983922441845,0.11025018981810382,0.924686233035017,0.02582928672398494,-74.65187851231624,0.0,185.29249812756396,0.11676169645304277,,0,-0.004164803850277594,0.040399727676033774,0.01595687988069924,42.66619465447885,-0.383949739263149,-0.498004589627485
1533.867173311643,0.7218732312107402,0.06414312186750344,0.0678795765367113,1.5767622032083952,0.03766913992708224,1.5330217843443967,1.9546257472577733,-5.660450097803554e-05,0.11142536304942863,0.9275319379263385,0.025526655041198217,-74.3710544001742,0.0,190.27047242541715,0.11148202747648799,,0,0.0075454398662216544,0.03787231262821917,0.013203785232490483,42.15357126530342,0.49452903750860977,-0.06662491704347459
1534.5580122667277,0.7225344076159731,0.062013998130476214,0.06860662437899347,1.631521540446665,0.036945608539609445,1.5242568139916022,1.9584193746033782,-0.00019625724695572735,0.10968912772198616,0.9299107984746029,0.026048325950045127,-74.45448483941657,0.0,186.76839237438415,0.10363521208650514,,0,-0.002624835945406358,0.035824328981544244,0.011223036738061187,43.36023931819805,1.1426427832722865,-0.8230094174442536
1535.242454564821,0.7180044144581618,0.06513865540349623,0.06624158980108653,1.5886372650101888,0.037228100642892024,1.5203830155362876,2.0040059496357086,-0.0001684782882786111,0.11031516198371785,0.9193989343987867,0.025512157740538787,-75.56304804215095,0.0,187.41179176169993,0.09853140389119332,,0,0.002835327221678335,0.042176219494173765,0.012340988011858789,35.63937569868355,-0.003580621962466425,0.5622670214831865
1535.9332935199056,0.7110289514033141,0.06181802661931139,0.06683558676297874,1.6423606962116841,0.03800368236388794,1.5210927291153817,2.061846568224919,-2.6913549044294134e-05,0.11029403269546639,0.9134548853530783,0.025436762504536855,-74.81028159186482,0.0,189.0693556166347,0.12213207621436967,,0,0.0016766971894822934,0.039485774041032394,0.01272298005777777,35.40821271567967,-1.0005819965801253,-1.1680957435482504
1536.6113391610072,0.7090102481011736,0.06344318254025699,0.06576982336491861,1.6389244202492175,0.037544711486386606,1.6217714622925894,2.120590028955883,2.425621636048177e-05,0.1099162550654926,0.9372345007338738,0.025395884551440286,-75.77462470755272,0.0,191.28596868104128,0.12380368654010719,,0,-0.01040391724373246,0.041663448739708536,0.013627404806550003,34.701076184657836,-0.3512412288890059,1.1245052346475257
1537.2925831306045,0.7092659476954888,0.05726558168642474,0.06412621551400026,1.6376436172940516,0.03770336493319975,1.6227457346130094,2.1522994375401057,-4.835832317724083e-05,0.10992376195116306,0.9219662651546289,0.025497318110264348,-75.15957346332422,0.0,186.1803661586426,0.12419518063999176,,0,-0.010221896520705393,0.03902630124228132,0.0117109359459858,35.963485774143706,0.10473352157680936,0.6224640090911935
1537.9674304432103,0.7064494025165543,0.05815166650381349,0.0627355872805134,1.6052207856235194,0.03745243639510072,1.6208214703349177,2.1361270968074044,-4.871178456942001e-05,0.10878417834512667,0.9306009936942375,0.025416712447006676,-74.91618083163127,0.0,196.11725788438034,0.1253389595723761,,0,-0.006302076949345717,0.038504695325443,0.011558404603138273,35.629236663635204,0.04279310497198599,-1.078395549264483
1538.645476084312,0.7067113471498211,0.05788430381606387,0.06058501307570316,1.601795438988788,0.037446619998744365,1.6206917413418618,2.143538800196006,-3.65097567745265e-05,0.11093356468659749,0.9295216954984148,0.02631699001088159,-75.1228391819878,0.0,190.16391658709375,0.10925533688436322,,0,0.010105433413756106,0.03928895416946768,0.012086240336829271,35.79355304711356,-0.07052915610869719,0.44141760679306363
1539.317125068422,0.7015790088352709,0.05572085860735905,0.06151508648652501,1.5596798231243127,0.0372867429200152,1.6292497158496042,2.293855303013495,0.003239513493126094,0.10815245538522046,0.9470787258060644,0.025905586261398803,-74.57637190905314,0.0,186.63432775348122,0.11264056031778717,,0,-0.005971020427659375,0.04004506010568885,0.010022972459269898,35.41344931873198,0.10424534144152524,0.20017143074367327
1539.991972381028,0.7079270915795248,0.057313190062339044,0.059330995015531976,1.5525586562743312,0.03735173357561696,1.6302435455326325,2.284355069040814,0.0032618966909804155,0.11205353457058553,0.9600336516452288,0.02668993450678399,-74.01927158261935,0.0,191.41725478460066,0.10276250438365916,,0,0.00029688397625234856,0.04068176343915584,0.013586567632241076,34.60531794168181,-1.6697144164401898,-0.5278000191840507
1540.6668196936337,0.7033801940982496,0.05451238026149457,0.06022937385237768,1.311618446632421,0.03733333339108575,1.6223067648724014,2.3020372457427474,0.003270666359493264,0.11027153746474111,0.9496347258613124,0.02653805233491347,-74.75419948441753,0.0,187.7325810385833,0.10539931440231007,,0,-0.012681594194477045,0.03878910490717368,0.014293505799557678,36.69696961493786,-0.08836242142859824,-1.488719981438945
1541.351261991727,0.7058244583600075,0.05808363256281794,0.06035597374881192,1.1979536622259948,0.038183544936397314,1.6152751330216495,2.1678283745363505,0.0030865717108590077,0.1114935680275507,0.9585669804808685,0.026934041257516247,-74.71051827900945,0.0,191.72571417815462,0.1001175351640647,,0,0.0017892385758757048,0.044650340551391686,0.010698928354107004,36.55960047075703,2.009513830287943,0.9341417902103553
1542.0229109758368,0.7031155661024474,0.05646206620567858,0.05909237891225778,1.1630112178529177,0.03750929023781107,1.6138542140924326,2.1309921606697184,0.003177508945014936,0.10835825205461375,0.9409068323217995,0.027210578738325584,-74.35949849942814,0.0,187.55187408352126,0.1044460141482433,,0,0.0003998241797441775,0.03918144747504527,0.012148828438449019,27.07474309629018,0.26540796143500234,-2.0005412436463157
1542.694559959947,0.7100491616636304,0.06409358417517035,0.06025252006001982,1.1700044471056412,0.0379375389567224,1.61908220080382,2.1278808030872733,0.0033155898245885527,0.11068009560633188,0.9583328417773634,0.027790843221947362,-75.12913913752806,0.0,189.39500913213692,0.11115605349150554,,0,-0.016584335891673133,0.041879501475723974,0.01297672923936222,27.690077056593328,-1.0505008386317867,0.09634497317060176
1543.37900225804,0.7145990019423302,0.06315877542676492,0.060330378957876026,1.0895876440462604,0.03837354003168695,1.5848453619358152,2.13788265087129,0.0033678076370326814,0.11180524497445347,0.9601804443375673,0.02743618973170511,-74.19952565369486,0.0,184.8616844483706,0.10316328336670078,,0,0.001994655766494864,0.04047547647616305,0.012143551460825451,27.52867284920086,-0.2804026149987591,0.1375036359083787
1544.0634445561332,0.7127976563608032,0.06344083205126186,0.0596450849390492,1.1141947901608487,0.037449718673693816,1.5624028771957714,2.064541244824466,0.003436155500064719,0.11029715053225261,0.9617839018570309,0.027232006965369007,-75.21878092658329,0.0,192.8491901714927,0.0882686473338526,,0,-0.0024822238158548416,0.03684299175031791,0.011863268338635578,35.65043139946111,0.49522941542438564,0.40146705300235913
1544.7446885257305,0.7125928186384206,0.06366693133498433,0.058096926648555536,1.0813709766386104,0.03885969489913009,1.5538819433765274,2.025494616177496,0.00321318431049247,0.10883508566686985,0.948074284554033,0.02766717430970158,-74.30110827821811,0.0,188.66525716540323,0.08919411427166571,,0,-0.00489917758112943,0.038568516336182974,0.011696996657016772,35.324182506561876,-1.312555224991407,-0.6566326182882519
1545.4483207947983,0.7269633042221983,0.07493236747637343,0.06201911790040804,1.0781927084322227,0.037531948861977873,1.509517730832922,1.994675673283079,0.003302224550929063,0.10770293796370113,0.9019272497979557,0.027455046538292956,-75.06428661629424,0.0,194.95476731045133,0.07450813091472322,,0,0.017795268928518126,0.03893164727498525,0.012800520630232314,35.047427928719294,1.8802556003389805,1.3500645057512544
1546.1615480493533,0.729688575824442,0.07342978991207556,0.06442560076746902,1.1174794621788344,0.037651790629869696,1.4892298179565437,1.986057065497586,0.003413563513621069,0.11178749873796827,0.9087615228884115,0.02697776337843404,-74.98331959075213,0.0,189.90671114008816,0.09727557893932047,,0,-0.0012947226199888763,0.03799883371189378,0.014893993213916573,37.08119711244362,0.3008128353753662,0.7330983377971395
1546.8587836614295,0.7444790028658597,0.07376564425783069,0.07215051655664427,1.1085811116552393,0.03765760692216888,1.491337838359668,1.9844809775482515,0.0033055750635209154,0.11075086496518646,0.911220272085979,0.02695647535263839,-76.27440430503745,0.0,186.95950567323766,0.09139419862376966,,0,-0.007048030138068901,0.04139877375387018,0.016611917002521556,35.85616055728329,1.1327124495303253,0.17877180976887014
1547.5720109159845,0.7425831195816477,0.07429244385498493,0.07262289649843363,1.1293988857020794,0.038751597952815575,1.4791583614376977,2.0012044137548486,0.003368541081193109,0.11016453780779643,0.9132991693689001,0.02671965612731454,-77.22578835649637,0.0,190.54250051189356,0.09351258986147827,,0,-0.022876501904571262,0.03776254029613916,0.015925285467964703,43.66022967077771,-0.18745475825477706,-0.6593595326694268
1548.3076264700098,0.7670419877848373,0.0749392935564955,0.07485768274909164,1.1090576944160522,0.03953417424473373,1.5224008061614596,2.0156159065107495,0.00302592477653565,0.11014583446712346,0.9196648819996186,0.027382886963987305,-77.15789557944497,0.0,184.63883340419355,0.08022089793569558,,0,-0.0016458497313835072,0.0340804556241055,0.015427757641850002,49.633673098347174,-0.48633348203820626,-0.2870498003720165
1549.0528370095224,0.7688453849573712,0.07349975635717539,0.07750030430219314,1.008756598260617,0.039203316311775704,1.5525266089339218,1.9937466174831873,0.00673958122358155,0.10953137324748105,0.9171078758809518,0.027161666730318786,-77.08072113041897,0.0,188.5984323978408,0.09209906204817266,,0,0.000250138886029024,0.03831803403510904,0.014846148553481688,57.26609327305654,0.45166361191039234,-0.8884763430588886
1549.8012458775306,0.7834697246470471,0.07661605489273278,0.07902915286498184,1.037340830624796,0.03915382953029023,1.52369774412676,2.0110973505936376,0.006757520491852434,0.10955116878902747,0.908116782282955,0.02562829931585351,-76.54946572823788,0.0,189.78880183474072,0.0994158876771147,,0,-0.003255925554872252,0.034611258007053725,0.013900712707506178,56.7529558622474,0.04752498963968104,-0.6515545971966918
1550.5688447165135,0.7929390092643593,0.0769873658003927,0.07854949736457542,1.1323673079787953,0.039354598280687686,1.5146047286246371,2.017152009153565,0.006832192931037436,0.11131639599704726,0.9118901454967409,0.025786740251166573,-79.15594612546948,0.0,195.66052083384656,0.09916509949333485,,0,-0.008650975922199466,0.03284076374401228,0.013760135697195681,57.196012660447295,0.06429685984380225,0.910620027087644
1551.3332452270006,0.7987248124232761,0.07686828160514773,0.0800268700518778,1.1108530363821167,0.03907826836738884,1.5435695928714253,2.0658291284772927,0.00650012443922287,0.10737322546250666,0.9129465377050829,0.025244722102961015,-78.37233341733608,0.0,185.20666467383617,0.09820190060423362,,0,0.005536154613076822,0.03895399557604474,0.0119519217637245,56.336320885161456,-0.496588170387763,-0.4440523510437194
1552.1200340369583,0.8111598701570805,0.07587175503979988,0.08044379365008036,1.1856905085400231,0.039282171273476385,1.5530528686422254,2.0775939784212496,0.0066108629601852814,0.1116650436262207,0.9026707409728189,0.02496220105771977,-78.83035292510868,0.0,183.88456909274018,0.11240620839437539,,0,-0.0023595631083685297,0.03806037801898159,0.016647901119096385,58.96586301948306,-1.09437274623823,0.1444471682434479
1552.9196161608988,0.8233644968889744,0.07663163244706155,0.0790871726670813,1.0369816730048118,0.0389046492861183,1.5435459418093718,2.0723709017527643,0.0068629176596770956,0.10893966258280749,0.9037533661279898,0.025147210279854386,-79.07235228485776,0.0,194.1046588705393,0.09183865703257703,,0,-0.0023983974032515862,0.036106642492520415,0.014847349762487454,63.81118664195708,0.07022163658548461,0.4833002584793106
1553.7032066423606,0.8185271859504987,0.07603100056457847,0.07968754005386344,0.8642547673382185,0.038829862168949784,1.5687279970512389,2.0807007180581882,0.006603453556166435,0.10959107803762,0.9160982831424692,0.025415682887917013,-78.18578261290136,0.0,192.67667886817762,0.105963946188077,,0,-0.004943162410622315,0.04020835561348518,0.013729695530355463,64.56450195672441,-0.1825964877132617,0.21052823190203135
1554.489995452318,0.8175903337891822,0.07563353461238291,0.08025286077117424,0.8259502230636527,0.03959458878966455,1.5738716469015952,2.074197311585853,0.006681161005899126,0.10950374834638453,0.924748535217907,0.025720871591678175,-78.40450785760575,0.0,190.56553910903807,0.10469821822186709,,0,0.007976233985195435,0.02989501914904113,0.012913661265886152,64.1723709359963,0.7617939359085539,0.5070081448886082
1555.2927759047545,0.8166623891689184,0.07601395503818073,0.07617454442887812,0.7500331260814735,0.03998042361290344,1.57699932146684,2.092205966745356,0.006667435300688342,0.11106649309730984,0.915389140631561,0.025413862021944806,-78.6978114953711,0.0,195.38552082181909,0.10637739672865229,,0,-0.01172043609350588,0.02794992134667615,0.007947553290431997,65.62442748018134,-0.09889235511471321,0.9001332455309574
1556.0731680577205,0.8233167942211909,0.07639733246008679,0.07531699830615687,0.7747035864204918,0.03953738413187832,1.5853229686647923,2.1162684114930133,0.006769155843155829,0.11056497396681088,0.9199059193962077,0.025098575624253043,-77.94633004050314,0.0,192.1418119064583,0.08941252803723526,,0,0.006701917674462904,0.02649248839955258,0.006498536824139288,63.42222847721092,-0.008732009546386402,0.4969685851560585
1556.8631551961737,0.8259701839425325,0.07839758652292132,0.07587374189028966,0.7376371616999746,0.04021483011654596,1.563290863805392,2.112917357016991,0.006625030951720389,0.10897728555047406,0.9238217908036718,0.025213505789797752,-77.24688548283265,0.0,189.626897115332,0.09625356638959646,,0,-0.005007618696094949,0.026925608340322232,0.008127442049257626,64.37378621141762,1.42589112943437,0.5639265301320792
1557.6627373201143,0.8242026882630156,0.07634624021507594,0.07405011441464199,0.7648692120131518,0.03996408499449575,1.5681820187989175,2.0796811190831064,0.006617986208087617,0.134668151809415,0.9588390939957889,0.02545882704223451,-78.2983711032025,0.0,190.85859587356302,0.1053400889563334,,0,0.014143922676056249,0.021296935206963363,0.007594137115017005,63.22440369829334,-0.13452626686543448,-0.5834357592169054
1558.4559227870634,0.825895048485178,0.07551844749458429,0.0775412410571053,0.7188303085413199,0.039882538437485494,1.5779006371380835,2.1751426981103537,0.0065171921982349395,0.13801153311557665,0.9512310289914326,0.02636306001933591,-78.25605031842244,0.0,190.69467225554158,0.09494015612028413,,0,-0.01207645039089068,0.029594863272322428,0.004390774789707119,70.32673107267335,0.7978538406557301,0.11459127368555551
1559.2427115970208,0.8177671469424308,0.07660472164071018,0.07374346202062836,0.6954044084844282,0.039811733712368555,1.575368320820966,2.110987613707938,0.006614142528266906,0.13665518694927178,0.9744971189790796,0.026304666802511905,-77.56522428236693,0.0,192.39722055445148,0.08473589399555168,,0,0.004768981920246289,0.025168544110691166,0.006138371973396502,71.7488669181671,-0.06720816008209786,-0.3788464204744448
1560.0486903779529,0.814260886895114,0.07251899925487285,0.07463055931999704,0.6816218643542525,0.04037765495412725,1.5644387979289527,2.0750325335363,0.006588219061692235,0.14031871686890426,0.9655167737559751,0.026670259116418817,-75.8960178179731,0.0,188.34834322108904,0.10515355326238522,,0,-0.004350012758291686,0.02613274308227069,0.006144299721753711,71.96066349677662,1.3501058973022537,1.4330444399915765
1560.8450741733977,0.8146982271261647,0.07333561278852635,0.07507913765112983,0.4114492041365038,0.03865265624370741,1.5725150523248321,2.0432884125432285,0.006695901388263152,0.13961265676976045,0.9196929872452905,0.027241166008582146,-74.95532549505266,0.0,189.98113160660887,0.08220193872918377,,0,-0.004594478260922248,0.020507309582609334,0.007349499590092602,71.5898280947985,1.4604678192200469,0.9073999311866442
1561.6286646548594,0.816453281830668,0.07081083113347512,0.07552616106003883,0.45163396997643046,0.03885645555905497,1.5776637795975434,2.1259935672795205,0.0065528667004452,0.13884300943774405,0.9263144511441719,0.026877787310717334,-75.30478187961862,0.0,186.6541520570595,0.07441487026585718,,0,3.439427590485645e-05,0.0234114855074523,0.0057611833914245165,70.8440496209013,0.006595509273532959,1.0363444265555
1562.4122551363212,0.8177151284110492,0.0731664666762049,0.07440238445173009,0.40346338904364176,0.038728112352032426,1.5800551456425287,2.0508083212697517,0.006563552137712201,0.13926866369595084,0.9332627059367098,0.026781977875517074,-75.72052384965718,0.0,187.70929885489485,0.09379115783720215,,0,-0.005628815227396053,0.020017232708533506,0.006678509906254088,72.35934709356133,0.28506841852690434,0.3479411639512115
1563.1638623328254,0.7935656507772136,0.0690499025734144,0.07483118665906642,0.46483086745812746,0.03871161135241334,1.5682012239008658,2.0320347451866065,0.0032570562410818484,0.13835102001564914,0.919022332445175,0.027325878680881224,-75.63234715144523,0.0,183.4852954575433,0.09762294777903889,,0,0.010552079353412945,0.019659167415713014,0.008237226539303215,71.49387089469235,0.533301946512916,-0.4577194104069626
1563.9250645148168,0.7840277503438765,0.06262436037977115,0.07527478126123846,0.43339923382542034,0.03821098622317053,1.5604745354628407,2.0188397600088934,0.0034078088441686664,0.13951870195858593,0.9102032758635634,0.027863584827746264,-76.69266227406297,0.0,185.80283631720704,0.09767581384825272,,0,0.002851767186709366,0.014349947008074015,0.008353956546229137,71.47724901548435,-1.4398009616614216,-0.8599233502026947
1564.6670767258336,0.7840559543660358,0.06234142244386448,0.07346215073427832,0.4736274790209004,0.03827363207287198,1.527246677335804,2.0066721637092635,0.003311117658979645,0.13991098443794828,0.9192768332373878,0.02774434715363051,-76.32942313004354,0.0,187.88946835004586,0.08659848576646301,,0,0.012969583420918813,0.017035073721934284,0.009674056122882413,72.10520347955708,-0.05472385491683112,-1.4672122583406397
1565.418683922338,0.7843123194073413,0.06353253359841185,0.07176017714877309,0.41227832081573546,0.03814996284864092,1.5474555388520885,2.005024748433653,0.0032986561268275303,0.14031244230754325,0.9259314478297572,0.02653016783122842,-77.09335414041806,0.0,192.27604634319076,0.09730049923575676,,0,-0.003752374769760204,0.018806678839736708,0.005950467822364229,72.81879819626671,1.6609349802159663,0.47107956577662713
1566.167092790346,0.7747498856203615,0.06423502101194473,0.07116058772502665,0.4283687990176905,0.03807391004400731,1.5735753819948413,2.033419569744536,0.003233314313729851,0.1397387681507112,0.9031037530175592,0.02632505778319867,-74.66572937182164,0.0,186.31641291708402,0.09743518034280951,,0,0.008496200279548331,0.018469872737357323,0.008009746205368835,71.04939256533305,-1.4984739620621617,-0.7121351715807934
1566.9091050013628,0.7792461800432575,0.0630319357249626,0.07096553754345825,0.8208452214505019,0.03799546058428265,1.578092071138121,2.0293432307963832,0.0035069869216209637,0.13950547550284398,0.898379529160844,0.027072619100583315,-74.67309572420277,0.0,190.2328372870453,0.08317536252313129,,0,-0.016864678139012993,0.017116720908662477,0.006149940101836625,70.42267290660425,-2.2688671453867735,0.07557824380401984
1567.635125569901,0.7601301091607578,0.06199276342969788,0.06795529384462454,0.9462236276092493,0.03857162073126548,1.5700935079514824,2.0686441700317624,0.0032936351559666966,0.1383461543463132,0.907154499661296,0.027238280268361146,-74.40815250873752,0.0,186.88243843954191,0.08608368123752005,,0,0.008228854911663468,0.022141416399118895,0.004776164613715954,64.22549513397698,-0.39554413034940833,-0.7873482295510262
1568.3643444669347,0.7578496715412747,0.06555981695685921,0.07040024276561628,1.0425535297329527,0.038017979380074056,1.653096937776706,2.2265671249205083,0.0032751835937554516,0.14065785308265924,0.9044781438217712,0.026930693761519128,-74.58499023595067,0.0,196.524220111068,0.07444554799327638,,0,-0.007498389076934008,0.02182361242809283,0.007964446139708039,64.29811011857919,0.3392078325107233,0.5822212679400166
1569.0839683784811,0.7622564892936627,0.06407969229914426,0.0677150880166834,1.0728646299793434,0.038810189782036264,1.655797136664257,2.250677432321357,0.003311534832040841,0.13976685072237177,0.8940821137781132,0.027076110186225986,-75.15194602969022,0.0,191.8132704497825,0.07249338546065942,,0,-0.0038316108765891555,0.030128494773371966,0.008589419068042075,65.10996256605793,0.11763816088069753,-0.823226473450799
1569.8035922900276,0.7569478408851544,0.06397032074231099,0.06688218812981804,1.1278540883724302,0.038803789256894115,1.5994552066445478,2.037976223576443,0.0032701788724210936,0.13997968647141248,0.9123098143165627,0.0274373445825581,-74.86419941367919,0.0,188.11781137004303,0.08922040590384217,,0,0.006189674903748731,0.043155767804809904,0.015291479151502757,64.29359383959032,0.7462937463667638,0.08217948651602994
1570.5168195445826,0.7557040645936217,0.06602392942922634,0.06507065431877336,1.0732824147149338,0.03744754927237083,1.5961460600784623,1.9499651786089616,0.003359506768796032,0.13856452748011902,0.8974827933325261,0.02671262812767207,-74.61742126860293,0.0,186.57850072070906,0.06811905243121233,,0,0.002719160843219909,0.046415622562784205,0.014123956265791791,57.766800905511275,1.9649584525983688,0.919789983312687
1571.2428401131208,0.7556252158877735,0.06332841167162474,0.062100012365708376,1.0769787213012605,0.03847852613559115,1.5944811959819751,2.1340923769706914,0.003481523762199588,0.13985099328668835,0.9214915407774938,0.02630806178182924,-74.28278972585495,0.0,192.3380929553285,0.07350657068333316,,0,-0.020677723764943798,0.04743111391504669,0.014731050547342018,57.12684179371951,-0.5671632458743046,0.12305489713422278
1571.9848523241376,0.7657212211288277,0.061739774517879695,0.06385113190351598,1.1147966070294848,0.03804753588079421,1.6377669327636613,2.211549212021423,0.003483300132568565,0.13953910524950422,0.9097424513127219,0.02625528310504185,-75.26585920564324,0.0,181.79042135020228,0.07381440955970527,,0,0.01680627908472347,0.04720756725672991,0.013293619433778717,56.493585587331275,0.34841956274224667,0.5035126645444703
1572.720467878163,0.7539095176290271,0.06627135574107684,0.06265563242624929,1.0621218133909134,0.038447053979690865,1.6321339397414312,2.218742638983661,0.003169811566484781,0.14023466863751946,0.9059418759983272,0.025610777302180202,-74.40734506396028,0.0,189.4206751009731,0.09124835057847709,,0,0.0023223199868556564,0.047501558797415716,0.014619596350207271,56.344442526182185,-2.0763281671907974,-0.2915881021907415
1573.4496867751966,0.7559169580869527,0.06635367782258585,0.062495618235342325,1.0561256935659065,0.038666074208687555,1.6098411281774916,2.114990953602805,0.0032905994118876164,0.13990271245922495,0.9280395414510325,0.026244943316913266,-74.67505350475206,0.0,189.6548612636717,0.11584510995936056,,0,-0.006253030483172012,0.049882786171352084,0.013561021770704791,57.050216337498654,-0.05643083303984061,1.3236809501200995
1574.1725090152388,0.7658537130703917,0.06508129194776213,0.06167324932952337,1.0975144193455124,0.038925500025450054,1.5859803120057878,2.1055723089467664,0.003213636260841399,0.13870133285563585,0.9482450981879551,0.026291567085371153,-74.7436373739314,0.0,188.2361610219976,0.08748021627835373,,0,-0.004632123830971544,0.05165817269310111,0.017077273077915633,50.494986594752646,0.9941917096442792,-0.46703046209377996
1574.9145212262558,0.7608484969651788,0.06630372867776363,0.06272452763625151,1.0492725702518868,0.038162625967023335,1.540661313619397,2.0208167661624428,0.0033312424677116904,0.1352292893380073,0.9494897095881071,0.026129557496811822,-77.12961001916229,0.0,189.16316524304563,0.11774447677095987,,0,0.007584182439273543,0.051154585243140774,0.016714863019681822,51.051504504400235,-0.6488824869985618,-0.24862619385517207
1575.6501367802812,0.7645792171999846,0.0659063965784638,0.0626850713052901,0.9410510679354427,0.038335511012277945,1.5391250638243648,2.041262201597222,0.0032933728721605514,0.1368873609050022,0.9855629486060382,0.026329876426973403,-79.08300129264882,0.0,187.92606172659583,0.10020848553089917,,0,0.0017753436063783388,0.05077100415643388,0.017493277023092123,50.12875965489944,0.03697065299961564,0.4735501333383464
1576.3729590203234,0.7661369616136788,0.06678550463686155,0.06193413455872903,0.9596927374084975,0.0384755963683143,1.5216492502489984,1.9790709385924072,0.003131332604795582,0.13756586193708378,0.974867217092781,0.026149353245852915,-78.53134151206172,0.0,191.42736734632572,0.11221161689357295,,0,-0.009790025210948865,0.04682471582250483,0.015477042015713673,50.29015301606589,1.8505403254213952,0.676583165645031
1577.1149712313404,0.7706435526686123,0.06741257783599301,0.06331768513455613,0.9194613932532772,0.03790430438804067,1.537472635376671,2.043893016346439,0.006677002421427532,0.13594713479179404,0.9661404273925368,0.026165718751900904,-79.59922026426528,0.0,186.11378359496587,0.11206218344280276,,0,-0.010615459595623615,0.048666192143025,0.01616305973446832,49.62147992928392,-0.787918234862468,-0.034757665776601
1577.8505867853655,0.7651377194123841,0.0665534807916683,0.06344642245784131,0.8826427632055844,0.03837894691361514,1.5194626746262043,2.039111511090492,0.006681445264405771,0.1358986696864025,0.9758963687075489,0.02612964914616609,-78.9523374830556,0.0,190.92803894609312,0.09791175257355161,,0,-0.004004518346088396,0.04821490788523986,0.018756465398716293,49.78537282173929,0.37963919961198395,0.5521389786252957
1578.5766073539037,0.766153100933679,0.0693487528740093,0.06405834949134066,0.8022716801283508,0.037738693951535306,1.5147042050111805,2.0284671788024347,0.0033991250562134374,0.13627556601354032,0.9721079675281326,0.025953362384680177,-80.49116039837587,0.0,186.48220473851745,0.10449823773886498,,0,-0.011664031998560363,0.049199268154587854,0.01730980097812765,50.460497398919856,-1.1312840845684995,0.15946999649525648
1579.312222907929,0.7632016280647135,0.0669363143549982,0.06544200304046326,0.6845545018717228,0.03762412149635809,1.5184344704606765,2.0356351793519307,0.0035968107037419724,0.13716338506836914,0.9597065211535977,0.026383968391348604,-80.23523180091068,0.0,192.1990300016953,0.09169232692166751,,0,-0.016414515322108955,0.04575097189596568,0.013939748714354978,49.68057070177038,-1.9047433960944629,0.4746112775874001
1580.0542351189458,0.769952092405222,0.0687618741283765,0.06863418901062095,0.7156910716514049,0.03795850745841906,1.4954222570829905,1.9601248070615902,0.003394005774411797,0.13849612006915468,0.9485315078757139,0.02572122467983261,-81.03543386110202,0.0,192.61841923021555,0.11903404331438158,,0,-0.004568308745782839,0.04550716296584019,0.01715636479740309,49.86830546259998,-0.4186782200915042,-0.589667577673557
1580.793049001467,0.7686467321201359,0.06651060692770634,0.06752535550935666,0.6516205546113962,0.038232143408250936,1.519589703090524,2.0373009959752406,0.0032933493099486727,0.13597359540831574,0.9488867750564834,0.025966097706255794,-81.1462485673041,0.0,187.69236157660433,0.10570059719109781,,0,0.018071731988728537,0.03595962360529594,0.010130304325582621,49.93139961208117,3.162204764077401,1.2911244193726015
1581.5222678985006,0.763372111199831,0.06715102161567583,0.06903568860248117,0.6940968319693182,0.037418764941083496,1.4915353156706777,1.9736255500594888,0.0033181972744093353,0.13678168502804172,0.9376665678335018,0.02567154646214936,-80.27661519275664,0.0,185.57435236507678,0.09290106440636874,,0,0.009747668064065953,0.03116678625327473,0.007288069830544152,49.65144954837325,-0.9411566761103315,0.23589581254499514
1582.2482884670387,0.7582163633623968,0.06757197480289656,0.06583964699672855,0.7050781291037842,0.037911554557354746,1.4939087150011914,1.9673270029036118,0.006684933489618183,0.13425499604890642,0.9310747153323368,0.025176795983145286,-80.51084576961401,0.0,183.88501919427,0.09614405938730629,,0,-0.00040520031725643226,0.03039360159486485,0.008557401407792969,49.36674660705388,0.7642716829214005,-1.0982629696187565
1582.9679123785852,0.7647960484046822,0.06649710596148571,0.06801696410020965,0.743566820152225,0.03739130047472571,1.541228464498799,2.1090918449300484,0.006705542588786336,0.10746808918368321,0.9363270390393569,0.02422240039270935,-81.36482126077847,0.0,189.05598133302198,0.09656065265294353,,0,-0.014028112693606687,0.02968712320519682,0.00501913112611131,50.279813309397575,0.7651313892814119,-0.8976666709554252
1583.7035279326105,0.7645856181190507,0.06762305724751531,0.06819859677294483,0.6992815693266574,0.03720599488051458,1.5002132411969111,1.9748831492544405,0.006567255964495073,0.09700024497368159,0.940769626678571,0.0240792407857525,-78.93311455571836,0.0,187.60942815679385,0.09142718646884701,,0,-0.009860993910187682,0.02606067308729662,0.00872861553662952,48.43576307049878,-1.0652600247512596,-0.5184365648071264
1584.4455401436273,0.7650804873497705,0.06679990449328115,0.06761479759086958,0.7101061922384974,0.03671834801042031,1.5142636392257482,2.0296398725279787,0.003184395040679538,0.09862023767519043,0.9363588121151276,0.024039780490664502,-78.56172193171533,0.0,187.38965800887894,0.09104039975606784,,0,0.00825153175743581,0.02998137147040099,0.006555808958120524,50.55185228038067,-2.747145065513766,0.7679305181772559
1585.1587673981824,0.7600480540092613,0.06590534956860655,0.06856875415021656,0.6889772442036783,0.03744220923052407,1.5170715302933324,2.0165552350959204,0.0032879807135740477,0.09760016241060233,0.9430290229442689,0.02426612849934447,-79.0238645400159,0.0,188.70139689259807,0.08760749162215237,,0,-0.004404319806619934,0.02079757085075763,0.007570312433928286,51.417285158451534,-1.4674154085098412,-0.7760583014040052
1585.8783913097288,0.7711217760402642,0.06817499923242877,0.06725569742921415,0.7629305064752103,0.03798975754462846,1.563698602849739,2.1008798404199442,0.006599707898721799,0.0969808211752088,0.9539042332324906,0.023981044297924088,-78.54324439674998,0.0,189.1283110556746,0.09979472348527949,,0,-0.00511105368804325,0.02532801199222703,0.003921092127912492,49.68519215890969,-1.4526475209182115,1.6740805389175097
1586.6204035207456,0.7714609252353666,0.06799255409204921,0.0677987486234632,0.7128135883143705,0.03751019135255073,1.5609955592793718,2.152099716774413,0.006572404151113943,0.09684993397754678,0.9443362073651098,0.02396107452562081,-78.66550164465694,0.0,193.068014086234,0.09485911948275622,,0,-0.013102980336801065,0.025399930862325625,0.00625620737804629,50.75336116059504,-2.0406714075471584,0.01908061456723701
1587.3496224177793,0.7695979935640364,0.0708409765207181,0.06921770166053182,0.7775273695645948,0.03826886936858396,1.5597523516001943,2.088181777007493,0.006742450989834424,0.0969377040312285,0.9674401531453232,0.024586857895971755,-78.02340104684593,0.0,191.98791120166152,0.08793681548952131,,0,0.0037886802756932217,0.026669249680342486,0.006970136754885745,48.8486477230004,-1.8857723419060342,-0.8964603485894318
1588.0852379718046,0.7763365289648384,0.07008047241915752,0.06776593417028806,0.8550591629643229,0.03801534062275012,1.5566566015866838,2.111798556000139,0.006863446442746522,0.09628752197914893,0.9526237092763196,0.02538944884453185,-77.91045199174789,0.0,187.8135415853599,0.0844817962156936,,0,0.02578623879747632,0.02562806294389272,0.007252389273691888,50.68925203441082,-1.3119190028355043,-0.6352198730443278
1588.8432418253005,0.7787797498534916,0.07127021637530738,0.06622534644413587,0.8830989466932153,0.03824436119345936,1.518195232664254,2.0218550650532863,0.006734738208384838,0.0957445163807153,0.9503873956524018,0.025964069584898802,-78.00636356088766,0.0,188.8842871996517,0.08134263365232436,,0,-0.0043140225721870935,0.028126550319934975,0.006865071042709967,50.30974006105304,1.1732238761084262,-0.03955481844401198
1589.604444007292,0.7684068461351312,0.07115129099234833,0.06884633742447777,0.8973290527083851,0.0387106501119528,1.5254767791846457,2.0184909906782864,0.006658713797338061,0.09676294778621558,0.9659301514105344,0.025782510175670435,-77.43930530264404,0.0,190.02982360382416,0.0883920817601707,,0,0.0028372524504402166,0.02875853136007188,0.008599789867754748,49.05622749852833,-1.7705338273418814,0.08169290194330955
1590.3528528753,0.7770143874944584,0.07054923923484203,0.06777809634095995,0.9231122879472754,0.03875418209091424,1.5284750661383535,2.033533316925718,0.006729597983563289,0.0975113338395219,0.9716189546136335,0.02612195038782949,-78.2608846260879,0.0,183.82987937470557,0.08681823183825327,,0,-0.003539912726566163,0.027856230699824708,0.00989508902152163,49.04224114662657,-1.4306205642176064,-0.16791496132040165
1591.120451714283,0.7732260683109786,0.07100359689349368,0.06888780444100262,0.863920883426241,0.03807053748538008,1.5193061129478829,1.970100967949128,0.00652474068244905,0.09720585410806365,0.9841520924222757,0.026062248041583816,-78.35673754902432,0.0,189.90276404302517,0.09207614555686494,,0,0.016306821286808576,0.02906842711770897,0.007943072926823133,50.661316223967816,1.030083835751683,0.6271643855321166
1591.875257239283,0.7766746305609442,0.06985134273334856,0.06743409887897903,1.6344067666019115,0.03866778945188978,1.5188414990584669,2.022536632769221,0.0065235810227567284,0.09608320127460844,0.9817370271473695,0.025692278739168135,-78.30621383516336,0.0,193.7405027395922,0.07963708405440868,,0,0.03288080415069601,0.026477225290382773,0.00425078347430773,56.60547588043174,-0.24077475354283676,-0.041097048299627424
1592.614071121804,0.7795572553840183,0.07022207748224506,0.06690736751603633,1.6030739752048278,0.03891563143865447,1.5149712101871833,2.0063585574709584,0.006564412882720016,0.09690309113460539,0.9584623910581954,0.025067561840410577,-77.99103522853872,0.0,189.5086733953185,0.07169429685073339,,0,0.012029025604151049,0.032809452786146776,0.008240773322921795,56.962178692402624,-1.008664955155699,-0.010352977767523787
1593.3560833328208,0.7750004456548589,0.06805575440446886,0.06844316392245874,1.5679123612700032,0.03826245974680249,1.5211300627393132,1.987517166789755,0.00664194866741904,0.09618438972479598,0.9599272384735424,0.025857990626555537,-77.61110087622168,0.0,187.40259161055346,0.0765696113153232,,0,-0.00529001121903779,0.030501352994322613,0.004138204941134222,63.693365858223146,-0.19323980724120274,0.7729910850911811
1594.0885005583507,0.7691675198778845,0.07043927429921379,0.06939003748974341,1.64311689422407,0.03848933749825538,1.515381854801146,2.0031272094196373,0.006536317484710659,0.09584147478890036,0.971673646422078,0.025864837712326675,-77.08263737259952,0.0,188.30685814653006,0.06424750701909751,,0,-0.014800693644638273,0.022703862175094472,0.006797184062456689,62.502718816385,0.5338424472984348,0.7347474069757167
1594.8177194553843,0.7670297693820057,0.06966686161406578,0.06942517855985901,1.6444427986853707,0.03870271392568971,1.508664704569872,1.9687899082211593,0.006684990710170101,0.09749497552921467,0.9513821631731032,0.025555141794119888,-78.27685429308531,0.0,184.7809122380988,0.07872783304756673,,0,-0.015136077421776868,0.029308034939724895,0.00624255470183191,63.22378881344004,0.6955359725043736,-0.45535886269379083
1595.5725249803843,0.7641805909593373,0.07027652681358143,0.07030839491613769,1.6490028151995801,0.03845472986333207,1.5180627927863963,2.000086440066675,0.006739485384268581,0.09582006163878973,0.9675023068172163,0.02603042129940474,-77.34935633986952,0.0,190.33396758502803,0.08551283476194782,,0,0.006009110477365806,0.020928822395140004,0.005287174913347859,63.553223026171324,0.2524004343729268,0.15072462352003907
1596.301743877418,0.7654953927143876,0.06910579442306268,0.0699895259902631,1.5591045243687474,0.038872512774483656,1.5114657982622142,2.014265069312181,0.006774689157504226,0.09621501783504942,0.9532554067983565,0.025445665696826773,-77.65158771171073,0.0,186.71122462574755,0.06840894091232586,,0,0.00453156508680907,0.022196311392029655,0.0064788460260229285,65.13871651345241,-0.5107620841731502,-0.8001141675077081
1597.0245661174604,0.76140798872441,0.06950773229972353,0.06930787973040618,1.6128890574894577,0.03842796402820909,1.511728165202649,2.0214959196880953,0.006663320770670422,0.09687189934473481,0.9533312350659238,0.0250731032761423,-77.34698769468,0.0,186.3927800217504,0.08709540838160418,,0,-0.00673826631785982,0.024865665986792622,0.005728020611468798,63.417025507687605,-0.40552756914520377,1.6143186774632092
1597.7729749854686,0.7567815654388123,0.07118369736871998,0.06914010584814512,1.6066796403353452,0.038923845355738375,1.5415083613159464,2.056369392413568,0.006599972709788246,0.09492962111166058,0.9501305520323109,0.02519358646901863,-78.0073849791018,0.0,191.69218993190043,0.07377780354653049,,0,-0.0070102074589101365,0.022369364959522693,0.0063689680917210865,64.50741380954372,-1.5286515102896907,0.0518422805694134
1598.4989955540068,0.7642489447545456,0.06945565270916834,0.0677292701582259,1.5886255745807654,0.0383960080877871,1.5469982202394195,2.0150736346570404,0.006897872761102654,0.09665038388985332,0.9496618617634599,0.02579815439737567,-77.02334613333475,0.0,192.6714857701886,0.07157446858005798,,0,0.006624709349763932,0.02352499262418595,0.006002958724258673,63.30613943879637,-0.13263999081091538,-0.1693296708509278
1599.2250161225447,0.7673093073799682,0.07004646839187469,0.06953706019437678,1.590459609856231,0.03888000161539479,1.5616682989249266,2.0389200259361364,0.006457072959674801,0.0964420123447473,0.9624030471900431,0.024305650367295758,-77.50530942391838,0.0,188.52693209153193,0.05186396660364498,,0,-0.002620868787998597,0.02044435928589732,0.005461110947149909,63.78637215271589,0.06147139733964448,0.21980622963696286
1599.9574333480741,0.7675317017891968,0.07028014624335563,0.06917263524324826,1.607212241211147,0.03873646365466283,1.5674802169797306,2.040766137702346,0.006770157239496052,0.09628106352587787,0.9395048423559558,0.02407670338650606,-77.95156434284478,0.0,192.37575201333786,0.07040418997645469,,0,-0.01509507786682012,0.025236400664325385,0.006434661608233657,63.85130893419298,0.8484548246741984,0.00046198865355942396
1600.6930489020995,0.7695675550754782,0.06887572246612167,0.06919361620223072,1.7250377386101177,0.03855548262445698,1.581747518504154,2.116775493900786,0.00648378258036648,0.0968223725812326,0.9485309456457784,0.02524702003358988,-77.07739386704937,0.0,193.21873215727493,0.08024472009862871,,0,0.00046835728076304777,0.03159726081288167,0.006985426604580387,64.03024174026287,-0.04711741861336932,0.0534792184139856
1601.4126728136462,0.7703029383088492,0.07078968358619069,0.07007930246025885,1.7738469143470976,0.03821430895017762,1.5879711014183493,2.102886352162776,0.006614977843450368,0.09667663151511294,0.9524823297794216,0.02475870952297019,-76.09182902499212,0.0,189.1672742027861,0.07884605332802759,,0,-0.0012261958110677674,0.036787782945101655,0.007852196002564711,57.67381259465027,-0.09794342659007156,-0.27059178850583115
1602.1578833531587,0.7675327057837577,0.07082805958127843,0.06914133288040836,1.82956901963719,0.03899435874636707,1.5786911934911068,2.1260342074286838,0.006842109952842418,0.09609706883072466,0.947019143990999,0.02466433280417305,-76.57637615935677,0.0,184.41004116521776,0.08806937143483017,,0,0.0219222478943913,0.02888256430078355,0.009907274551309044,56.865094634733566,0.7421118809461165,-0.6753060173073211
1602.906292221167,0.7820351106880797,0.0690715439142587,0.06930080749568593,1.8162730267230724,0.03946022067737726,1.5807250594447806,2.1302888550016306,0.006694357667449229,0.09742534160890215,0.9391415559929962,0.02541626086039661,-76.16520908276735,0.0,192.24414004383078,0.08049681290509066,,0,0.018917732887862117,0.028579457065227618,0.009537127743650651,57.63715774263105,-0.8350697827010093,0.7963474625462061
1603.645106103688,0.7807762506033622,0.06855948732054028,0.06840131281723989,1.513809200276386,0.0387323347708235,1.5874412869458596,2.1081329349150875,0.006552825173139059,0.09679994824571736,0.9419943498363006,0.024960659065514628,-75.6829682448906,0.0,183.30705583059316,0.06015699886044003,,0,0.008256343892306998,0.03636503009801549,0.01325008550987979,58.39952674806708,-0.5624549968906473,1.529594386618664
1604.3935149716963,0.7797876248472402,0.07137644204203239,0.06803345635054445,1.3431422911868274,0.03862641837479717,1.58373171712458,2.12777121524744,0.009976137243888104,0.09807894576523855,0.9465886846908494,0.025789661172018384,-75.70417445662012,0.0,187.47218341859153,0.06010695116061112,,0,0.010363515285890782,0.037421257352779624,0.011039473028329517,54.731986141727305,1.572301637453063,-1.4018481068867896
1605.1611138106796,0.7835542347477422,0.07007129915878009,0.06784149367200414,1.3963175005125807,0.03888546830886782,1.5806991391491827,2.1322279907079595,0.006547617267041222,0.09740208006323842,0.9377673699814247,0.02525978624257172,-76.88104042063794,0.0,183.8515815803239,0.055750428720033975,,0,0.002342226244114797,0.03599425409802076,0.012777272403177282,57.67346928270998,-2.014033336812812,-0.2851142557539366
1605.919117664175,0.7746907767254236,0.07093807110579826,0.06924926859039844,1.3462595977919878,0.03896241392084396,1.62098102922114,2.2205644216123024,0.006774316139565678,0.09631884710769849,0.9355102371035627,0.025369879839655263,-76.07604292294323,0.0,189.9979711145347,0.04622742697573323,,0,0.008413985111488931,0.0434746231286622,0.01251315568879603,57.88947675641911,0.5648655685389573,-0.44598392214997845
1606.677121517671,0.7849656212540285,0.07045709358210017,0.06887056366739551,1.2519774233391103,0.038511679232720364,1.6303157260207426,2.2479812294039885,0.006563083221775639,0.0968990661462535,0.9423200885182583,0.024414977223564827,-76.7488897698536,0.0,189.43545453718153,0.052315371658891836,,0,-0.0018612766745971093,0.036341159495748884,0.010556778686252271,56.83355789689421,-1.2853495620443731,0.27548909957310497
1607.4351253711664,0.7859838450085398,0.06911824944430114,0.06789045930309676,1.0477123805659614,0.0387107210211245,1.630775037114426,2.2459527081072226,0.006775065013009349,0.09736364354136666,0.9502610877078858,0.024815656473824974,-77.13183685905078,0.0,188.83147470923424,0.04643986662889103,,0,0.0030895425241073663,0.04001508353782262,0.010867540289802477,57.099468828525055,-0.4295731320654363,1.228500248973146
1608.1899308961663,0.7876931904325533,0.072103765726506,0.06885630388767812,,0.0384565720935764,1.6253541037813386,2.2465067860601367,0.010022615106784408,0.09731376937690295,0.941929660443837,0.02456998318433398,-77.49806622700328,0.0,187.3402771581008,0.04178937700872958,,0,-0.008275164656956338,0.03549627570490595,0.010909888637211457,57.35663077172296,-0.3771531458684219,-0.6372854997143419
1608.9415380926703,0.787310762740182,0.07024352878476317,0.06888240846469727,,0.03829573766587995,1.6247777973851079,2.2369571896249996,0.010000804105226087,0.09662321857518003,0.9454019382634457,0.024179435291824876,-77.3527080345566,0.0,188.5637403558771,0.046909039592890556,,0,0.011085675219275469,0.0395698047630898,0.012040504335229973,56.85225157793455,-0.02644986247135296,-0.0763948377765077
1609.6803519751916,0.7953879403833366,0.07014143473257922,0.06840240276093533,,0.03893740002645944,1.6337246549421234,2.24545288578243,0.006679051533799978,0.0995198591293601,0.9589571262720036,0.024305715624738957,-77.58149046275685,0.0,193.5551652607164,0.045051042511456155,,0,0.001429856702336904,0.03834991855338584,0.011291203073843617,56.85641143357983,-0.19876085605516752,0.333260374761865
1610.4287608432,0.7899329998004399,0.07107554006091979,0.07034740185011275,,0.038453789638779594,1.5699471804459026,2.1983602521645684,0.0065027602353584174,0.0981251457701795,0.9603365698385075,0.024596822172598048,-78.03394010073026,0.0,188.89335504892193,0.0633812233185538,,0,0.017349300118950816,0.03801127162616958,0.009867142240876068,56.798132273493785,0.5864517161900211,0.23558569598486412
1611.1931613536872,0.79284607952779,0.06965801114273601,0.0690104224985981,,0.03881310622905403,1.5662077746311736,2.1717063177877036,0.006535845843553647,0.10005305392993201,0.9665538592332811,0.025624437097631576,-78.09452061746371,0.0,186.55931610698673,0.06392584924959738,,0,0.028537928373780837,0.04513184402745199,0.01094679424598246,57.21866482930776,-1.4317208251884699,-0.550729647148917
1611.963958521166,0.7984262452769382,0.0706040309655963,0.06945758821672461,,0.03927743152195274,1.6227405934410384,2.2365265651160895,0.006746285983438983,0.09836798870385093,0.9832709835377546,0.0251271231287453,-77.60581534267976,0.0,186.71959381498934,0.07852576558062073,,0,-0.0060315096178651315,0.029382033962751165,0.00873365642384093,56.74192730303425,-0.04345554120718446,1.0052884229892325
1612.7155657176697,0.7977655697206391,0.06863320400911554,0.06732501713096285,,0.0387457081153436,1.569924127738972,2.1835389777135035,0.0067052552813621465,0.09977009599819409,0.9707340458837734,0.023961226961693356,-78.14460720170841,0.0,195.71690821255316,0.059748349507136075,,0,0.003084536116342372,0.03552791163488319,0.007841118087885905,58.30447049002011,-0.11552529529141536,-2.090112126222775
1613.479966228157,0.7993412766415079,0.06919082024856553,0.06911857302816382,,0.039606904805376944,1.5820992879140099,2.190214461148827,0.006503292429163136,0.09801957219192835,0.963437614105504,0.02565033366660893,-79.18985708267857,0.0,186.39050301600855,0.0721294766762284,,0,-0.0019589302019672513,0.03197117289026913,0.011452821892082996,57.14270258131935,-0.7824610421793888,-1.180847963211568
1614.2507633956359,0.7992938250495573,0.06774169926053485,0.06876629082418022,,0.03966475224548741,1.5857846538964775,2.1948577527465445,0.006526085876376702,0.10012327878676196,0.9758489351972534,0.0251737877388162,-78.57740652539599,0.0,194.50508840734875,0.09772135993830137,,0,0.011166422485758287,0.029487802965414218,0.010651426409693226,57.05664515576324,3.0135604917181547,0.6113281072134099
1615.0215605631145,0.8025098430269101,0.07251481165854895,0.06892681674638905,,0.03975171655750364,1.5872132055915849,2.186180025585022,0.003397150451184784,0.09921490460497676,0.9837576651622707,0.026211457969912588,-79.11066194368198,0.0,191.0053951722549,0.09531680781411252,,0,0.01420650090373649,0.029585022768580313,0.007168834883385952,57.01843348316612,-0.663145408807384,-1.3325768603761503
1615.7987543875845,0.8029687493341006,0.06913328577019083,0.06733535032456427,1.1444043208027395,0.04041816216276027,1.5743758742149006,2.196097804928382,0.0032491124562472546,0.09895354447586634,0.9604347361412566,0.02572453701229217,-79.53092159778282,0.0,189.3853744215301,0.10673862977835093,,0,-0.016617930695673994,0.03042551393043818,0.007705202531059028,49.91308847737239,-0.3460887399196801,0.42754421103543094
1616.5791465405507,0.803072156016938,0.07037761714095284,0.06812884303307111,1.133533742759437,0.040235282970702536,1.566636729948676,2.38005805847688,0.0032726439096298376,0.09837437338217885,0.9662191929701902,0.02631036690906466,-78.97233114118579,0.0,185.94351284704936,0.10671627291566059,,0,0.007462565976679909,0.03253290076063219,0.01136630843569004,49.80627100614861,-1.0523978909308707,0.29606300816414355
1617.3435470510378,0.7980711055814963,0.07097976901100396,0.06760641734787448,1.1715158205046654,0.04003075365612041,1.5473426097638894,2.3773175771476187,0.0033651647198638408,0.09895881953259365,0.9721314679573325,0.025966321123455923,-78.42764759901942,0.0,189.68916472882205,0.12319557048628042,,0,-0.005427390822459641,0.029439249819715296,0.011229915145845622,50.04218254590757,0.1060930952971361,0.8651714305512228
1618.1079475615252,0.8028348100548857,0.0686603479109545,0.06733909948885512,0.7691888210868121,0.04553632173811524,1.5735713227213501,2.4399124933372422,0.0033744036275254723,0.09970663219869776,0.9605592311951694,0.026102083481489353,-82.89002982175863,0.0,184.26009962133895,0.18115388061357446,,0,0.00794619737895454,0.04274287018644578,0.01003095099617316,49.251674858879376,0.006249146444821146,-0.9111271392089998
1618.888339714491,0.7965401620190881,0.06955930581363944,0.07002733640523452,0.21043210939344228,0.045427087850662864,1.8025755152732001,2.5127600061173867,0.0067128537401276904,0.09873548744025591,0.9620160648870686,0.02621607245814887,-84.18036476729272,0.0,192.93350504182058,0.2969407491912893,,0,-0.0029767311209135117,0.10423010483594178,0.022639187333673767,50.61451203052556,-1.1490371597489057,1.0496834077509993
1619.630351925508,0.7962695531823571,0.070093309614544,0.07032014123732394,0.2520358608007558,0.046872959056715104,1.931941726938024,2.916854803709443,0.0032737021614948824,0.10017922534502582,0.9018115344505383,0.025903665352727458,-84.77064208314748,0.0,187.55468914672264,0.34001452338657145,,0,-0.016122139921624014,0.1235930922368951,0.02603499845574362,49.16744953763169,-0.4616130320245972,0.43923183001242
1621.1143763475416,0.8001711309728506,0.06899566947620295,0.06864626028672034,0.22499339803156249,0.04693258315909831,1.9380320433294904,2.93368202176929,0.0068737783289328025,0.10235103607273725,0.9060134653249786,0.025902772557787397,-84.64751028840217,0.0,183.40808320348916,0.3489497750825726,,0,-0.00408206807715379,0.20487581632190954,0.0635356578182997,49.54690994725195,0.6992972010747502,0.6230873359135484
1621.849991901567,0.7936171212479658,0.07197051429132514,0.08442474658682893,0.23313199446195354,0.04704043288894078,1.9308637152357468,2.938058226274571,0.006727104421555848,0.10023946879319887,0.8991406991220345,0.021195127717404273,-86.60148187972949,0.0,190.660912146273,0.3545311874316419,,0,0.03571288249734257,0.20458559395499418,0.07939711675410517,49.84886071657717,6.104604763751343,6.291545015138475
1622.5920041125837,0.7967599845168037,0.06835514295684927,0.08872778859722255,0.3063881503562547,0.05174261457766073,1.9233545989230385,2.9176669048637223,0.006682773453644725,0.09888030955764221,0.6191796835652632,0.02110800123049888,-85.79012012863957,0.0,190.932564805108,0.3468412322883457,,0,0.03664114492909391,0.21062669588870922,0.08751508867031921,50.44238037529263,13.3861988294201,13.838922972043926
1623.3468096375834,0.7887035644672071,0.0717824749272798,0.09139360077618784,0.28647914922033463,0.05219201407710652,1.9290659529974086,2.9234744481358854,0.00677623136660389,0.09796674645574682,0.5910707089159168,0.02080866056281745,-85.4432058973862,0.0,190.39247540922943,0.37589048854065565,,0,0.04684846056661289,0.24830063068178215,0.09638293780879115,49.80337212721358,15.765231054953745,15.499937743545349
1624.1048134910793,0.7866224077335702,0.11238956066306345,0.09179658628785371,0.274281104604321,0.05914631329740804,1.8116535337055475,2.906057560544196,0.006819690393168886,0.09252128929302618,0.5832830014060764,0.0207788815340988,-86.55196018004636,0.0,183.2657269416278,0.4136924052808433,,0,0.0250400889635372,0.25537859493943244,0.10232605379086228,56.02045602123404,14.521910067540079,13.412826915141133
1624.8692140015664,0.7782298004302552,0.1261134296396011,0.0923613491353508,0.2564331768234543,0.06301229710828439,1.7895755796868174,2.6785088643570973,0.0067142948239540525,0.09416610256258684,0.5912380839347737,0.020378424274130266,-91.61375452797104,0.0,191.21202912383086,0.42195272457265204,,0,0.045848224676855245,0.2666939005777009,0.14373997348625356,55.8591893170694,14.742913485547373,16.088531407417655
1625.6208211980706,0.7897278361865039,0.12377862553864857,0.09363527012045109,0.2927806994224729,0.06250457303205127,1.8102212024297426,2.7092447401864,0.0067444596021838206,0.09173216714896107,0.5868729833290546,0.02116228062585583,-84.77937336966018,0.0,188.74308001582114,0.4938517281213872,,0,0.0303946285095143,0.2671971404089394,0.1432239010828935,57.70468976079245,13.584754163332363,12.99964283854364
1626.3628334090872,0.7866953930829115,0.1238829566186118,0.10335723327510359,0.2086341434142281,0.06293005277285331,1.9116729950548208,2.8670393187921492,0.006428548784982525,0.09230519737151983,0.589896197201375,0.025176743070606855,-84.23440004735544,0.0,188.55677339999653,0.521685269910568,,0,0.03778230300811126,0.26529055481727604,0.14358291946058913,57.678498828045186,15.914448998508124,14.94967959529943
1627.133630576566,0.789596277950358,0.11199705526639599,0.10357933549490916,0.2401699569476028,0.06276011469096501,1.8128650611024368,2.7207791268373582,0.006657624006960787,0.09194791750050664,0.5808470318780566,0.02086371785325366,-85.619739557464,0.0,188.4563039763979,0.5205032590155511,,0,0.04440358535369597,0.26692264661776577,0.14882779439404054,56.36143642741584,12.208080219495239,14.454744894371192
1628.6176549985996,0.7922970694642542,0.1347884386894948,0.10437303632086976,0.26585929464019004,0.06588039598109581,1.8163689326271206,2.7286417506602327,0.006639704774766334,0.09378146041732828,0.6185875856087208,0.020128210731291226,-90.43129469538319,0.0,187.40504885112952,0.5231681684845998,,0,0.045447653336575335,0.2820279497511828,0.17519032459749356,63.5729963712876,14.144980295162709,14.882027046067723
1629.3596672096166,0.7823945081633187,0.13197799014891948,0.11045767777106316,0.21161975339332634,0.06578168884735137,1.779254792624088,2.665609854663029,0.006820553952790785,0.09308069134723906,0.615068964920944,0.020048190432158122,-91.17858085399159,0.0,187.30640623636182,0.5536565889062284,,0,0.04999494877024564,0.2780362490443882,0.1739043212001471,71.81039305643607,21.224982094463943,19.83161919216486
1630.1176710631123,0.7761505916913743,0.1505951686319441,0.11214631846741893,0.20767424803938728,0.07747649723612811,1.7068444555352413,2.6712317223997024,0.006460041317913826,0.09460444317724584,0.7277786795835121,0.020475832508310022,-91.51372734140305,0.0,189.67580822797797,0.5793406291515437,,0,0.06911002542992169,0.26738220895503717,0.17873299450327051,71.01256415103127,22.82442428300362,21.321181901618658
1630.8436916316505,0.7738899660946038,0.14991871151478856,0.1136981081340397,0.2256925226063529,0.07749402832079176,1.703631677812216,2.6682116496338293,0.00663606863760666,0.09347744198452694,0.7390212940017153,0.019783339201503623,-91.97048847776722,0.0,191.4555282415502,0.5672601259285485,,0,0.05100461516605131,0.26966771011827795,0.1808603823645222,71.04120313283005,22.151963258431167,19.97922251680211
1631.5697122001884,0.7852529208894828,0.15069349316063624,0.11512512459609861,0.18151140785843642,0.0776462597335874,1.817034608290205,2.6280123110853615,0.006749998955437565,0.09337592819533763,0.7398118640466159,0.02892453119866046,-91.6210254514687,0.0,189.79434006317382,0.5616540737882759,,0,0.07963739111396126,0.25719546579105385,0.1791409823189112,71.33174521437198,28.842639379393624,22.29498348085534
1632.3373110391713,0.7907201303594086,0.14847121648910333,0.12153757825209349,0.2002847472766909,0.07793646754272017,1.7111922127595578,2.575779519347726,0.006534654219285622,0.09324013373999064,0.8058471990793502,0.029259571153696325,-91.06576501491641,0.0,190.60008209056286,0.5676214566024145,,0,0.05863074330733633,0.2602680820452404,0.21093606243919677,72.1129510102416,29.98285842756255,28.120438968985717
1633.040943308239,0.7733772788073818,0.1518729266510927,0.12093165161704632,0.2514482567641969,0.07756246733083531,1.5409601172968195,2.465146897079595,0.00657613433804993,0.0940327105034489,0.7232284260488163,0.029738599448773214,-91.60665173398617,0.0,190.5774881438552,0.5927639605019992,,0,0.08288571437736544,0.25922217723865354,0.21179911303581814,77.9255745982992,28.40528128291535,29.187598398053797
1635.260583284298,0.7926340690656895,0.13518047928358565,0.12404427302829356,0.1790313637903709,0.07301874080108511,1.7104682373052937,2.5985360172774463,0.003575497408730466,0.09243470796505505,0.733466539200978,0.033418202577144174,-91.213375527644,0.0,192.40515133464558,0.5866772024502976,,0,0.06041687882605449,0.25246975824882195,0.21590348521883676,78.52886116042825,30.737143798796065,28.59322767354162
1635.919438954425,0.7528960677155714,0.1504172782803358,0.12260745603981435,0.17885971569054154,0.07838927318388991,1.508060416840253,2.5948028586412346,0.003353299350389546,0.09488538046928717,0.7863743415696858,0.022667904513519025,-92.93078037972812,0.0,191.52440121817665,0.5790838447923258,,0,0.17125604374426218,0.25535723172096625,0.21573115828830502,76.74837079404001,27.675679826256914,28.02976772441523
1636.7062277643824,0.7570070354966821,0.14934451937856216,0.12555760510830583,0.21296503099671465,0.07796454678506794,1.504137817918796,2.5873441333946308,0.0031874947267388305,0.10001666222313219,0.7631498057905938,-0.0022541366211461934,-94.04159546095745,0.0,192.28907561007213,0.5889703167328914,,0,0.1701292869992549,0.2533033370858952,0.21768938990573347,76.87693898588356,34.10958507943753,30.216577022997924
1638.8746944845093,0.8008578486623728,0.14844247099749042,0.12703243456401403,0.22789289078686742,0.08215613876888347,1.6246456978158699,2.6040341216300735,0.0035665077544559235,0.1000872094805584,0.828853168444167,0.022840183835271297,-93.58441905051939,0.0,190.9218912808648,0.5782322437897801,,0,0.17511781421234288,0.25180068854652604,0.2190800219624164,86.7371188967097,42.59788706265916,36.20584870106096
1639.4791785702084,0.7573189985618483,0.15032601499936535,0.12676011217544542,0.21808679676236692,0.07777301149433022,1.6210059337054017,2.4782904909154517,0.003408982426935101,0.10146140898922262,0.7915046823023585,0.02616092053385226,-90.35631182974925,0.0,197.60509138016903,0.551974283850854,,0,0.28609931554021606,0.16614524382282228,0.21672248245601566,93.901702216506,50.290287083204475,41.39414434271566
1640.2979506651234,0.7503902265937176,0.1509166659478686,0.12641734599624627,0.2437406779827132,0.07774931896808285,1.5881941841986993,2.4229415123016773,0.003261952793799957,0.09960242660158282,0.7824336755171123,0.026276143831867948,-90.93784386782333,0.0,193.5931760189212,0.5159071498395649,,0,0.29049967327291437,0.16617534696407488,0.2118821920067685,91.68856240279831,56.37841113298095,51.264065176016366
1641.0239712336615,0.7632959091718864,0.13687808558252018,0.12667064035403053,0.21755685472082953,0.07295418487172463,1.5836377848208414,2.368070921205961,0.0034321935350433317,0.09904177427370589,0.7204279782247232,0.026458192488692172,-87.51171390231183,0.0,197.64369499740835,0.4125019131978133,,0,0.2819564841284349,0.1668681192419774,0.2124228283933279,92.16623148293856,63.644012187348096,57.74607334138621
1641.6380503048479,0.7669037136245128,0.06929705706285441,0.1265617139006772,0.20555825845961057,0.04148666315724969,1.5834318274014523,2.3797491876601815,0.003585933953766894,0.09676632601847099,0.39987124849481287,0.02658844484653196,-80.20849635548953,0.0,198.1686562057295,0.41259368126122353,,0,0.2789529461677803,0.17340440395613835,0.20791984430726834,92.99994195273462,71.73940908243343,58.094007780121736
1643.2723961661825,0.7704879219396251,0.07067480109666946,0.12529586945057639,0.2866489459595344,0.03987770374149817,1.5655675724941263,2.3768185842983067,0.0032403609793570857,0.09245829465969273,0.4073558985947736,0.026503853030179398,-80.50046833460411,0.0,197.9045132006976,0.4047952105634516,,0,0.28232434402372825,0.16507228707730595,0.16224708556413378,93.43300637413401,70.71656834649355,56.17723364461233
1643.9088635368391,0.7689559069391458,0.0724967645454512,0.1208668410889882,0.3186555897639515,0.03894988434286281,1.5906304688959556,2.1823832970921058,0.006663514017584066,0.09328370465159103,0.38950404788160325,0.025709979340187573,-78.7904976455795,0.0,203.83691868867496,0.1080685581313456,,0,0.3062009955329061,0.1639497607285531,0.15908973800293952,92.8081771632721,71.48142830004008,57.907651697345
1644.6284874483856,0.7702617773914413,0.06755293516328158,0.12170898359711123,0.305073941186088,0.038352218229566463,1.5887961444892522,2.1334545077841476,0.006648033839639087,0.09712532960468724,0.4064667199099691,0.025735300543199103,-76.67965093043625,0.0,193.42850911520478,0.10514959894322515,,0,0.33154726696497083,0.16625649540582474,0.15783716382460333,92.73544860700702,71.81183431584262,56.75437182046649
1645.3736979878981,0.7650076892779087,0.07119779032588276,0.12172456253529089,0.34914941393355403,0.03823615253141909,1.5675872125569652,2.069726363227264,0.010011864714797512,0.09610979704381052,0.3880060255422536,0.025775158148463047,-76.84080799424872,0.0,200.59474277477923,0.10232344119543994,,0,0.306773687213695,0.16812982716235353,0.15165400872971635,93.08780644982104,69.15031218143393,57.717905893887284
1646.1125118704192,0.7684368438006435,0.0691838598140114,0.11032889136996554,0.3736593410196548,0.03854310417222229,1.562183141638908,2.0661368796038535,0.006797820851046271,0.09701461556657223,0.3911813409513436,0.025760396618491336,-76.89823582654928,0.0,200.0388444520901,0.09832538170166544,,0,0.2966974344578274,0.16140653441070943,0.13147106550287535,91.61264457923215,71.1399528685095,57.223937457116556
1646.8577224099317,0.7738800159494414,0.06647490933546231,0.1053226352352657,0.2861944709011293,0.038117249998260536,1.5444188975785227,2.0513948865640246,0.009881944553643836,0.09793569351949082,0.3936360107503535,0.0256101604139497,-76.49964396080415,0.0,200.8007096982814,0.07174072651269196,,0,0.31130654312618294,0.15869115972182402,0.07467367600949142,92.64320761128575,72.82754232615434,56.45728265533612
1647.596536292453,0.7659790578405845,0.06648664963590967,0.10290737815288918,0.32714535018303326,0.038253816616949286,1.5355765330671212,2.0752552675265328,0.009975517867300245,0.09540693166636725,0.37691987917028164,0.025489111430669224,-76.2523079223581,0.0,201.02794920919533,0.07194733145171522,,0,0.3250777044319661,0.160250176425604,0.07181466035815877,85.89348480205884,72.23767588560675,56.81819909979693
1648.3321518464784,0.7658187758111525,0.06651344854025917,0.09790881464245693,0.31580329549157804,0.03765091381781088,1.532558374173638,2.0466194397876936,0.009800478488117489,0.09605746970891188,0.3734315780075189,0.025476105401679345,-76.46454628504536,0.0,198.29064697510006,0.06526387266104726,,0,0.315077937138449,0.15716498541347707,0.07374580151354623,77.45004947928604,71.1762043422772,57.73580298298611
1649.0741640574952,0.777010046781237,0.06956658501219239,0.09246583083417195,0.3716152612703405,0.0382244541758803,1.5090995143857804,2.0625788210743847,0.009982194629007391,0.09528315312939768,0.3935870780130721,0.025165575268628827,-76.33079973307755,0.0,202.5498948618474,0.06601082125666448,,0,0.19931174606011823,0.15270135609622318,0.07099399974157565,71.30968308401174,65.19642784424386,49.257285974109855
1649.8321679109908,0.777760627776713,0.07046638422894218,0.09103561183062184,0.2606499412900696,0.03830719331737828,1.5134491255381448,2.045721071885165,0.01003281558966511,0.09751700222677749,0.3692567613212982,0.025667920290670092,-76.16919325179391,0.0,199.7005986659643,0.07107659631058386,,0,0.19356353852395666,0.14670073889321886,0.053420369376717965,65.68187592559843,55.743315708728446,42.87318396754888
1650.5773784505034,0.7744894535655794,0.07123073543646573,0.0850620290477148,0.3536501301235445,0.037823301597334734,1.5091703383085209,1.9850932910056867,0.010064495709290638,0.09911853860199844,0.3851283575593843,0.025194766027803066,-78.51035855477592,0.0,200.92320297604167,0.05429515049915934,,0,0.1875330333606654,0.14582974766835333,0.030994612910237442,64.17257505546777,49.99681254552581,36.32752800260333
1651.3097956760328,0.7774021488812697,0.07117941150237929,0.07605646873655408,0.37017590849202836,0.038318853040145526,1.5099118361206665,1.9803278274276253,0.009935051898138817,0.10364397074411362,0.390651281287608,0.0255355262672102,-78.78814283063728,0.0,202.46713264423883,0.06826666335869369,,0,0.04473844463983343,0.14256159327424742,0.02677411793410206,63.61547507249514,40.956290395910905,28.691008116761843
1652.0550062155455,0.7916135992992949,0.07054680707286817,0.06857856598890673,0.33638827127409615,0.03831200747766476,1.5053383618912182,1.9680085404895349,0.006518089782620536,0.10408855231213124,0.9383836974344859,0.025123031859796592,-78.63479886720786,0.0,207.9752497664753,0.0750812815680416,,0,0.05446882445637996,0.14666276860316063,0.028005111966673598,64.41238596910586,36.424678928562614,19.832084065381057
1652.8130100690412,0.789899853167127,0.0691470743134929,0.06865987476538547,0.3600158232073789,0.0383787348910114,1.504817149799242,1.971657669348693,0.006682702357749454,0.10257038348117575,0.9625927909518862,0.024398129133111256,-79.11435580859785,0.0,211.69022473162522,0.0673510912196037,,0,0.0486888252983468,0.14731256231201204,0.012654312218087627,64.81873370264262,26.649077384246947,20.117064062441564
1653.58380723652,0.7924001073486966,0.07012794548917689,0.06772404949972093,0.31925135997549836,0.03899342906859707,1.503467925186114,1.973438471297323,0.006685270714370459,0.10357359424981934,0.9964050115987305,0.02518546159319698,-79.15278671481099,0.0,203.8145147238731,0.07428431999014257,,0,0.05598068535935616,0.14774620740751865,0.015250459082181957,63.52476453276548,21.26881230469827,16.084024500844368
1654.3673977179817,0.7773414347104188,0.07187353752268213,0.06729345741757015,0.19664400352840677,0.039478865195024616,1.5367121204841407,2.1265983425734793,0.010108504467358278,0.10422762203558845,0.9854245887463112,0.025054906307405027,-78.24509812136652,0.0,200.90417955464125,0.05674653976144727,,0,0.06552756834766439,0.034040562080440505,0.016276616099267227,63.25603544318702,14.568330012825635,7.784229413346647
1655.1477898709475,0.7773497644411699,0.06896582715675773,0.06868528197436166,0.2467586043526576,0.039321423296597054,1.5693423397240611,2.1189371384603666,0.01002062251950524,0.10403652328619853,0.9776654525524023,0.025437040106060443,-78.4784964921928,0.0,205.02950741721114,0.08498831037605946,,0,-0.003584900356399352,0.039308159706763275,0.01794358357779479,63.42918538617192,7.509419159837163,-0.5827062161734105
1655.9153887099305,0.7762585193011187,0.06948559012684358,0.06920022053730188,0.22749301695754237,0.03933578146553429,1.5197169727966293,2.0936199207852413,0.00995698475606064,0.10367666829696352,0.9944354331856959,0.025159370189197047,-78.88882719731997,0.0,202.26043190897238,0.10174141317949362,,0,-0.010874979564536345,0.03733876755497931,0.016564028475405484,63.81734155012135,-0.03246708824250624,0.22869645340884928
1656.660599249443,0.7755937301013411,0.07091907606337391,0.06932594946480787,0.20734229219068834,0.0396797864664607,1.505824332634582,2.0988628841826134,0.009982181722794487,0.10352655033623377,0.9869617823542675,0.024656423362824732,-79.00942265485685,0.0,202.1468347902715,0.09182614821311601,,0,-0.011139807483127404,0.036766947925962426,0.014605581981246576,65.38520481936315,0.3382827196379917,-0.41003051497773824
1657.3930164749727,0.7746867368260548,0.07179770990101676,0.06840046352991533,0.2049936813461941,0.03963400779959556,1.5078548897038841,2.092212125832879,0.01010055284767698,0.10397603450113505,0.9879753666484749,0.02417942874419418,-80.2669302600743,0.0,205.36209434865827,0.09737088350893609,,0,0.018809724681601133,0.03976081822498406,0.015085784475610004,63.927336310729274,-0.13409160044445712,0.5207791544463329
1658.1350286859897,0.7736195844510857,0.06964029189341042,0.06792560142726678,0.2045186800961739,0.039243909110335165,1.5670651468818013,2.097715965380698,0.010194043058129182,0.10287984219376227,0.9777336793547334,0.024720126127381697,-78.64661142869156,0.0,201.38962675635187,0.09413463445393408,,0,-0.017575098649382965,0.04092733656405278,0.015008325210005603,70.27831994651612,-0.8911666752630715,-0.5151282376171522
1658.8610492545276,0.7763831779158094,0.07019622463929402,0.06828866241430545,0.1843019116704865,0.03932156563649233,1.5969178595267606,2.1193904316305585,0.010027207033297241,0.10581966210867197,0.9781650053954684,0.025338519870463306,-79.45555420360905,0.0,200.51742530689341,0.086375176043157,,0,-0.008554304656213874,0.04138943413929106,0.017758270809534064,78.72507438369276,-0.4430915598434636,1.1974930866804183
1659.5806731660741,0.770150028342686,0.07121766548313616,0.06866717131383639,0.2874910829770951,0.03912699454768428,1.6471860454231717,2.201525309618443,0.009817524802518511,0.10368517061970915,0.9749651967080802,0.02592480691241968,-78.57474693884384,0.0,203.81989470988847,0.09683433508073579,,0,0.0191485787565444,0.04000165160302314,0.01707903518049892,85.38945608642284,0.47877869569148784,-1.8604857330876567
1660.3130903916037,0.7779179679058148,0.06863791401823842,0.07067060637614878,0.23287957796035008,0.03902169965413093,1.606104575706546,2.1272699701695186,0.010011573124382016,0.09958538749514624,0.9668591616465829,0.024375981610383866,-79.38248528677788,0.0,203.62049765710591,0.10134357370364531,,0,-0.002858582669268736,0.041240600568627175,0.01670701959890941,86.112184616163,0.6989185877769895,-0.9318364998610278
1661.0551026026205,0.7740958459606546,0.06834110240381866,0.06922356534836742,0.10472925145973636,0.039432971080611216,1.609365498545526,2.185509761653103,0.010062088764244569,0.10095595159111338,0.9760951366337466,0.024792331164471448,-78.31411486454252,0.0,200.94266843938118,0.09623734255017267,,0,-0.006690438950640468,0.0384535440065534,0.019666793037019965,84.98916323065997,-0.39125891882686276,-1.3095028005299396
1661.7843214996544,0.7742869738581225,0.0667879291794959,0.07002675747455861,0.11513399326370197,0.03845704459257515,1.5708085810852817,2.1190035330600345,0.00993862567017908,0.10030958588408155,0.9572640951885092,0.024966540112855963,-78.85433235287312,0.0,206.42799328537617,0.0972241710504469,,0,0.006800849748991673,0.0364457495208704,0.01701870253446843,85.61597397019419,1.5062373434415064,0.7679203020132531
1662.5263337106712,0.7622590478201177,0.06541128821049733,0.06858210992022602,0.13134777348411203,0.03880280870519225,1.6093802419885375,2.2061856360254803,0.00984198284190978,0.09907179687793659,0.9564795790073741,0.02690379886855929,-78.46796644582214,0.0,199.1934930274729,0.08656898532205211,,0,0.00425612760637922,0.03368546726133426,0.015102067276978876,86.1695663181817,1.311487579211812,-0.4103635717054626
1663.2811392356712,0.7878060831448015,0.06757493616765374,0.06947841743910094,0.12354871404712862,0.03832483207853617,1.5852717407380321,2.1406837720938268,0.009983035586770706,0.1010928262312785,0.9586553529205218,0.025903503103424878,-78.79078292600043,0.0,199.77715493343376,0.09040391560222892,,0,0.003825487302398435,0.03212381742871653,0.018440174131128723,85.94757921094576,-0.4570427937713434,-0.7765631037003264
1664.048738074654,0.792425148049786,0.06768369114906561,0.06876770902858928,0.1527114571311694,0.03849960123117379,1.6009799318487636,2.168897097334944,0.0098508893543464,0.10045649144625611,0.9610052838143367,0.02605795237210843,-78.20783135165463,0.0,198.61636518501922,0.08946440225079635,,0,-0.013029687372301922,0.03264768198998072,0.019166228617719754,85.68830578559204,-0.5172314753077073,0.9568655179756571
1664.8099402566454,0.791839699957736,0.06672619160909785,0.06778823438432756,0.1063200164686677,0.038840318076343604,1.6013066864231802,2.1693424522760396,0.009954470379944555,0.10105698155129715,0.9745777858772088,0.026800102490022838,-77.53027063054769,0.0,202.40821906937762,0.09477983474726659,,0,-0.008980880805400009,0.03650484316938975,0.01584853599442978,85.8610692964502,0.29877112064334566,-0.5737859324024478
1665.571142438637,0.783762557261769,0.0641784800570047,0.07119232579309788,0.11983960045408316,0.03851162181858671,1.6273100670924647,2.1731085859803105,0.006695093145305201,0.09955981841227365,0.9453772152994213,0.02602077985243117,-78.66458506569411,0.0,200.40339089007196,0.09744810591819124,,0,-0.01576400310820549,0.03212422939748525,0.016141037298430312,77.1366882794696,0.6646664371438922,-0.21228787502202248
1666.3355429491241,0.7867930199439921,0.06661300923481624,0.06864862853137173,0.10054636192669446,0.03832199976714287,1.6221010375397156,2.170198481619312,0.006690864170980789,0.09987111651160055,0.9523946436236951,0.025562028992579117,-78.1562001156191,0.0,199.11361802278194,0.09910108460539335,,0,-0.003413136940987465,0.026893130663016702,0.016511012630530945,77.26536395555752,1.1456350048424402,-0.3415569254956976
1667.0935468026196,0.7905099001780129,0.06557263349669323,0.06820161820939111,0.1074604805677242,0.038916508172912555,1.5801967786828806,2.1419337817229933,0.006538593990234543,0.09994122868875803,0.9510210306312193,0.02562300553232416,-78.25829900529538,0.0,200.03709068714147,0.09007739102064051,,0,0.008774844462092537,0.03305587349129401,0.017142053673870762,70.86820741892672,0.9041176810539713,-0.11797746094519942
1667.8483523276195,0.788815028869441,0.06680704693115241,0.0695588400311811,0.10217034544980796,0.03918286301288445,1.5702591598433266,2.142893602551718,0.006965833895179819,0.09913252172629884,0.9472307147505803,0.025137582443337383,-78.10217431343435,0.0,199.1062261464123,0.08751516172361351,,0,-0.0075218137658137115,0.02978659294782858,0.017270064931403612,63.49960391788328,-0.5192032788721802,0.4177426434670564
1669.3451700636363,0.7817623104128777,0.06715600469767162,0.06933273618218835,0.1491665949353802,0.03840218466642828,1.5865629539440953,2.1712916264053836,0.006776111984653054,0.09929556300548419,0.9196695781929609,0.025115778647739402,-77.9763658551016,0.0,201.70861101882767,0.09835790616767222,,0,-0.013128890257918996,0.033378764697352827,0.018898942932212334,65.09785655215975,-1.3580785821679562,-0.010383699034052089
1670.087182274653,0.7762169473261394,0.06571464937882146,0.07604073810767802,0.07541564036340923,0.03832486612014257,1.5827203862994355,2.1588400099963123,0.006635411160265379,0.10054082912739988,0.7356431063770531,0.025043206140312194,-78.62386295315036,0.0,205.276292715128,0.0992427486731924,,0,0.027579813554759344,0.03621654764644952,0.02064258284499964,57.934706190098424,7.215140339537238,7.289265695706234
1670.8036078577038,0.76387570911182,0.07137653262591104,0.07653156889937841,0.09293958947645528,0.03891335044730975,1.592421765307925,2.1682089932737503,0.006538799862934723,0.10022440192469,0.6990851556951025,0.024799952846238434,-78.4099290020733,0.0,199.3898966638922,0.09838050568457668,,0,0.027533521853634828,0.031738542453627464,0.01936153087816196,57.03530687454014,14.716671714497963,14.192614630460213
1671.5200334407546,0.7526606172079251,0.07159636738527668,0.07595845042548832,0.15091283640312544,0.03848097466352746,1.5816177627687933,2.1485294800514145,0.006727015272172395,0.09866802724166375,0.6935025983389724,0.02521639933887171,-78.1431699122169,0.0,198.38789397090028,0.07561980946579791,,0,0.038425936236871246,0.03408735392598729,0.01676103982476993,56.502764449396764,14.635017541235083,13.060327261327243
1672.2460540092925,0.745395630942149,0.07330996075971083,0.07630643801947326,0.196473973633893,0.03859480599133669,1.5852986426209892,2.1475030355722438,0.006657869520538213,0.09989389550280939,0.6943258819515993,0.024860275181557923,-78.34855097883099,0.0,200.21821826084172,0.07486603215471034,,0,0.054501487946303495,0.029206028876031253,0.01711640083102194,56.87462725383836,14.427766805266156,13.61988892556302
1672.9560829353518,0.7459767804940022,0.07186115783393678,0.07492269597674882,0.14531872353433023,0.03904953355148909,1.5896550852968685,2.15326496512754,0.006633330627849163,0.10044108361468945,0.6953045522026428,0.024932393877562162,-78.21394276122822,0.0,205.16387351713718,0.08695991549802967,,0,0.04633940030433724,0.03694730834972473,0.01900530323056752,56.88079206724954,12.954441876096055,12.876493513098117
1673.6629135329154,0.7456843420382274,0.07417564008693482,0.0769948722851393,0.12991068065346775,0.038605366972929746,1.6154667638291151,2.180922897704161,0.00648933601015983,0.10073279937868897,0.6974723745633223,0.024762769897754645,-78.30162416377364,0.0,196.9584222024512,0.06860199553307945,,0,0.04194044725103725,0.028331772980204548,0.01952786662350206,57.69301821865403,15.116969731029972,13.649230042224978
1674.3953307584447,0.7509088900662606,0.07239583574082052,0.07843868975473334,0.40153268842727596,0.03831816887593525,1.6271051235253053,2.169234308950675,0.006626865332972191,0.10090006578650673,0.6920465355625707,0.024976050108543375,-77.61857003103331,0.0,199.28420321415504,0.08399794374435324,,0,0.05426472782620575,0.030619687887464116,0.019459905936326023,56.193599576250406,15.003891860745286,14.374032059445753
1675.1085580129998,0.750103714233612,0.07461024799380138,0.07909120467078379,0.34731427752487004,0.038469362590171446,1.5812984005468225,2.1697143550223768,0.006623060709304141,0.10021937399544452,0.695126871357167,0.024939014482264838,-78.37146433078046,0.0,201.95891806176942,0.08366188417182623,,0,0.05491826880635142,0.03588090497653748,0.020792943656740424,57.14075814207221,16.90489722146167,13.539686451397873
1675.818586939059,0.7446253006584798,0.07442149840724116,0.07703433228760576,0.35342253278340857,0.03879797656766605,1.5912828679765016,2.166708911403114,0.00675335528369175,0.1009628041170109,0.7139927969652489,0.024713727315649508,-77.94222394423919,0.0,206.81952809118624,0.08392364878819665,,0,0.023599174515899667,0.026061634805691493,0.014520420225281161,57.52119005181499,12.739023165425262,15.75896458148752
1676.5478058360927,0.7511824401243862,0.07433390112075308,0.07799694262989762,0.35275646488958756,0.038485118678028174,1.5887496257908715,2.161201370012942,0.006648492587065455,0.09985631480338762,0.7044230053316464,0.025916584018209825,-78.56944450568741,0.0,203.6921239783959,0.09577238801819059,,0,0.04501472898606715,0.026197560817065525,0.013606090468754157,56.810232528050854,13.94316113386883,13.865159505853402
1677.2706280761352,0.7490620063514745,0.07276909234314843,0.07801774944094866,0.33883230897931377,0.03939651072368234,1.6263567974792066,2.192598385306211,0.006492220501455707,0.10029212998200934,0.7456430948009053,0.026341562576472292,-77.35050670353552,0.0,201.33775142525818,0.09131274594402311,,0,0.061736597447649505,0.025684366003846507,0.015145964665411701,49.4244199932002,13.251916076875908,15.083111059350609
1677.987053659186,0.7454764663675671,0.0727932580928277,0.07347701493231265,0.3696406634142346,0.038695457862496015,1.6190903996289314,2.1779399206656946,0.0067755269209458105,0.1002804477208774,0.9108328116296911,0.025450959684050405,-76.80192300560836,0.0,199.86775582098323,0.07970059576477634,,0,0.030130114459215457,0.030037326003565915,0.015119848389109642,50.883079755548714,14.887916368931045,14.072682155746199
1678.7066775707324,0.7468360636311137,0.07295340499980546,0.07410579417070515,0.33718336939273147,0.03830820793179,1.6243927992204281,2.1012302842355055,0.006872380081779057,0.10209654272976103,0.8993538666987672,0.024691459064777564,-77.04526077577856,0.0,201.18388135731254,0.06844245077269788,,0,0.03534690260958628,0.025092855905828666,0.010678564000757859,50.19188139309353,16.67315912575312,13.868370692598688
1679.4263014822789,0.7566781469365793,0.06984886276279043,0.07207588632397129,0.31832280167082594,0.03861386416120245,1.6269596250956455,2.1178384099118572,0.003276019340456978,0.09957393253534783,0.9110403737979895,0.026005894971992006,-77.15060578883613,0.0,199.2118888412061,0.08248999064014145,,0,0.04417891775933864,0.02610609557235732,0.01245798462531023,51.28694315351021,14.347761926065147,15.191202618472612
1680.1363304083382,0.7576020939122908,0.07024538864632955,0.07115913430117922,0.3391499307827287,0.03837771451932797,1.5786472436530377,2.1218102856008305,0.0034502885160836616,0.10077381201087972,0.9046605802512139,0.026574995008037564,-76.96122231469421,0.0,201.84843107417015,0.0885969144023473,,0,0.06238580137059836,0.029245177200643336,0.011352941690215921,50.78836838661998,9.275425911230151,6.357847376020525
1680.8655493053718,0.7584679057884496,0.07039133349051246,0.07341688071305702,0.30029105321763755,0.03903422386116369,1.5764437862237832,2.1227053130496674,-0.00013856556511424544,0.09882272506751197,0.9317509297693682,0.026390395857725034,-77.20105953312003,0.0,199.0524871936533,0.07445381940804763,,0,0.00013067404089577586,0.029025367492067453,0.013630421266571206,49.48060208288928,-1.228610779323183,-1.155173733371012
1681.617156501876,0.7784154986995259,0.06822619564501664,0.0722690827434742,0.3037082087566581,0.038843422004165996,1.5913352597884818,2.148575097290494,1.8319526884480085e-05,0.09948669410696792,0.9461175988626803,0.024787257344518036,-77.64446546857752,0.0,201.5446089173186,0.058788535017946286,,0,0.003744902778543205,0.024967595525999357,0.01523360172897416,49.29259894254108,-2.8172405258748143,-0.2892626153154243
1682.371962026876,0.7818306572786545,0.06902626498028522,0.07357195756218614,0.28491172246746055,0.038888390177840806,1.5588353205832126,2.1232022993276685,-6.075210157296686e-05,0.10288989431998723,0.9246411528982568,0.02585808425910567,-76.3350103290135,0.0,201.71441209267678,0.06562779127859972,,0,-0.004676691696496264,0.03178804128092503,0.01749171972281326,50.23084696353524,-0.9310090615015064,-0.6591590381898694
1683.1203708948844,0.7880528034378035,0.07023070692520554,0.074182351910493,0.2668811205332462,0.03873768567262501,1.5824786533734818,2.119034047369391,-7.081393830727587e-05,0.0997192286321656,0.9371546441138764,0.026564668328530147,-77.34908086948951,0.0,197.26475238897055,0.06858599199764011,,0,-0.00037641067254131136,0.03522698529410601,0.016900081682417332,49.584728593472796,1.1368714957000787,-0.050386813522045146
1683.8879697338673,0.797088084710094,0.06976089323462575,0.07260950019627181,0.2586272692333765,0.03918006255805223,1.585871566080391,2.0287318216511014,1.1391373983007436e-05,0.10471676532801183,0.9399646031738795,0.025459553975150373,-77.54578162977545,0.0,207.55987120328268,0.07914650524862156,,0,-0.01958775024746853,0.0355697460982048,0.015324318266988188,50.75728241495644,-0.28460251324543795,0.31734427653680625
1684.6619652298416,0.799065852340134,0.06934019220563978,0.07289621353411276,0.3043124516884684,0.038915611179647785,1.5712430078482427,2.0566400930940087,-0.00011247295004668759,0.1031447215187369,0.9630253771750701,0.025904866772396794,-77.90843464410173,0.0,199.4046766135162,0.07211234618438704,,0,0.0014164784066424854,0.03127231578451947,0.018901079001141203,43.12800789652817,-0.2102905733043934,1.3778538046025686
1685.4327623973204,0.8011033371794064,0.07128199051746693,0.07041142457413188,0.24301518124362254,0.038465821107195076,1.578447538362101,2.0308395779125012,-4.446500396658173e-05,0.100381352178241,0.9578271661825972,0.0252292884834862,-77.03964691656373,0.0,200.8942978074798,0.06107931243020246,,0,-0.0014742918971455661,0.03872080723832586,0.017564932974337137,41.27745185530087,-0.1881203687359295,1.4755057239819243
1686.2003612363035,0.7948986298866331,0.07043237201315239,0.07144215883005336,0.2427296305521341,0.03915950082715374,1.5792289714625078,2.0456145758220687,4.7154980885469544e-06,0.10470341196190634,0.9641732300129608,0.025241777821044403,-77.43275148808316,0.0,204.16372699497884,0.08196749837369625,,0,0.0007455411183976946,0.03749675378308368,0.01855156108556414,43.21466995569096,0.6773187846792712,-0.7952928462392442
1686.9743567322778,0.7924374399801793,0.0703084384947537,0.0707215536183451,0.3054358289765044,0.0391646107477748,1.590138296068783,2.127500526746846,-7.218841932759106e-05,0.1030475341125075,0.9514101055136346,0.026201721706309456,-76.90096398461034,0.0,204.21607685104811,0.07657662493308676,,0,-0.004645545026480253,0.03690337612654854,0.01684788589732572,43.22390383279469,0.564540585705915,-0.9740055299118672
1687.738757242765,0.7942629542061989,0.06917231990105109,0.06917612973378737,0.31316540147502003,0.039460938254254264,1.5902424771810695,2.147205019437776,0.0031056934860535625,0.101007699176198,0.9622327612683486,0.026038997582085728,-77.75249076442093,0.0,199.87755162518633,0.08231002862509,,0,0.011345609095241412,0.040277618344447125,0.01874520027426812,42.62732625434986,0.8595449289516182,0.32419399652758224
1688.4743727967905,0.7568077970341318,0.07044487051750299,0.0699375274134846,0.3046817345093062,0.0398329895324987,1.619600051169136,2.1184772338988664,0.0034203081540095945,0.0992827733314028,0.9608190852937768,0.025787554855777165,-77.36028466936807,0.0,201.9548658839695,0.06616957048550828,,0,0.018633760062313896,0.037863919074546344,0.01991748077334068,43.02346547678816,-0.5469121904892079,0.3796563078359006
1689.193996708337,0.759430267249966,0.06814011435683534,0.06771921669955477,0.24419335740017323,0.03885634639035806,1.5850014193147386,2.124772475877636,0.0031788290985761253,0.10104258113875458,0.9748693380602764,0.025980619849363406,-77.5563287195002,0.0,200.16325279349525,0.07718774195785519,,0,-0.005084769326420029,0.03531781076193702,0.013933691428051304,43.71984855241914,-0.4255789177206774,-0.7734147143433758
1689.9232156053708,0.7484873194833779,0.07090177185403565,0.06977209393525971,0.1942075566186376,0.03912491663477248,1.5821468164895656,2.0429813412344044,0.006684958598730427,0.09831964024090636,0.9512840397773626,0.02663987937421366,-77.0791901317621,0.0,200.31653529974784,0.09292590081872718,,0,0.0028053744382094074,0.03457174401733535,0.017937485309989617,50.835180138270786,-1.432892332028748,-1.8360844561146052
1690.6332445314301,0.73985308713927,0.07087796980528721,0.06696098068315408,0.2765842971658715,0.03922632049457214,1.5824169091304605,2.0907207776430723,0.006671997560643321,0.09893536928141097,0.9583705347225489,0.02618991144862963,-78.29544757608684,0.0,204.6885315087584,0.09388153672940841,,0,-0.0008403275425438473,0.03951770564377673,0.013843422595547484,57.91815366325387,-2.152459619478378,-0.1283921676291284
1691.330480143506,0.7463130715988351,0.07150270502230051,0.06878216306164557,0.29086400047187827,0.038761424860132815,1.5870893761246136,2.123127045497189,0.006695246831167609,0.09960308033801334,0.9532656605000105,0.02591748649570115,-77.51516094294523,0.0,203.1901702064474,0.07642737859023563,,0,-0.009758631415990737,0.03589854735889913,0.015045420509950787,57.664183817649345,-1.3414008988401214,-0.20813937707573985
1692.043707398061,0.7376286059185928,0.07381920820480947,0.06926020170105363,0.3212558611811265,0.03862018033320007,1.5796654830152692,2.1060171029364607,0.006922169687014781,0.10055031073900922,0.9520405866413468,0.02546752838870567,-78.22002370335309,0.0,198.22765254664017,0.06515373742803665,,0,0.015050155664267043,0.03430114726485444,0.013497685611973554,57.25801653526166,3.2167783618658503,1.777895885308734
1692.7473396671287,0.7219298102805214,0.07418405045896706,0.06850672895329338,0.2631664478440857,0.039599811528236585,1.608319103785501,2.1244353867842247,0.006829534070030327,0.09865185403051031,0.927815598378223,0.025840955749085466,-78.39659610297257,0.0,198.57718878886493,0.0588447874336231,,0,0.006899180719925739,0.03705045603827144,0.01076452884656085,54.88990792854274,1.2282806525901604,0.6499781476044293
1693.431781965222,0.7268265919380789,0.07354264997158357,0.06958020306966689,0.26417123402858217,0.038740284263666776,1.6054834038183423,2.129611454014563,0.00658083852883025,0.0993530805585031,0.9153913699017081,0.025539573356095083,-78.42454439207104,0.0,199.26514663823167,0.08114948450612947,,0,-0.006492582362021312,0.03935468563765655,0.008183784599072161,64.31734699901807,-1.0198398384085308,0.0801215452181418
1694.129017577298,0.7303666683986532,0.07179261222626618,0.06832667237458229,0.23042740972345815,0.03910497066220102,1.6061648981906749,2.1274442225919366,0.006523138452146283,0.09926835899423657,0.9288565992333828,0.02546798997639379,-78.71517216697328,0.0,203.2463858798389,0.07747548233573534,,0,-0.006862493419984766,0.03625211489773868,0.010251108461688788,70.79397198991475,-0.7130191269002053,0.3731808908604557
1694.826253189374,0.7259334994850394,0.07048028624381499,0.07130579016140137,0.2506374401624325,0.039315349634330046,1.5934314057499799,2.101981736152664,0.006720195897730948,0.10027991449344274,0.9217532892961257,0.025148939016511846,-77.90166691335907,0.0,201.38069061828745,0.0994588166660706,,0,0.009537711555012915,0.04070886051485826,0.008464063957559616,71.6043437981708,1.0689916226188962,-0.632267613650401
1695.5042988304756,0.7236666587181068,0.07139214525287013,0.07098245320768756,0.3418158448047946,0.03973677453003395,1.6007170569089313,2.1088374191860466,0.006574039394531062,0.09831888223223494,0.9330072160773224,0.025859174813582558,-77.46125311243514,0.0,199.99355822304358,0.08985944391362438,,0,-0.008055417666614939,0.03706646837155523,0.010784771667622239,72.59296701418866,0.12070764540383615,1.9142205597061674
1696.1951377855603,0.7140700567149894,0.06989778878433084,0.07084202543266592,0.25548333712448945,0.03909863808368099,1.5638168665416952,2.093593988016526,0.0031088100884548407,0.09972541000616764,0.9137555528296182,0.025449518988420475,-77.5284700463651,0.0,203.92630355500327,0.08297793479278771,,0,0.013318050913867131,0.03870284766684698,0.004400300164023711,78.16223135441999,0.9588468512724203,1.1052408208223705
1696.8923733976364,0.7230630560403553,0.07101574357813273,0.07271350869845514,0.2429070422230665,0.03903432388266171,1.5602021880890404,2.105282962175384,0.003345216455137222,0.09900538581512545,0.9405492286860094,0.025220112865696025,-77.28870347739324,0.0,196.47689231644995,0.08007911973679513,,0,-0.007556869801019413,0.03540884264517342,0.010170840779801465,77.92284829905803,0.34708733307964856,1.4690018658709458
1697.5768156957295,0.723831430565381,0.06939935214794982,0.07243759469943967,0.32098953818203474,0.03874630598926598,1.587909435786911,2.130118981749398,0.00338422800271382,0.09888734954412032,0.9295828165951889,0.025665056373017695,-78.73690155159692,0.0,203.47219473775687,0.08343769774261167,,0,0.014756281651157123,0.03309510988763548,0.006042211541289274,80.20639849920033,-2.280568975840185,0.6186460197191687
1698.258059665327,0.7224864212221299,0.07014006324036422,0.07152223720114108,0.3047496206834248,0.03860307202082622,1.6058375242040075,2.1335756543380424,0.0034148140418405505,0.1014660112497841,0.9156019338199288,0.025644307650898108,-78.15313206680196,0.0,201.54743750655987,0.08850713975466276,,0,-0.021049868898358262,0.038337557836923504,0.008396242947958899,78.31741114908738,-1.280140658672926,0.468638239247816
1698.9520969489074,0.7202158341841421,0.0704396610712559,0.0706658449337245,1.3208695870162814,0.038454902991959444,1.5977539540824093,2.13024255697391,0.0034262313472630222,0.10332716240787132,0.9249519668621075,0.02586303098045401,-77.40479563732035,0.0,201.61839178474298,0.09388841419545654,,0,0.0028146308370317966,0.034794644126498034,0.008209113824089566,80.45666512537245,0.4625910550028175,1.8802340327074556
1699.6493325609838,0.7261462351532678,0.07060561529336992,0.07228938683646684,1.3958015898359115,0.038451365911950315,1.592625836684428,2.148156874043024,0.003101904956217695,0.09967433417518066,0.9246212690583953,0.02588231307400612,-77.11660774409252,0.0,200.09736489512593,0.09839269341961086,,0,0.005547914695950462,0.03273883553095256,0.00911506134058242,78.49992355081788,-1.5301894369169637,1.629639978046807
1700.3337748590766,0.730649151345019,0.0703295529865404,0.07114637938429069,1.4029454062824145,0.03871263758568307,1.602613874456476,2.1513633949560385,0.0033635941249675074,0.10155833142871848,0.9229049043386652,0.026099505457878158,-77.7673221510908,0.0,196.14457009956882,0.11028421621646346,,0,0.00033200840664835687,0.032795983710500146,0.010325910049158782,70.81956061583267,1.372939566887722,0.462350293417948
1701.0310104711527,0.7273525152804596,0.0708022693966845,0.07069000983626265,1.5015382961826405,0.03833347382334154,1.5906286630432642,2.09359426731348,0.0032663073569321253,0.0999624086917471,0.9340037238867436,0.025918106046838148,-77.79454537339272,0.0,199.8573576346213,0.10390881869427852,,0,-0.003813934755191807,0.034386219680592245,0.009929167312120702,71.77652144415478,0.500516552709923,1.2743818925191286
1701.7346427402206,0.7238038488740294,0.06809956625267151,0.06979190079735396,1.5428424117248087,0.03827596027342066,1.596146984893733,2.1141437093103637,0.006831021276988362,0.10408803883110088,0.9270851015543519,0.025624602786344108,-76.80867969050614,0.0,202.4818796950295,0.08881186067251949,,0,-0.007471599440456195,0.03521357115959787,0.01441816397188696,70.46116175887425,-0.2207932534164851,0.8584171376187659
1702.4382750092882,0.731251703480543,0.06887614578841311,0.07160115462384438,1.5532555673954327,0.03898471702942436,1.602282340565609,2.133542755170121,0.006544545482283666,0.10393784576017387,0.9126958896471551,0.02518468023662964,-77.82719949711722,0.0,205.4333905812371,0.08626336732178118,,0,-0.014854720029353627,0.0346929443784009,0.012235333761496634,62.803286481623665,-0.05119054419802787,-1.4520357054568902
1703.13870894986,0.739546227772537,0.07011985047220072,0.07931059114585914,1.5413321503735775,0.038548120492768345,1.5617220522241038,2.0873838840642134,0.0066916107190293315,0.10289202445069989,0.6933397075507998,0.024981358139460137,-77.72478612547201,0.0,194.21489197087544,0.08550276008218145,,0,-0.022181119772402735,0.03021136655142182,0.009885134502860105,57.51094562264674,-1.7642463561321524,-0.4202292910848599
1703.8487378759194,0.7288436381511719,0.07125268273878067,0.07865668407050745,1.4782454520373005,0.03854818355688555,1.5562243461035996,2.059063589114588,0.0066287714848512445,0.10254782652220676,0.6549614378821222,0.02483055934433031,-77.76430045132885,0.0,204.04586845612786,0.07181584410938699,,0,0.007183504316738895,0.0328882565007976,0.0072179579071715155,57.004862951753395,1.0913294603659625,0.8482417604539906
1704.5427751594996,0.7393966006230944,0.06894833113680808,0.0779393821505324,1.475445177689685,0.03886379200943281,1.5904774244729099,2.056995686737493,0.006785627291784507,0.10387694593220256,0.6495824948675378,0.02458631867161036,-77.69153825429743,0.0,201.82671968263205,0.08838021980501479,,0,0.0039486244684326394,0.03329458847694595,0.010782618018230054,57.59139138827419,-1.6486974239925394,0.675717005810989
1705.2496057570634,0.7335589854125132,0.06594521582808822,0.08009690515153035,1.511061011599193,0.038507973007636344,1.5518489970954772,2.0464826280042905,0.006683570599455772,0.10167213694844,0.6367722934775099,0.0243397915696343,-78.066635741565,0.0,198.6341410842848,0.09463509463523591,,0,-0.017812257392241366,0.031602034224032766,0.007638172511141723,56.35866360700617,0.7026458367299686,0.11620656970238409
1705.9564363546267,0.7360867122209451,0.06722060518644404,0.07815593713962207,1.4221300522941325,0.03907726444833106,1.5541112482962838,2.0714093989619022,0.006578808401449738,0.10397626594805381,0.6407232204300503,0.024486707593834246,-77.60845187363073,0.0,200.62879924246394,0.08958546000005826,,0,0.0007614096632429864,0.030925207053054703,0.011708499345010344,56.62669563319498,0.791765157767816,-0.5247768634793558
1706.653671966703,0.7430134497859449,0.06806384197374934,0.07882033683596205,1.3375331035412887,0.03857789304876392,1.5940810135306867,2.0425926165130472,0.006638431823969809,0.10474280885559015,0.6577778375546856,0.025720578538265374,-77.5107056285878,0.0,205.69038536964706,0.08165741446645347,,0,-0.0008356063045578524,0.0299093993002364,0.0060735338186552554,56.82955929301508,0.2827540241174623,0.9950410119640063
1707.3605025642664,0.7354032210532171,0.0672867910633068,0.07822897043327395,1.0963784084408805,0.03850611398285591,1.596557324967898,2.052568452843596,0.006774657689789353,0.10261467059137479,0.6382009099819453,0.02571808349989136,-76.96527716438577,0.0,202.5197880702739,0.0669839988701219,,0,0.006478385224540932,0.030746129544927538,0.008290778180371085,57.583838781957816,1.7744169441215714,-0.2049660460512595
1708.092919789796,0.7607866429404605,0.06564370080152034,0.07948607179016978,1.1622940653021603,0.03845810388139928,1.5467151334294302,2.0472980589213408,0.006586537344026679,0.1039562988326859,0.6543715687733666,0.02495496634080899,-77.22123408255544,0.0,199.10049452747285,0.07601438811619736,,0,0.027711907967910412,0.026768521138732584,0.004706531908726033,57.09288053812205,0.3929336037749899,0.21344060085582758
1708.8285353438214,0.7617039912820142,0.06533332738616641,0.07719685814214308,1.1812716894251996,0.03849738090919305,1.541163418103179,2.0401824851215937,0.007002191383520022,0.10430378192904767,0.6518337625757635,0.024646339091817408,-77.72250917525936,0.0,200.7152688607845,0.07220004806760592,,0,0.016830696316005162,0.02541264534797681,0.006162388115973094,57.52098005023575,-2.3467559571179777,-0.37027027824496067
1709.5609525693508,0.7671236297384824,0.0651418475930171,0.07681851392221138,1.1141940800922907,0.038702901097749556,1.549005951529894,2.10342632876523,0.006575873109420178,0.1037948624120599,0.6551638983686972,0.025135758750830718,-77.1001348353461,0.0,204.4673917856026,0.07436742454734398,,0,-0.011437624534152402,0.02448546224645464,0.005063260873825992,56.59575878206369,-0.7343920872026556,-1.2184915580562485
1710.3125597658552,0.78290376542807,0.06692713912722074,0.07660721648625175,1.1387460985665463,0.03873713966944606,1.5521965656938137,2.1017883576899323,0.006558503693327976,0.10385594028756716,0.6463105423546316,0.02514526192158603,-76.22648530722198,0.0,203.77928214564386,0.0714601928021851,,0,-0.009171983243874115,0.020277243235262157,0.0018837696497351676,57.28934655802547,0.2536992331731368,-0.20044837899457701
1711.076960276342,0.7815058721655417,0.06440305077774171,0.0668417836027076,1.0307869897771975,0.03853507696972118,1.5590571356206628,2.116590148032947,0.0068229093794799104,0.10576924521033045,0.884830289122481,0.025920823402200352,-77.99280366939918,0.0,198.71875968342044,0.08253205227398998,,0,0.011894229342314709,0.022412432782362483,0.0031957656275224157,56.74289072188393,-0.07910025120804508,0.02233413073783567
1711.8349641298378,0.7811838918636129,0.06312018466403319,0.06726388086484598,1.0931995787338327,0.038945740658138106,1.6043634130256648,2.1313580744657687,0.006581951083724074,0.10500773962594971,0.8888390266167939,0.026033122272336298,-76.95449046298653,0.0,195.3914469684643,0.09725382666851591,,0,0.00302836013367176,0.023541002264151806,0.002809222815583738,56.12757360061362,-0.4426235436168688,1.0593613374134723
1712.5961663118294,0.778431942149577,0.06767956203053749,0.06549345300365125,1.114314200415325,0.03938770410569633,1.6130024369790312,2.139523637897912,0.006806532005973546,0.10207038630657386,0.9127953724519166,0.02580458112169054,-77.22660932183801,0.0,198.45452270322343,0.07272853593661932,,0,-0.01709277646705411,0.019893853747539603,0.004530998720390745,56.774204685418226,-0.4325217387381651,-0.7740361319383888
1713.3541701653248,0.7816730382453253,0.06579149405144416,0.06569318771151196,1.0518623884022682,0.038961480076835434,1.6090070823490195,2.1350522097948437,0.006686740340388658,0.10201218994837505,0.9466916900872331,0.024947507187497324,-78.37091867395173,0.0,201.76146698688757,0.09286000711435215,,0,-0.00405626657342654,0.01748403168559563,0.003127117809573205,56.0598577354554,1.391812514275144,-0.9566421193029582
1714.1249673328036,0.7868270448306761,0.06479848652925123,0.0653957058042497,1.0660144979157515,0.03867954404046594,1.6223672306358519,2.150749654759701,0.006704894793147314,0.10396308558606902,0.9223251150903187,0.025190264265771846,-78.41394143520255,0.0,203.51961122699404,0.08378116148408277,,0,0.0038408548572872996,0.021491262674661993,0.0048915951385155474,57.66144085883652,-0.25570056113887396,-0.115812681133142
1714.8637812153247,0.7757596094415421,0.0658110337088821,0.06553642572562186,1.116109656980426,0.03924177507878208,1.6280364035688535,2.187924997364861,0.006612028990473268,0.10294937100498842,0.9424765375466692,0.024805141485222903,-78.98263406855405,0.0,201.87054729278498,0.07020499793351438,,0,0.006357600189385544,0.01836619159132125,0.006078302625951583,57.96192046354866,1.2572508355573522,-0.21798187192656884
1715.5961984408539,0.7768894535744547,0.0670084090329802,0.06509204784283525,1.2302126983922508,0.03951246889425157,1.6308593336536295,2.1869021652903786,0.006580135225050454,0.10394848001587711,0.939408757561514,0.024450181262747006,-78.98017484070967,0.0,204.48641102015156,0.0926940150307684,,0,0.01665036288474861,0.018542732129557874,0.005274323522854112,57.04104264643588,-0.4209518257228854,-0.3775022975304201
1716.3414089803669,0.7699080750449346,0.0659234946963454,0.06423724676502808,1.1216462935778415,0.039374820075111824,1.6294893022211112,2.189827330097904,0.006629256031026169,0.10335597739643317,0.9707652107906909,0.02473825147064664,-78.14139870086689,0.0,203.75544252584496,0.09921448281759622,,0,-0.005139215224410298,0.01669849321137762,0.005076443716840227,56.20053595193587,0.7637318088930497,-0.13041337107896253
1717.0802228628877,0.7738475715174773,0.06298444982584638,0.06549590053352446,1.1355962495566054,0.03936127223450087,1.6384279925674943,2.1997967614677583,0.006651640029151999,0.1002437200247651,0.9720172176949028,0.024601168731554046,-78.09212708305823,0.0,204.23636010928882,0.09705599231320791,,0,-0.004588717167276428,0.014326303245154309,0.002007828616537752,57.58845166812235,1.9741230662483913,-1.510860003305162
1717.8094417599216,0.772591932924364,0.0636875092332114,0.06549444285186534,1.0829153904554396,0.039165031790525245,1.6291188601963387,2.21177886309287,0.006675718275666288,0.10355426008119559,0.956388300650575,0.02501156409415955,-79.53571832513838,0.0,197.5782346835396,0.08539245026809629,,0,-0.019228034101450724,0.0093861225679179,0.005690069286866812,50.76313652992256,-0.263055327691431,-0.6858722830308847
1718.5482556424427,0.7663901656968788,0.06225521041020944,0.06417351700716857,1.1002127662013512,0.03890886965332167,1.6361597070658467,2.1783745495998215,0.006542025265977235,0.10098167226132675,0.9631859982077642,0.025560004734073938,-78.5094736301637,0.0,198.4873032814725,0.10496472125719108,,0,0.00642323171791029,0.012711733418381386,0.00819469189359413,49.616441436549216,0.5782949006388177,0.21410801811303184
1719.2934661819552,0.7675883095245793,0.06328686583051454,0.06425450729643947,1.1843311278492115,0.03898229022645655,1.6343959737125708,2.2018530785890706,0.006697965269704456,0.10428103043119911,0.9596840447426748,0.02584995180362089,-78.92995146271026,0.0,197.93628647467446,0.0937498450703612,,0,0.009092274442434914,0.019171393294497647,0.005176126918624379,49.01362568291959,0.17660611123827946,-0.3260446002948304
1720.0194867504933,0.7622685680534963,0.06226687010294051,0.06363996129400114,1.1290754633627564,0.03887610113356961,1.614893855246797,2.1412037483353874,0.006634902617822065,0.10274680503730553,0.9566963467745776,0.02549810112182584,-78.64963364123899,0.0,204.14462220527733,0.09639391592812006,,0,0.023574749946073337,0.0160373962679476,0.005768358938788673,49.77447071208161,-1.348054197764123,-0.8332886274581784
1720.7423089905358,0.753770343996417,0.06313783469236248,0.06496379900031928,1.1740311903301457,0.03925977664767762,1.5549418321812596,2.0653286480915747,0.0034782443397437363,0.10382791983660944,0.9665196368564999,0.025992146363360988,-77.65534810940565,0.0,200.12757045641123,0.1008689918024157,,0,-0.004584199041877364,0.02267589380352914,0.003930334606257234,51.16026567721267,-0.947732672745433,0.13042225803321777
1721.4779245445611,0.7663130622232126,0.06402911160397387,0.06470918499075358,1.1980569214912271,0.0392268269493258,1.5634088899453287,2.065530202609058,0.003326684771797914,0.09942268885800364,0.9614429565277656,0.026259298473900336,-78.77224475730438,0.0,200.99760675035944,0.09289018810685748,,0,0.004954063700511981,0.008326710714977032,0.006139581905497299,50.94323423147743,0.0433521047412713,0.37269752285186386
1722.2071434415948,0.7624256421279236,0.06480248756121244,0.06494855470007481,1.2278792759764918,0.03985853820864728,1.5374214902428645,2.033504085168898,0.003365567185674132,0.10336065568422025,0.96105677297661,0.027370468136824113,-77.01721490096557,0.0,200.2789816416733,0.09860216462666835,,0,0.004841937536989772,0.012512641629173269,0.0057309321591798995,48.59901408678481,0.24077075504685067,0.43755339502300045
1722.9267673531413,0.7598519194764884,0.06098434158726918,0.06283187574019007,1.2155829715486506,0.039563541295580366,1.5391008294995026,2.0569697062555745,0.0034337834796440373,0.10311971050626573,0.9655899309160236,0.02680485069924974,-74.80177272182839,0.0,200.149331497781,0.10017818958519938,,0,-0.005869065777910785,0.018928377887303668,0.0031027636256616225,57.31371819614738,1.087817709339046,-0.4044324678389755
1723.6559862501751,0.7575229049139972,0.06339020557450004,0.06369755699369647,1.2313626519437404,0.03900058588425732,1.5257912570892214,2.0465269196564595,0.0032726709050542374,0.10241447161914274,0.9595841967794486,0.02681296160399784,-74.21313026586054,0.0,201.947968629774,0.09626885844998621,,0,-0.005823091153683253,0.015596806015830507,0.006453978975530136,57.52344769801276,-2.7485186955977006,-0.10718826051189427
1724.4043951181834,0.7598622303183656,0.06379640058186026,0.06342353079981027,1.321223219652877,0.03910598990255456,1.5289732409154557,2.0192393621787237,0.003294475597935641,0.10325820779483214,0.9729013272314947,0.02639086402751747,-74.46544961075077,0.0,204.92643271886539,0.09174459675465703,,0,0.011436967443225915,0.014762461915508479,0.008943744031203191,57.91250891054561,0.36541119760499824,0.32445081532113784
1725.1272173582258,0.7542108892925327,0.06307369899405386,0.06392205168179815,1.2852675007867331,0.039084190146667516,1.5242944677161123,2.040538715529246,0.0031997976159315704,0.10651715988095657,0.9747281306666394,0.027001714851767736,-73.31002455968878,0.0,202.4507745456486,0.0994564126394304,,0,-0.0006034238291123921,0.020866367984582843,0.009332197193480567,60.345311426969,-0.5024697426385402,-0.0982655766790028
1725.8436429412766,0.7594149431315156,0.06547793048019737,0.0644320472923961,1.3582848588340224,0.03967544891042314,1.5431900090919157,2.0620151925150463,0.0030924462669531818,0.10649185811099841,0.9561624536919725,0.027539547387615423,-72.5917549401911,0.0,205.68615883053664,0.08511099905016044,,0,0.009113687088617229,0.01819125786780182,0.009351235542756062,64.93528508252184,-0.16932080843659322,-0.8872311590769908
1726.5824568237974,0.7512455161588807,0.06265053443489825,0.06468416538842388,1.3982138723196749,0.039192445907424454,1.549931957499864,2.064779990031705,0.003274256294626446,0.12503249077334963,0.9549969945140057,0.026910951339801065,-71.02184272620339,0.0,197.65864552063096,0.08579186347660651,,0,0.0015444110013015583,0.013432701297217551,0.007683992631763964,63.78747257998314,-0.0819921328977992,0.8045400900641462
