Sec,RR_Intervals,QRS_Duration,QRS_Duration_Avg,RR_Entropy,QRS_Area,R_Amp,QRSPPK,Qdur,QRSdur1,TransQRSMaxMacA,TransQRSMaxMacB,QRS_Front_Axis,APC_Incr_P,APC_Incr_RR,Std_LineaIso_R,Std_LineaIso_P,APC_Detectado,VarRR,VarQRSPPK,VarRAmp,PNN10,PNN50,PNN100
0.5691124311037071,0.5745063390914457,0.06359266531887434,,,0.010561889105721997,0.3142018405825,0.5726646324787975,2.558939090931569e-06,0.08022755853158656,,0.0018861871420168064,-73.44214919250865,0.6366660936886103,-6.006409210783868,0.012108389209536084,0.019947985782927367,0,,,,,,
1.1731397352812614,0.5765733748656593,0.06323388682573756,,,0.0105039904270326,0.31549716370225944,0.5877762469353262,-0.00017096092985098823,0.08019838172877908,,0.0014717197386320852,-67.5611048046955,-0.835003059950228,-15.718972836070233,0.012470422831136014,0.020237114770354652,0,,,,,,
1.6828968821594288,0.5730136128503952,0.06971311564597701,,,0.010777449939097699,0.3187391035264845,0.5956079608559245,-0.000197341491141195,0.07937109564537544,,0.001812598366214984,-55.71285199545268,-0.5405913633168565,3.7062440389093245,0.011877465242564207,0.014637729710847877,0,,,,,,
2.3602454197920615,0.577244624658286,0.07567110054957991,,,0.011096941524690764,0.3189852336775236,0.5971972665656651,4.224821320164477e-05,0.07998100997646411,,0.0018213214325203295,-44.67231965975819,0.9911557411858949,8.233634169097567,0.01228605771992916,0.014866833644825309,0,,,,,,
2.97474718589177,0.5806254904710891,0.08160669709390958,,,0.010874544244538457,0.31709225361329324,0.5798875595979993,9.182549410147565e-05,0.07957859840050972,,0.0020040588882354097,-54.552160322062534,-1.4070362853713139,-12.296961353425674,0.011210265834776344,0.014790377950957685,0,,,,,,
3.5752830027619393,0.5755798724781859,0.08007459616229655,,,0.01121770819498615,0.3171527065199251,0.5593209507760123,-4.831700181579827e-05,0.07984305072702835,,0.0020626439963239906,-49.744200987615876,-0.3442589543067094,-5.651670672856972,0.011969373858860603,0.014335453733205387,0,,,,,,
4.186293281554263,0.5784947814932152,0.08356380749571875,0.076645734794683,,0.011153163028994745,0.31699836675159626,0.5510644218482507,0.00024970350608303257,0.07691452487463744,0.8786499174060356,0.0019604159108659136,-66.75982578510107,-1.1344818922387647,11.285213323106579,0.011492293065322193,0.012046590864885215,0,,,,,,
4.737948276121046,0.5740864109296482,0.08667896066101001,0.07758431398889337,,0.01123453691704041,0.3163332429253446,0.5652119483101401,4.506824361173165e-05,0.07628078900398143,0.90571467316484,0.001934534529816009,-60.48356452646639,0.10867942563143748,-0.11937136206630311,0.010629526065441892,0.012320998909405209,0,,,,,,
5.387364915294602,0.5792059225241528,0.08669645095026789,0.0790829254970368,,0.011261142901637438,0.31427405774225475,0.5561647874605234,0.00020811022779908923,0.07660328988668272,0.9035082661468989,0.0019881326205511405,-46.18150706040619,0.030149737835647956,10.284113601369006,0.010708383308718178,0.008453238759335175,0,,,,,,
5.994883706779541,0.5737264523403398,0.08630060492889376,0.07849057081910624,,0.011332328271435743,0.3153917738075068,0.5625963000132503,7.566422004891694e-05,0.07650906535505649,0.9096139993636961,0.002252949349487466,1.6584559290882306,0.08646030342451709,-0.5269310216352914,0.011328892400898665,0.011661201694035922,0,,,,,,
6.591928036342325,0.572388454291258,0.0868533982263533,0.07940902610894707,,0.011340276594080517,0.31124274726955076,0.5634426478609355,0.00015040181906283452,0.07687463411908983,0.9128035923492462,0.001773120907343679,45.44709741961221,-0.5503091561028933,-2.7989691178529115,0.007066580022667537,0.012702194453182936,0,0.003843518860963699,-0.0003799064092616096,-0.004201389001457603,93.48667071268943,43.39118466124271,7.184933442223217
7.18897236590511,0.5744143357700192,0.08647116834688302,0.0804659465864134,,0.011467047001750132,0.3082622682396453,0.5589563539057357,0.00010253538879341831,0.07701802951094365,0.9447399290150597,0.0020659247945070285,48.5809936802281,-0.6061314252680449,-3.9850441317266063,0.007537284521663642,0.009037749198086985,0,0.008891330775395506,0.0034530036831862893,-0.004884967794106983,89.02943767040956,43.17422279776914,7.286655652951246
7.754593309701433,0.5736040451784132,0.08686571249511792,0.0819851908118999,,0.01122850464334507,0.3083512995323265,0.5643584294746604,-0.00017407346497143889,0.07664317603823838,0.9478789815904954,0.0019280789862857377,54.66073625078116,0.6298386715345258,7.404474990200518,0.0059566250534959925,0.009930528889933454,0,0.0026663300848616327,0.008295912029367074,0.0016401736432750857,85.85938250400906,42.97928702508251,7.084735090262899
8.393535486952834,0.5741192369234785,0.08674806364863757,0.08196320893711338,,0.011045819480173349,0.3069760452787287,0.5676151044019438,-0.0002900655408186016,0.07647741977817718,0.9410424468943186,0.0018623701973233713,49.21087120600767,0.056061455921395234,0.4730149089167503,0.006716423411497003,0.012379600916504571,0,0.003888594095065886,-0.0012221201769304197,0.003963491935340145,85.94065555310425,37.84604586174585,8.017028578619229
8.994071303823002,0.5742742287681737,0.08623342166814997,0.08397578374023185,,0.011148241580446574,0.3060350712505417,0.5630310966896116,0.00031645251559251687,0.077144147661481,0.9404935375024789,0.0019453493526860569,54.28995647332361,-0.8895366487029838,-13.035830120451962,0.007841092864927929,0.013339356947690128,0,0.004495188080710501,-0.001284497469228791,-0.000760069723646713,86.77119471301528,35.928142927298865,8.174247744135165
9.594607120693173,0.5711868322793827,0.08668338803064843,0.08405480502792206,,0.011175528722038688,0.3108895363709197,0.5757644266925793,0.00025205605138017015,0.07657221483011939,0.9339502521827451,0.0020097102220935884,70.2183092789382,-0.7505244281261103,-7.060238639645053,0.007796131293585039,0.010098734703580413,0,0.005138451934500942,-0.001039031273961092,0.002942968535232785,85.05946848145922,39.39683938794799,7.593243407590711
10.216091861407651,0.5722327369113486,0.086412523520684,0.0839897231208186,,0.011261621744970042,0.30279749986537313,0.5852936413146055,0.00026367993147825933,0.07657940240715394,0.9436648991561086,0.0018417068259386773,74.31863577701961,0.55861570282981,-18.490981434538472,0.008324670157997314,0.010730238133004187,0,-0.003953701500090952,-0.0010028502069722824,0.0025275511080008785,85.96619557676829,43.98430109035799,7.202957814974385
10.635070338293817,0.5695834380396206,0.08609875294357575,0.08436362818686462,,0.011107946704630136,0.301288425564004,0.5738249426173492,-0.00028884905082654207,0.07670556980644996,0.9192407817876694,0.0017097381998903392,73.99560572737508,-0.8773715964967205,-4.339064532245628,0.011894481659760639,0.011104659934947027,0,0.0040719257539847085,0.002981624944742191,0.0014479552334965475,85.10900597353313,40.275047164741274,9.581768684343714
11.368282672844602,0.5735550680196246,0.08306385396380467,0.08407144231156018,,0.01122764421666824,0.30311797088496706,0.5848369672972146,-0.0001097411736310681,0.07658384011870167,0.9416477125128246,0.0017398893177281828,71.35732431768545,0.22759818490823153,4.235249077140015,0.01191096651547346,0.011387647579441986,0,0.008583674712673479,0.0017977944086096259,0.00440734834081997,85.81194514779816,36.07692506972407,14.758719021234636
11.958344027792618,0.5735241864766205,0.08311557565237133,0.0847418131888997,,0.01144063848618107,0.30875543913548054,0.5839110045838887,-0.0001881643501615011,0.07666674785585828,0.9385408936789618,0.0016723749092556737,77.74425973693936,0.11615549538963527,12.623639699101993,0.011642041389582386,0.011376419951730186,0,0.003039510821835889,0.0011736112975858826,0.0027477011090980084,86.32018583179509,38.995022165685654,19.240322461313433
12.555388357355405,0.573404355607261,0.07307938197893511,0.08399586166383524,,0.011323672288637551,0.30267916741204537,0.5870661304169281,-0.0002173573313682382,0.07648917877389239,0.9458057544330827,0.001311870040087736,92.13476703134656,-0.3205216738368558,0.31650125312180966,0.008000381914977069,0.009669676727217368,0,0.0015866275561461272,5.947514297553313e-05,0.0020498904363419525,85.89712579758266,42.26267253976373,20.802399373812147
13.152432686918191,0.5693195235137349,0.07273072482465785,0.08365067349490381,,0.011434954087839204,0.3097936862247085,0.5991308555267498,0.00019112934907129718,0.07656764323772104,0.9569336708442227,0.0016630557235130443,86.33460416513547,-0.9226423861730174,-8.03463549397805,0.010267410489845913,0.011032863741004545,0,0.005388805293040285,0.0043706621479121755,0.003582095788027431,78.13577475176578,43.05175998336592,22.081272352880546
13.5155473668862,0.5714694384820912,0.07324590269902471,0.08436699475831312,,0.011895955217063214,0.28928306872456594,0.5906239584104186,0.00014217666334894697,0.07678683838137439,0.9374131068073747,0.0013123614615615663,86.31879777967785,-0.25261089370833645,4.897013842617967,0.012055229677202848,0.01307625667444424,0,0.006356310678806714,-0.0016282145969059648,-0.0027705445450152293,78.35054110258129,41.92783827914607,21.33400768875326
14.234793752207448,0.5759668858877802,0.07992265213551993,0.079222949263044,,0.011763994333529863,0.2865596520357662,0.5910480109632653,-7.231206712466151e-05,0.07729317871542578,0.9248414338010092,0.0015694770481688865,82.51947217802379,-0.9508580117886238,8.24009812824638,0.012072264656784442,0.016711094883887872,0,0.013401534204319918,0.015302056085249049,-0.0003541528317376599,79.54628219429108,43.305384830712924,27.65265049762928
14.849295518307155,0.5712646127810537,0.080566693924859,0.07975813505235893,,0.01185232036578146,0.30181765754417034,0.5905082584182134,2.197298983652962e-05,0.07986536032994605,0.9312742674805722,0.0017466551764939373,85.35410625953992,0.014120690554126437,-16.065872721962318,0.010194708086670234,0.018566879930465734,0,0.009820804173133007,0.005651227463452535,0.0013906808307223334,78.33412335187019,41.698368224485705,34.81771651121041
15.453322822484711,0.5692043041934749,0.07980685170896554,0.08016950906913185,,0.01184102319142582,0.31240096292815306,0.582820126952053,8.00293765892927e-05,0.07999327702873243,0.9102878788593654,0.0018503542957900177,71.68036168015635,0.003606698190600471,8.022216775242335,0.008367668131424904,0.01779689929725709,0,0.0032961132920328717,0.0076024744102373785,-0.0023069150842526987,78.55560176913356,50.12501299106112,35.04931853909248
15.99450335512934,0.5767094203124234,0.09048914663324488,0.08066916566061905,,0.011612710149888704,0.29736854941975005,0.5834775124664102,0.0033707622515952215,0.08035141365705115,0.9198637381314237,0.00146816969748754,87.10748352859306,1.9245383292346658,-1.2757237369308885,0.008442451086858434,0.017694101503433753,0,0.008008241384130328,0.011870256003052849,0.0029717276915238173,79.06752174592525,49.62726373386167,35.624842627571766
16.65439445622505,0.5785939739596607,0.09010145370134347,0.07891027361330592,,0.011533099730319667,0.3108222113428607,0.5969726775975639,0.003316399626189269,0.07991626394802973,0.9093885241289247,0.0019813440002093984,75.78488528707423,0.8711937405805983,11.91564008811189,0.008101442438397303,0.01864417814689687,0,0.005144646833985602,0.010546372655583234,-0.000758111822465466,78.97884510859993,56.383121490699956,36.89643741251007
17.261913247709987,0.5790847748398915,0.08936433356691977,0.079361081323132,,0.011831425184772912,0.3264048701911054,0.5932377323233051,0.003439312720955889,0.07997170665583934,0.9103343794936236,0.0016180136532821412,85.31381361859252,3.132192839602192,4.324098685643758,0.007959998973839375,0.01637739951280941,0,0.005371001452175617,0.012306801934548434,0.007163865216912925,78.62152957321433,57.18227282362133,42.670372259328495
17.858957577272776,0.5794893955066993,0.09040093933431224,0.07860993574735624,,0.012003028524869484,0.32107851086555883,0.5864777824695512,0.0037120415580931126,0.08052156939458262,0.9156744803563814,0.0014990893819922513,85.59476031102407,0.22964214786667703,-6.900833895077012,0.008456775701284346,0.015185241451196445,0,0.007065376862785078,0.005555569433119667,0.0025747773220260763,78.63745879637952,63.43994430653983,42.91666391261999
18.38966364799525,0.5780450068824322,0.09011302698370849,0.07960443949788691,,0.011904992480442435,0.3202775363340706,0.5883388228746071,0.0033664061333750356,0.08020862439770846,0.9067080887542635,0.0014310731887502606,87.17991486756924,0.10122322643010262,21.44202003311872,0.010052403678668172,0.015524303349108717,0,0.0007562716090928848,0.009543744125271156,-0.0024824919975983493,85.25136339887004,63.97192140618519,43.14663993375604
19.07748664755003,0.5790981276220611,0.0897123920985541,0.07896828031489249,,0.011829687623862757,0.3200837392162325,0.6072917363028548,0.0035523037332282252,0.07984584745381448,0.9078497555074839,0.001588719985013571,86.69116439684733,0.5088552729124285,-7.559663061004315,0.009865462360266957,0.01411429738665655,0,0.001632309239743896,0.0064033353835885685,-0.0008425726655550094,85.92718423515144,71.746755554771,42.68104384722401
19.42314389098112,0.5793082384735415,0.07985349799033893,0.07898743085602049,,0.01174242935206479,0.3155936512958129,0.5871495369019185,0.003827736363546117,0.07959487494337052,0.8891845309512078,0.0013630618441899044,72.40548337273628,-0.014614357681918877,8.515117757210403,0.011994789381117161,0.011105763145065636,0,0.011550859928002352,0.00972670143946452,0.001601898315667084,85.6597179944121,70.60223940092567,43.11104833168951
20.142390276302372,0.5690450625425171,0.07956303949383094,0.08015643984754602,,0.012341264336389287,0.3235156606836786,0.6050612027035538,0.003333256427512001,0.08041679702007187,0.8937856878336582,0.0011710554429305376,75.86199845634331,2.084756195014279,-10.664042834473918,0.012011180039422663,0.010743461541056074,0,0.012733140841383666,0.008372430346121148,-0.0006670294915110664,86.31846384067923,72.43659841909623,43.70399067811092
20.756892042402075,0.5667484767492457,0.08013374316412697,0.0806876069453457,,0.012107512837135695,0.320764873560662,0.6236325277631343,0.003055568618672113,0.07637564348191939,0.8364631482427385,0.0007878876841373556,94.50178181505669,1.1174755150846607,-9.968149712060958,0.011759844410152306,0.011318012569825672,0,0.00965547524477964,-0.0015295220448114698,0.004563879582961851,84.89977761489448,70.58562431927574,44.00181665343317
21.38186827042394,0.5861392812351517,0.07682699618553225,0.0798894768784085,1.2002315934142078,0.012319826811814955,0.32100824976042275,0.6292978728387977,0.003696268832361885,0.07678759542788854,0.7743652993973139,0.00011118071970430863,91.9449725172779,1.7442435537804168,6.413517504984416,0.01200025684331963,0.011682912184461523,0,0.004847920283303721,0.0074953949117661615,0.0009956280999798071,93.23128125935338,71.97418531446412,41.19539811197439
21.8706764934578,0.5871379861343169,0.07693105924740797,0.07963047190912115,1.2379795872417885,0.012523444767153441,0.31861715134506247,0.6360810298790529,0.0031166953194271675,0.07345464215915105,0.7683492453449746,0.00019396500318580412,97.79289602673977,1.5542148509472367,12.136181939443706,0.012393218106237332,0.009882197357489091,0,0.014939349019838264,0.0034455737893635797,0.003120009193156174,93.15192207419558,79.2264690224386,42.497630849487564
22.272197533807038,0.5850895371022301,0.07698202305415716,0.08025655866434032,1.2555343159078753,0.01259215088957171,0.3334422005034656,0.6819726046607733,0.00013587355741247333,0.07352681110909819,0.778170790285805,8.52622009665538e-05,78.11458270429851,0.12068390318514699,5.000557967029566,0.006734736219555999,0.010190440859018353,0,0.010664334524689888,0.01019865153411215,-0.0011780189936279628,93.09369212509844,79.95426911576534,42.96184156286696
22.670227086848897,0.5844858607464978,0.0769660855422393,0.07939363217307994,1.2052496254743885,0.01248558860768001,0.3179651098202058,0.689253492812763,-5.9959113406147015e-05,0.07317274410400008,0.7544969357237857,-0.0009525732138278686,91.53353936801736,2.613527222391372,3.3078925219551394,0.006344361348155996,0.010391838546762512,0,0.005730040882694098,0.0021696294232053,0.0022777076793818393,92.19684230288661,78.42669485404323,41.33565262442698
23.399947934092303,0.5837020173064882,0.07698499856240601,0.08051354733344526,1.146024526375958,0.01229686310077734,0.3153985384462217,0.6390060387281892,0.0003380100497988573,0.07365556462136223,0.7641112558296612,-0.00031592157740864405,97.91567239688277,1.535610501539851,-2.3679751288624793,0.006364781515970755,0.01032615502727291,0,0.012010305798343552,0.0028744469029680026,0.000494391439124909,93.05918714240742,78.83581541670719,42.39205415172779
24.031907136728933,0.5726425722611912,0.07957293950908162,0.07939285458044623,1.0895552550358283,0.012475640883083283,0.31713654719185314,0.6347938925316295,-0.00036000728866265283,0.07339953348768909,0.7606360072586622,0.00024883591071302044,80.36514509421994,3.537806257031726,-7.463791669671913,0.006016362093180562,0.007279182654839667,0,0.01402825884235983,0.006468707482566553,0.0036687790726205307,92.94972839292609,78.2862648944629,43.010313605623054
24.642917415521257,0.5733015699306704,0.08011708940745879,0.07840820104088057,1.1390873883096289,0.01220055756766745,0.3071815830825089,0.6418930817832242,-0.00022508606080483552,0.07285022103705682,0.7653924264335636,-0.00015334623164414338,93.2011117073589,2.4827119354984823,15.63901897016555,0.0061681514219408574,0.0070822355144679605,0,0.009117106203695918,-0.0026948703081364957,0.0036136485030111055,92.09522857273404,71.92142439921656,36.245633392760595
25.243453232391428,0.577273505035593,0.08091278659255104,0.07756503833005236,1.1523576932010933,0.012338522318788374,0.3044620867344042,0.6540716862381609,-0.0002249235902724608,0.0731044028668849,0.8049398088255706,7.060294076346126e-05,94.32143854920072,3.25920434992143,14.264562897776855,0.006515772786468992,0.012896343522049644,0,0.01125250706936063,0.005880345226582673,0.0026751373665593473,92.42794619735943,72.61633533547732,34.72381393652332
25.770667815806515,0.5745419458272596,0.08014537977254262,0.07760612466551417,1.1378243911221262,0.012257106629887455,0.30696954322794523,0.6533093551921277,-0.0002580992925746069,0.0734567625216063,0.8228848547971701,8.507368347477355e-05,99.86555461267146,1.837054390863655,21.467188858376275,0.005421427454699232,0.014670179075546618,0,0.011411043930299082,0.006991426774255724,0.004021982446439675,92.57607089604456,71.61741757261832,35.204216662757126
26.451507840746533,0.5848189232820131,0.08345645756017621,0.07770865751125268,1.1601966375990174,0.01224056526676341,0.28708205383164226,0.645037678506348,-7.005544972310582e-05,0.07280469544827352,0.8292298129649572,-0.0004326084689805953,100.14446528191374,2.5469447994412104,14.221257721283582,0.006105658691611081,0.011855115586075035,0,0.0022194865045774975,0.005562324566155165,0.008951474083628636,93.56186987896243,70.62209314000556,34.87301860248051
27.03458622107978,0.5790776004701904,0.0833543215009955,0.0774178510550373,1.1295422631026724,0.012260424035514169,0.2860086929209593,0.6521883851539387,-7.39309968066517e-05,0.07339564653301334,0.8438283187753292,-0.000489387934633141,105.211815571348,1.3137323595356745,10.635686092008545,0.005860113145854995,0.01137712253663545,0,0.010716869289242661,0.0009930626178304186,0.006282451072042625,93.42799548611474,71.69895398579438,36.31015508682626
27.638613525257334,0.5758982746739055,0.08343668185030295,0.07720242486353482,1.158586660690966,0.012450154514145498,0.29533527154992445,0.6427618752888645,-0.00012579933059192092,0.0733863012574624,0.8870042570881379,-0.0004087160636498481,98.5084997796853,0.4818631891865599,13.04290594437541,0.0049889410364729455,0.009176769121026085,0,0.006886216140756233,-0.00029490740013328725,0.005498597887824239,92.96505756338834,63.547036433011705,36.91495479423925
28.256606778664427,0.5737601826318413,0.08295065795541849,0.07777630117134274,1.1297002301082948,0.012266825385780559,0.2854064801815901,0.6418111872774955,-4.5873263105517834e-05,0.07364908837101937,0.8944318258701116,-0.0004883284785850506,104.36064316024869,3.2221990091805335,-1.442224573738895,0.006308684543615063,0.014034676422395354,0,0.008878243409771143,0.008978740779605912,0.005596839698849512,93.10780006610234,63.78760737572044,27.681044177382773
28.794295824001672,0.5726893179055877,0.08285370831533284,0.07745865236410242,1.125282027037328,0.012294905505055303,0.28357903024166903,0.6383374037563813,-0.00012686751568523013,0.07334731941224938,0.8831389953181937,-0.0010174242732763291,102.50485849861339,1.9169173716250336,4.0269300314732055,0.005826110860117005,0.01494517646654115,0,0.004852620570156547,-0.0006028068842099271,0.0016295367932530323,92.41775854817433,64.37862070214756,20.271071810474215
29.43672948856046,0.5775265413181567,0.083075345849624,0.08039262130448245,1.1135666892262914,0.012385293997889036,0.29550915613235434,0.6485088840369941,-6.34703400278325e-05,0.0735286329331467,0.9004124779760354,-0.0007108024986567603,98.53720362886804,1.6593920622496943,37.055205742298774,0.005612199504514169,0.010813355408832735,0,0.004235005056017622,-0.0006863221763898,0.002637987406459985,93.46631512212824,57.83194663075525,21.97660838669455
30.044248280045398,0.5790394131943717,0.0835348032040695,0.08210814397548274,1.1229291063876712,0.012406136935501,0.30504841112491915,0.6622769864642427,0.0001345073552427329,0.07382493731654023,0.888206038264601,-0.0005579529812696811,96.19751161052157,2.0966389215842605,-0.05701559995850136,0.006198018111825159,0.014219104654375056,0,0.007339742342755306,0.0008801704593711966,0.0046968131757957905,92.40113303247377,55.861848953172085,21.94491751894084
30.64478409691557,0.577462703861261,0.08356250324683867,0.08230198171966671,1.0411072970167081,0.012514548659047879,0.29669128220929386,0.6546820052518036,9.573366367701997e-05,0.07385112633196152,0.881327571365312,-0.0016458077056128644,99.46376077781316,0.8300907615846573,2.307312064510525,0.00614902533544036,0.014846845790428337,0,0.008097430150899445,-0.005140684574472282,0.003632801575196101,92.37523606454067,58.71107456748146,20.513611791828435
31.238336939170964,0.5781370472712729,0.08314280759056085,0.08184006489115098,1.04629067323683,0.01235152170547193,0.28474105459657245,0.6518629589477566,0.00014759912912746948,0.07707633968634259,0.9099790653055008,-0.0012600094818581464,101.46338966949878,1.0855146550171546,-4.416325360305079,0.005766099088721817,0.015260584167039263,0,0.00566218259322873,0.00502782264520583,0.007195205907945739,85.46005807645022,57.59797209260057,20.837817622180772
31.608434593753742,0.5727952956384417,0.08347814855692308,0.08284441440844845,1.0439606093340894,0.01303313891729465,0.29445380321668857,0.6792867122601332,0.0004457047248501526,0.07723124785367201,0.8782058942940437,-0.001000106044839941,97.83469461105254,3.5140140699792575,10.368524394223126,0.0069121101525435515,0.014431157466013835,0,0.004587358586733498,0.0018861017815560513,0.0025119843153386676,86.30539668591676,58.12658368396985,21.68533853249796
32.327680979075,0.5726790050362829,0.08336499357914326,0.08376970668060861,1.0770889319559342,0.012966079193856029,0.29577553165347037,0.6783579733551087,0.00032601419701184104,0.07728736008102957,0.9259432074197359,-0.0013551632304607698,100.99277292015277,2.2147324755184403,0.958080499573069,0.006203725412730231,0.010433336282296249,0,0.004573124611721725,0.0038642205890168533,0.006330692989323521,85.68072390341378,51.113920071047566,21.779587685480696
32.94916571978948,0.572763267810367,0.0831961293569206,0.0821443226514881,1.0450417369577074,0.012822466775373109,0.29400317325997044,0.6856793412753542,-0.00012164616857898009,0.0769759962725949,0.8951986116806343,-0.0010468605416572617,96.9306478701032,1.590063696413802,5.607500109014803,0.006115054166621969,0.010210068978940301,0,0.004193888733138391,0.0024381956912692586,0.00199731862415692,86.24077896088252,51.161270268894235,23.367911763991987
33.54970153665965,0.5717409954033399,0.08254560202108091,0.08345396984792773,1.043986314106861,0.012360516189481755,0.2754338299265087,0.6629857390442614,0.0034218419368851343,0.07676122307815239,0.8634030539327392,-0.0011309460215898392,104.35409584285975,1.6100016025347559,16.568597875364908,0.005924094792342429,0.008619811220332174,0,0.009000541975158555,-0.0005471623481108578,-0.000884745485803814,85.6480257782214,49.16125054616609,20.6330212866852
34.171186277374126,0.5728219089730302,0.0836160723252301,0.08362561586831563,1.072293704556827,0.012140082899224537,0.2785215797412856,0.6717838240149995,0.0031307348790162656,0.07668336378778261,0.8702056870573447,-0.0011754596918868957,100.89738551731895,2.8912789574575344,20.16876831893977,0.006667058822898966,0.012870857363389382,0,0.006304068974259311,-0.0009764291669814343,-0.0003705286151581312,86.2388313576512,49.72694462948297,21.370294619617955
34.757756145014746,0.5743295631503218,0.08225666996407709,0.0830798534930591,1.0778709919448368,0.012022138385026936,0.28669503608716534,0.66677016824308,0.003660932076766461,0.076224246011561,0.7698893616313709,-0.0009744110708078102,100.57360408536591,1.4418656816264686,2.561666088989819,0.006600239752284454,0.00739654379379846,0,0.011421550676264793,-0.004136491598371974,0.004352917327317787,85.78894191118006,49.941495398861335,21.502813509190307
35.232598418819066,0.5713863800179806,0.08333568306688852,0.08281153669055517,1.0764422614994624,0.011630115552591169,0.28428963722158845,0.6658889746094144,0.003313819762351274,0.07686974893386589,0.7584721589100356,-0.0005855756815223494,103.20235460344428,1.076005056504949,13.794502953441246,0.006318784122842815,0.0076455278161158685,0,0.0018684873702917216,0.005039558062943175,0.0048985490937166086,86.53136381542652,50.39219820656037,22.176527015706874
35.94486182952556,0.5608262143097478,0.08363376947703687,0.08223234558640731,1.065450459972929,0.011850326336377006,0.28591169745648476,0.6375959204360373,0.0029541514106538845,0.07740379868224152,0.7750213172149057,-0.0006199882583807803,98.90284222369363,2.3237278176059224,8.670080679048704,0.00968803212959027,0.006779557210978048,0,-0.0010048128337734026,0.007436836309474972,0.0035950670429025725,85.99963942260295,49.76866455398325,22.79870149910362
36.5279402098588,0.5605043700310204,0.08320822282619618,0.08226318169484581,1.1196699848050191,0.011680217926647746,0.28493132546084043,0.6092448855016943,0.0031472139806955567,0.07625788591965502,0.747839450326374,-0.0006981699597417322,96.98240993538943,2.1887587057892746,5.76561110271122,0.007218570900552422,0.008563234499920403,0,0.00267380597896168,0.00022409837468472622,0.0010768311707141673,86.05155024041409,49.281262425062394,29.828087630372675
37.12847602672897,0.5607978207413935,0.08020465388062512,0.08291238474692857,1.1155306458027396,0.011567420128759128,0.28811116566586265,0.6007222546784862,0.003135757008957362,0.07711446725039467,0.7593916464099962,-0.0006235646399899102,97.50584477574986,2.063768268942764,5.446803998781658,0.007774147661900732,0.0071576369921340964,0,0.009101258165043022,-0.001836477481839383,0.002742270252191114,86.40809134934103,50.3744505102783,34.341896902521164
37.676639533988364,0.5577677780147392,0.07996523720949765,0.08271747713059908,1.2051417291333624,0.011617667541840099,0.29283427903448633,0.5901932785985116,0.0033359352729089285,0.07668881798834622,0.7387661379195566,-0.0002700376453106772,95.40678168097531,1.4389972692947461,1.5279027064569757,0.007670004955057083,0.008234169663774016,0,0.009903718533923427,-5.876731322283909e-05,0.005500322464687233,85.76999173939029,50.40714706849692,34.93199795118201
38.25273493970685,0.5556274207784921,0.07967975413577404,0.08311709252157562,1.3303626923589391,0.011339256490849459,0.2820422028169558,0.5809516185356176,0.0033970386540512648,0.07656253432494824,0.6859407917600383,0.00039224520705712367,90.35596722666864,2.899445453442013,-3.6471994833654353,0.0072071957893240605,0.007595623521619268,0,0.007595275757171373,-0.004042266337597172,0.0034923477830835076,86.07107030027844,49.444497623606324,36.755273202743304
38.59839218313793,0.5720917177822064,0.07653771814683222,0.08320100717796118,1.5039071138020303,0.011436617066339451,0.28467595724996814,0.5870219919956386,0.0036267105918348684,0.07714763657401076,0.6582740478855745,0.00047375918038749875,96.12669751325707,1.402345845973667,11.673229468111717,0.00854857680516542,0.006753056277893395,0,0.003918828257002433,0.004841311237619049,0.0010209123698983484,85.16004008366761,57.10051414959101,34.82210573773453
39.307164106537016,0.5746169902500518,0.07964808028817107,0.08404724189707466,1.509143135447358,0.011472194072642768,0.2912122179552357,0.594347856201399,-0.0002979689523140178,0.08016857096688136,0.45079897573846794,0.0010385945591581455,90.71288333863197,2.322083201295941,5.459051109850142,0.01040444537317124,0.0102686454569035,0,0.01299906492323144,0.004432367436270714,-0.0004327545152641799,91.57319411155409,57.455572966605075,42.421940560455454
39.93912330917366,0.570677553713621,0.08064202830091662,0.08507080797017647,1.5081125155774475,0.011621804230079828,0.299020405361836,0.5789602347319066,-0.0002670123072522199,0.08033952587287474,0.4566674504114388,0.0015054838265673126,94.41465524652708,0.40201236246786176,7.76718876729041,0.00990585449219128,0.013253915093105795,0,0.00881005257536563,0.007832998702468168,0.0012822512140355368,100.23452533719775,64.66258608596608,42.45527560933439
40.305729476449045,0.5642172147261607,0.07706959057638484,0.0851427427449042,1.4770839825353201,0.011639802702927388,0.29141095427533004,0.5899240155776739,6.581819767414432e-05,0.07981032248636563,0.4344064960191927,0.0014880272871795367,78.6879262270046,2.36688356258871,14.728183128588988,0.010128863668967009,0.012924579452379644,0,0.004670468849997569,0.00022884286490755783,-0.0008236798476979148,100.10868957572639,65.17925916119417,42.483991955129376
41.02497586177029,0.5851303064644433,0.07652048134429185,0.08537722928720144,1.4806982054180797,0.01174057956390659,0.30094917714388814,0.5853411345622298,0.00015108545158426244,0.07967153012054821,0.41841992268543343,0.0017198645484939397,76.6078934929806,2.2817613216500714,14.740250840434928,0.010243660654409067,0.014123190818063354,0,0.0075976346911590924,0.0053740426090524585,0.002609260031140699,98.84970927750906,62.839278754035305,50.08997471981121
41.649952089792166,0.5830951521597347,0.07664978667988286,0.0861243978155292,1.4891473121515595,0.011614685221783225,0.28480369271229766,0.5796867687976256,-0.00033454955483617994,0.07980904350201071,0.43831905963181866,0.001438962288116739,78.87556342461593,2.9424692649933624,10.089304369936066,0.010154469827674298,0.013790648988203907,0,0.007220730645265651,0.011897832174631359,0.004436153816561922,100.44330169249785,63.85143388219295,51.50667437647361
42.26096236858447,0.583042235240575,0.07696394185349231,0.08554448863492392,1.4041375977657111,0.011451220404746327,0.2943370696175119,0.5876078706736169,-0.0001544597364448371,0.08070241511901635,0.41949103164707024,0.001624391584179229,74.74413107325374,2.7446991893079367,19.751049040209924,0.010449610431533371,0.014006933476736358,0,0.015174105269461882,0.009372239250603057,0.01003995298501066,100.20263270198714,71.39894143657834,51.10701869772191
42.85451521083988,0.5852654841272025,0.07736698244783206,0.08579805926372339,1.3239613266493373,0.01149773890615675,0.2908702910843825,0.5948957226569104,-0.00033518311751669843,0.0803613235627545,0.41714336370548627,0.0017934004301231395,70.85419250266439,4.37288735921801,31.61051307191129,0.011078563434666186,0.011161954572357798,0,0.0034112663057430234,0.011193899641508888,0.00045389802849226963,100.32071277019381,70.76187784637399,50.292960148060814
43.318883022722055,0.5862802713917751,0.07258818330764923,0.08591895359527733,1.327200523742491,0.0121408684072818,0.29873282043371024,0.5876793899434094,0.00010941879597265957,0.07926935076070117,0.4159155813125895,0.0014358569413281982,57.88859231301431,3.0085431127322324,9.366424299225697,0.010930685677422771,0.011735193253534261,0,0.012127755564304614,0.009825668100202163,0.005168701085540833,100.30198563604152,71.33972909272661,50.251284723119994
44.01368899689161,0.5834238339848888,0.07342920735808359,0.08503568396304118,1.3461316443001605,0.011902813032226543,0.3139982107289744,0.6157034129956229,0.000340356106096855,0.07987234582511533,0.4186798264633269,0.001512591486766208,62.94068512425675,3.957288459525179,24.08916954854491,0.010921569560306328,0.013512962267891093,0,0.013321939224376432,0.005207900412613681,0.0005751777435692885,100.07471958449541,72.00865780139091,48.55142582591788
44.62469927568393,0.5744216221398605,0.07344018400281564,0.08437684688900192,1.3224317254718427,0.012043131789060382,0.3189117167742728,0.6125635738716138,0.00012452121906100208,0.07990543272379064,0.41999935106375247,0.0014792627687009706,57.619527530391224,5.464149580281248,-4.637038713083951,0.012220074693885872,0.01841427968345076,0,0.014117483141396898,0.008398954562029746,0.0041645682025328225,100.26452223336297,72.53249245913204,50.0079242119283
45.2252350925541,0.574109806678447,0.07308749304976742,0.08443927490110564,1.290799400281279,0.012128256602308173,0.3195054877775518,0.6191951737531495,-0.00015553615132080586,0.08013715132591433,0.44464156218675216,0.0012397548832227745,57.02890554403325,4.078601349373999,15.148362523513558,0.011277282067966571,0.023171224739621497,0,0.015800558981957136,0.008171587556806883,0.002732544209489878,99.94004039697089,71.45048829558637,50.33773304981147
45.738483726739645,0.5709443876393102,0.07354683190618085,0.07802822835313655,1.3344859921668626,0.012141467935298805,0.31599920959741135,0.650476900710331,-0.00011914103721206595,0.08067983107509247,0.8684735653442435,0.0011544540158221145,72.2659105201242,3.238132701940782,16.22659179165587,0.013601465162964321,0.015521249448963171,0,0.013946413399292697,0.01068825097601954,0.0022497780123303442,100.15711546583903,72.07134598583629,41.74733660400507
46.40535780245013,0.5757694463375314,0.07314868961736912,0.0780448702370882,1.3997720736884056,0.012598968020022742,0.32284181856104394,0.6478037296285227,-0.00024934390938728896,0.07991273294655427,0.9166254808192459,0.0010082539207140343,73.33313722587773,4.304171955012129,18.003952073351826,0.013501375272571352,0.01761569213506347,0,0.013233563462385935,0.004395467478589734,0.00018230891961705715,99.75737391539668,71.46859320968515,42.49113782695529
47.00938510662769,0.5766164745889004,0.07307692766954918,0.07824832585500946,1.388264213149014,0.012424066305988342,0.3318195264499264,0.6538341368732563,9.84511984702358e-05,0.07997723668031231,0.925834210525228,0.0010062289799938687,72.50427019543747,3.320551263734986,3.886306125875983,0.013640491383505926,0.018973382122889453,0,0.0059021046507982365,0.008810505229180986,0.0036334896156575655,100.28321092224498,71.30672386578213,44.56672390017637
47.606429436190474,0.573202811525954,0.07335757735776703,0.07781756627772761,1.579022833775997,0.012117944803218428,0.3201134836652538,0.6445791213354769,2.483755080653375e-05,0.07988725403074082,0.9322969185039794,0.0004960686995371116,88.29920961355046,3.937679080801666,18.824191718688844,0.0136837571406951,0.01902390223343647,0,0.0024860431972494167,0.0018854898732476003,0.0022307419850891162,99.13895146325636,72.64216030929123,42.12149175540378
48.20347376575326,0.5701300916369589,0.07293016614200835,0.07654805549240201,1.5730325513076282,0.012073711683460322,0.33149015891381156,0.6488722763779489,0.0003063362205200656,0.07916933763748978,0.9224093791184573,0.00036447168513324647,76.66925765067887,2.5090030288140728,8.662027082188667,0.013861816135745931,0.014422584200352528,0,0.004613028977307504,0.0037952054260915295,-0.0008557161348477903,92.48116918346187,71.55918842779973,36.44819236976441
48.75862024762742,0.569545411099132,0.0735178634019501,0.07701180224547063,1.5756412889730553,0.012079208419014865,0.3337007790082606,0.6386748338338352,-0.0002507080872997188,0.07967998436632028,0.9267160917707462,0.0003852656635353921,86.59158327503025,3.442247159392029,12.915834516002235,0.015544087229558303,0.014484481586926572,0,0.0045902136686136056,0.009868966340607986,0.0005138322108484581,86.34280429944391,63.27469690270341,35.29706721817511
49.39756242487882,0.5705312220541707,0.07319643682940305,0.07607137457241545,1.6066411156818163,0.01207789929520952,0.331832030384844,0.6461728642850515,0.0002489176008379851,0.07668334892616405,0.9299819815223015,0.00030625404564025194,86.04650233318114,4.594158681040228,19.3711708923752,0.01563213810087401,0.015523553464364922,0,0.004869497018153106,0.009032947441353802,0.0018896345767294683,86.46690601193235,58.459461906927814,28.9236568616716
50.00158972905638,0.5701990378433711,0.0732746150529413,0.07436857741842712,1.6325283422096906,0.012133727281206264,0.3269461207981937,0.6488675916826635,-1.2301983585542018e-05,0.07713707603401367,0.9191061819317767,0.000529116462734016,92.06581638725747,5.108544285371699,-2.9805677133369617,0.012070170265153966,0.015058710671177322,0,0.0061698122614379635,0.0017658909963304543,0.0038582512724599427,85.7951553755687,57.38748445492668,22.445503806366528
50.59165108400439,0.5715760038499814,0.07313361713960209,0.07470419410604616,1.6126353160762483,0.012038524157042242,0.3285716944545188,0.6486532739234948,0.0004980577557865422,0.07681128007500489,0.8785019646407546,0.0001288379118569835,87.46896177332563,5.07647181555341,7.032259350833547,0.012052215434373105,0.014113572453877055,0,0.0008520728372590587,0.002769125996323353,0.00028958977505373574,85.09303723110843,51.15225924006403,21.75976407302119
51.13981459126379,0.5789861224744275,0.07344380410775628,0.07451471254606544,1.5914346768625416,0.01279158151505205,0.34298208944529246,0.6470944491279695,-0.00018747495163089242,0.07699693036036857,0.9264497192357417,0.0006373917876085514,87.32097127372519,5.275325133689081,14.796819059996825,0.011282316698909755,0.014602033640686452,0,0.001568857447348808,0.010539677313066681,0.00029976841685445423,85.84196372543781,49.74562668878066,19.978614875854298
51.729875946211806,0.576325706511941,0.07316886440573064,0.07387353092659302,1.5789542843263273,0.012835650732432738,0.34389974343896146,0.6469369504355422,0.00016977650853859216,0.07684842746303336,0.9213581326788574,0.0016772552119736005,83.80573845357058,5.613913063449311,17.642533837466235,0.012845499359095748,0.015311381735350068,0,0.01289926949928318,0.004629622403453331,0.0023422381800629636,85.12462513887021,50.431445991306326,21.843160384409536
53.82476833064263,0.5806400587589828,0.08355949693426644,0.07480822053516338,1.5151698014684174,0.01223297993240868,0.3426202095992417,0.6417281336058208,-0.00015912447662864222,0.07682072947468847,0.8680124595809017,0.0016646384802311168,84.23563068873061,5.640508537613746,25.53528103519176,0.011317134368102054,0.015604334433618253,0,0.006962754640085134,-0.002059607244467209,0.002912794153892088,85.80545242779509,44.60830008372039,19.71381788632195
54.4706934825088,0.5787846224541845,0.08384272226072906,0.07478582066340415,0.696146912324532,0.01229160497740632,0.34590481506082416,0.6457105230721969,-5.005435599605949e-05,0.07683494081705243,0.8836805785820679,0.0016122246855010136,86.09502560721488,3.949903239356206,-10.581658032744514,0.011661843540963281,0.014481564400088106,0,0.12763880663473576,0.005138866118784171,0.002230824031788391,85.42878562867494,42.702382455185536,20.850743620176992
55.085195248608514,0.5822800946938451,0.08339900436036236,0.07421530238433467,0.6694239103490905,0.01280632470099729,0.3472192442248648,0.6402017162299546,7.582026778949715e-05,0.07696254581598734,0.9472537682933706,0.0015473120983614493,83.72819546863465,5.977269771694676,14.336502509538244,0.010257496573732377,0.01727918055945754,0,0.13466302468932081,0.002118389783871388,0.007121194293998206,85.19363698024598,42.81230453723594,20.617786385595725
55.692714040093456,0.5788644925779696,0.08379268341223291,0.07502941220651121,0.6507505767166261,0.012865847869013717,0.3452722307505661,0.645442792179416,-0.00020222688743278276,0.07658294020744577,0.9527442859856602,0.0013610903965124454,84.76713769734445,6.602563863031397,12.561080724853237,0.011575708132541017,0.019625944636097355,0,0.12778382234622038,0.0009502808800079053,0.0010197183901653499,86.08642868057093,42.88787155946447,15.269408339960826
56.258334983889775,0.5794558432477548,0.0823638727210573,0.07704049069205413,0.6311022829997271,0.01292830839685471,0.3477666328869224,0.647190183786742,-0.0003492196340055344,0.07615923915113143,0.9177522366575099,0.0014781475744422051,79.14313571984064,5.958575360345714,15.974904616007727,0.012091988594469765,0.025981065990961016,0,0.1293001909280979,0.002161290974872659,0.0020515210672813126,85.79640769590475,34.89032846605777,14.515667219340044
56.900768648448555,0.584100306191752,0.08344371694011883,0.0782249730779915,0.6391792947029713,0.013061462086815098,0.34464971291421076,0.6431915120130526,0.00010029262556415796,0.07655858926647875,0.967099082975403,0.0015053878452131666,84.13298590800416,5.33104359489069,9.678706235442544,0.011145165513697475,0.02013957536154732,0,0.12359910458123517,0.00611217462903311,-0.002350876884613668,86.30371586184236,28.568275380708,14.356691211499472
57.508287439933504,0.5808782726003631,0.08352765733080665,0.07882709495682592,0.6331718070422406,0.012445907203458893,0.336090376742242,0.6280395385122424,-0.00015863108027920332,0.07698665787785508,0.8886196436062367,0.001687099287513627,86.40522875223823,6.020847447733558,17.78199800690008,0.011012850308092084,0.02110286477522311,0,0.12987210614717,-0.0018806517677646456,0.0017941243310511468,84.46576706957399,29.20815837663495,13.198012847591794
58.112314744111046,0.5818496678731473,0.08369900430302647,0.07903871995613143,0.6270038292241058,0.012275607930502471,0.31639372938777194,0.626506722542481,-0.00025922103441663276,0.07601616203564551,0.8715560640868031,0.0013937348941530459,80.65946773926068,5.716035955017806,3.304425534644688,0.01207954075292317,0.020942121944829372,0,0.12755934599863308,0.001932068604055984,0.0041872140440764516,85.3606774566898,30.112404396653353,20.245244701604992
58.733799484825525,0.582221943670437,0.08271589770453622,0.07926481109389091,0.6520920398155122,0.012224864464899524,0.32093360510925545,0.6392491227461091,-0.00025563319615812307,0.07689407465411421,0.8672045338560816,0.0014006084585046043,80.36630280186306,5.366842673274503,16.159554236841114,0.012104755610228704,0.020983072460837603,0,0.12654815198901065,0.0031804429201670674,0.0015280346205594484,85.85369031046828,27.92005968994356,22.965741534186666
59.23308216978154,0.5755837508618379,0.08358828446037475,0.07894434408170092,0.6009703845075524,0.011910455733736152,0.3188131607963772,0.6288438831935388,-0.00046734053335012313,0.0764342675700734,0.8839963804689236,0.0013510533556312433,79.39558671619083,6.6531308381973036,9.031256893758862,0.012366030468497283,0.017189417429707695,0,0.1312619855941947,0.003795748312299489,0.0020300374038186857,85.63242330438992,28.3543254321844,21.473445207559617
59.913922194721565,0.5809059153236001,0.06293315575304398,0.07924991348167262,0.62907131035512,0.012001894317708239,0.3208197872009254,0.6334388191412228,-4.146179534146136e-05,0.07686038605588376,0.8648055144645591,0.0012145813664837823,84.75693441595239,5.189312111642439,-3.5542288204038535,0.011975820445329747,0.009369478270845921,0,0.13193103012007804,0.0001141242486203569,0.0024394786644166247,85.48629626744564,28.90409211331212,20.82519695262588
60.51794949889911,0.5813146229317305,0.06370873088372657,0.07885751768905146,0.5932003716677048,0.01202472864818809,0.3210439484446677,0.63868976474919,-9.811212990611317e-05,0.07634120976437449,0.8585059229677998,0.0010992530785242517,82.2388847393571,5.0449944487966585,10.898045732774225,0.011208751438076864,0.01472047190139156,0,0.1260732999257875,0.002852355496054294,0.006483489206682077,85.18951413737116,34.69424045636443,21.909496577994126
61.12197680307667,0.5781269967368428,0.06284816672921371,0.07850757843243887,0.6113264748851728,0.011944309286863268,0.31886069957466595,0.6324229444807952,5.8753851597583045e-05,0.07993080129405226,0.8596235001480675,0.001148196759370322,82.03658902663445,5.885163410912558,30.526865567057982,0.012146555694054697,0.014269431274147391,0,0.13105872249946574,-0.0013717876298885779,0.0033173550113232203,85.79256196530201,42.01743476342679,22.076393080966202
61.729495594561605,0.5770432495335754,0.06309072793055219,0.0762588788401081,0.597822633140159,0.01205144701206429,0.31138529558045774,0.6179178038092074,0.00045052572510598867,0.07986228818655725,0.8516036666202569,0.0012272660045158739,86.35692548346046,5.493028597745843,28.25970849501516,0.012877271289226607,0.01490863950223497,0,0.1253008033412325,0.002320228626611039,0.004470335305188918,78.14359717815219,43.38414851246116,22.011144460698596
62.253218690669314,0.5771574137922374,0.06321907942187573,0.07477100891359685,0.593902964092532,0.011789305857766691,0.31174351990053817,0.6294882591022327,0.0002284585082299692,0.07975062562098112,0.8414523788510377,0.0011769817886694667,77.9652545916999,6.022821940696619,21.10850820356285,0.011939127118260886,0.011081245567399534,0,0.12663091770538346,-0.0009248166544730595,0.0055158827609046645,78.98829251560208,43.86342309101352,22.34360563942445
62.94802466483886,0.5773658734485209,0.06389402098389255,0.07325250475459863,0.6135657573866224,0.01178348096231721,0.29910188664456866,0.630224505378955,-0.00048051085990882407,0.08010128661789667,0.8561084117741935,0.001122776803262156,83.26089541184521,5.904883719328415,19.985235890845587,0.01275492479983025,0.006280167401324896,0,0.12851206394568546,-0.0010841799894922282,0.003801400571653525,79.2106913421025,43.148797292884524,22.385204939317866
63.5590349436312,0.5768377779507984,0.06331878585811888,0.07142195806813337,0.6232169276862493,0.011723937729270998,0.2966556523545552,0.6312601721003935,-5.503679697183952e-05,0.08053790695735116,0.8315349769793975,0.0013305805866078704,78.8173592687522,5.6957653660654035,8.346524421829061,0.01314216260096753,0.009500934545831414,0,0.006189893886093442,0.0024597997241369123,0.007196250122350139,78.54566213401071,44.17008224480434,22.709378442629962
64.13862183665705,0.574105148024661,0.06338148791563664,0.0692175465108973,0.6114731105547389,0.011658125288255031,0.2990798393703394,0.6294972615023899,9.342219113748724e-05,0.0801347276837543,0.8237509483947627,0.001439491596928684,75.82899532388716,5.866406828600482,-1.329126813924976,0.012728829974576547,0.011580033326259358,0,0.001972994686935967,0.000712710492924557,0.00540733868790236,78.58377339937202,49.9878209418264,21.565020822886183
64.74264914083462,0.5775957280134082,0.06337202626282049,0.06773244519068317,0.5983430801388094,0.01113753189072436,0.29981303262254166,0.5863683129214469,-0.0001935921117168553,0.08012472274908634,0.8218411492307375,0.0019592874005957706,64.9960981199741,5.957438618781216,2.965113440223199,0.01365950420746875,0.012146558868118903,0,-0.0018921514346767455,0.006984161782216793,0.0038394387942306107,78.34198329170147,50.30432714401372,21.09977059317168
65.25589777502016,0.5775417673090263,0.06339476270909389,0.06571700868203488,0.5929024536479551,0.011175079712433013,0.2975392043984543,0.5985310210384799,3.508866977256226e-06,0.07988863702757946,0.8608055833203503,0.0019753940829353184,74.70449535890484,6.302725701071534,13.088661250810226,0.010685107284223434,0.016176764784831356,0,0.008579033418172472,-0.0025123386831935684,0.0044608392529731575,78.92233356197258,49.71921640611671,22.329493756374124
65.84945061727556,0.5769888732953659,0.06391964883269446,0.06506587086118316,0.6024994037239614,0.011196368562700152,0.29844095501968526,0.6042988273519869,3.0090125412563586e-05,0.08009670819130627,0.8704471638787095,0.0019494440039176065,65.05439110567215,5.241249580846236,20.77034523881668,0.015639514809417627,0.019101547032745032,0,0.0014089180743973855,0.008847536146278622,0.005136114310963117,78.94800808035804,51.390029714089835,22.542385119929065
66.47093535799004,0.5731677307384986,0.06393557936375231,0.06400899883149486,0.6333582625432331,0.011289590270679007,0.3223250241625346,0.6363576099922416,6.715990692273758e-06,0.08025604043494751,0.8723874033483678,0.0018103342319309155,61.830916038780884,6.897089424355437,5.655201033982536,0.015933714742602217,0.019618592893618052,0,0.00029533050057501493,0.008429194650629543,0.002258733590984421,78.06924190771973,50.35260906362845,20.287192708311686
67.0749626621676,0.5772801303519961,0.0632577416688019,0.060871757404131595,0.6298144202359417,0.011343454626485151,0.32261669957971184,0.6002244342649867,0.00031295809601560455,0.08037823590021399,0.874782223486892,0.0019002993047571395,59.19801875844888,7.13588923116546,19.785006126307106,0.01568493514463937,0.0205982307228391,0,0.007178258426800857,0.007097518480423797,0.005786531927326467,79.30514359970338,49.83829805394656,21.50170789822461
67.68248145365253,0.5755746519912409,0.0633227722019189,0.06009519242849918,0.621715037608454,0.011158064875231825,0.321201004916741,0.5952918851097541,0.00041909023266331694,0.0800906689937331,0.8593922254472874,0.0016089493589168074,62.721852018963176,4.913932231415025,23.433611519702836,0.015333590868484662,0.015935605648451565,0,0.006621937661332318,0.013058758463183263,0.007353793765296343,78.40970760784023,48.85358762719446,19.64104080944352
68.21667901168239,0.5762986645921006,0.06330938042836828,0.06020363140136586,0.6043837757498355,0.010763727400083457,0.3236238830474893,0.5747896951828363,-0.0003417704050047135,0.07965783165173107,0.879157129427185,0.0014744798205997252,63.92903083577036,6.700957788159942,11.338898043528108,0.014992471517935613,0.015364001376930217,0,0.005379175730651082,0.006658292516661052,0.002342931910164826,78.11092637921898,50.268254344414,14.329465884358624
68.88355308739287,0.5774309699878145,0.06327998964643874,0.06007499801521769,0.598019736797199,0.0110541547504333,0.32211460905716305,0.6039593865946529,0.0001906984795445804,0.0799404412093273,0.9050190929767626,0.0015112852653309642,60.80747424950363,5.889622198062172,34.426883009464106,0.017612263150008627,0.01994062328554979,0,0.004787743202906761,0.011832775710196374,0.0036740494164595296,85.84663823013786,51.060628466365806,14.798050511417081
69.51202080272212,0.5785730766090628,0.06360989981784432,0.06026507600626747,0.5990108892775977,0.010862168968849853,0.32081924414594626,0.569438309945634,-4.987296400530347e-06,0.07683589905529953,0.8678492669301102,0.0015277625085021928,62.58755356185352,7.032119216747655,14.478158232640856,0.014702884934050961,0.024059667623098628,0,0.00472833379912087,0.005856842258218453,-0.0018075259139914237,86.33548584490296,50.06562917953245,15.05696878176989
70.11604810689967,0.5791252544759371,0.06343207334115963,0.06067392821626181,0.6025488299765833,0.010842701181703687,0.3277186035925497,0.589704115163175,2.618779736335072e-05,0.07661713710737543,0.9068115262003505,0.0015282481376275136,61.67691761523875,6.723731544366564,24.861982418773955,0.016801218288529506,0.029313707909612147,0,-0.0006948783654759675,0.008695521750053692,5.88305961330153e-05,85.03022194923658,49.91046589933205,12.94802570296588
70.71309243646246,0.5785762324100568,0.06323188544031155,0.06005290994419491,0.629975118484152,0.010832926061263081,0.3231182740481751,0.5968496702260251,-0.000261544868877656,0.07677724851206866,0.8836936126288124,0.0016334136936201312,78.47324979771412,6.845690662749089,30.030211123604932,0.015106445352941032,0.02695556111814614,0,-0.005528732386773495,0.008415259560858243,0.001461357413097345,86.51372591473034,50.48675729475972,14.609522213930024
71.21586660872585,0.575134831488756,0.06317880691657578,0.05991672002428344,0.5630025647997771,0.010922023045063331,0.27242160387313546,0.5735543739468735,-8.30384855664241e-05,0.0803579660053673,0.8923274219933689,0.0014031539720608184,86.19183223676701,8.03657251361398,16.07669788359636,0.013283809850272351,0.02604377369359496,0,0.0093918688605899,0.008335315154381285,0.003697961716159104,85.19832924358668,49.11354511282605,14.736391692396165
71.89321514635849,0.5772312740223169,0.06334508771172354,0.060716984130390984,0.6116836632598177,0.010766764022513033,0.272747635036599,0.5784165972700387,0.0001159263947658949,0.08007498025095681,0.8821382368365309,0.0015956164611225189,91.01026443579654,6.363798925252609,13.994924912353646,0.013910929381431418,0.025582035620825734,0,0.0031683562581052748,0.01646900570976599,0.0029331883920753086,85.36453833097929,49.929824496444525,12.91818819894672
72.50073393784344,0.5759485418464992,0.06349348771534107,0.061863972550406654,0.5975428929629911,0.010833110578269987,0.2719754781014655,0.5801372066906908,9.824017087475444e-05,0.07944242948209054,0.875857517625171,0.0014159282637928661,85.06035475652105,5.6461677054604085,24.20673047585466,0.013685567147694255,0.027818823088063716,0,-0.008196925191988716,0.012914932224334166,0.0016832757022845401,86.05039032942707,50.480304014659886,15.61630011090551
73.10476124202098,0.5772419460864322,0.06428607757338767,0.06232115804164828,0.6303521492144204,0.010797987852676777,0.27551801871090564,0.5717752031512987,0.00010366531053354825,0.0801038090768011,0.890318795929255,0.0015454563507071304,88.69019372416926,7.8068921071651936,-6.455637150970276,0.010524795859660981,0.028062450426168336,0,0.003224288568214554,0.007451805790725433,0.0036326553897657998,85.7816994031847,51.617924251352974,14.164509605354132
73.65990772389516,0.5752279090557666,0.06282295137875506,0.06295782634904692,0.5902915278171379,0.010730172975699193,0.2942840372448972,0.5752033935519332,3.7151522489596717e-07,0.0801006174012232,0.924191496994951,0.0018435238997778767,85.01043624465531,6.921065619915327,45.048278784785836,0.007351350420198775,0.027747287715000887,0,-0.0008749472801236674,0.0038869083322540894,0.004200888090781996,86.06116529903352,50.02937433284541,14.4319624525522
74.00556496732624,0.5757006464434664,0.06335993680430453,0.062135819004499326,0.6248986164318624,0.01101073869429251,0.2947306481308563,0.5880878328255906,-0.0002204775047817487,0.08006833500038289,0.9537700503838382,0.001980739262742227,74.34459492790461,5.247788982612526,19.039336357628997,0.01050445728511968,0.028267114600131652,0,-0.004294858113741416,0.009532595133841667,0.0008374408941301222,79.19678008953858,50.05095608430003,14.100447517786902
74.74226878918441,0.5796476743281885,0.06319262531618024,0.06313741906071509,0.6039453127372587,0.011464849249702293,0.3121984893862637,0.59113163017394,-0.0001601551323746891,0.08022614091871007,0.9459794999161374,0.001815008039739669,77.34070398363706,7.401743104523797,32.57373022830322,0.01049393970781712,0.028307255881879354,0,0.00787087931618905,0.007241660251170913,0.0021593419259920044,78.47824650250686,49.84713087696459,21.36514475569463
75.37073650451366,0.5747610507067199,0.07074705265545418,0.06377913012464466,0.6270405186054607,0.011416663244176155,0.29476533110472697,0.5780063890062686,2.622873463760004e-05,0.08006544437874444,0.9469991150931453,0.001845935119559434,85.05992733680917,5.328659957647169,19.54758517222804,0.007682862266876271,0.02676172151169148,0,0.00625125421431085,0.005577197478462761,-0.0017208462258439632,77.71636683104452,49.990644367667485,27.906410098945145
75.9782552959986,0.5773808102042131,0.07013992465585346,0.06469786054221073,0.6137156769849391,0.011859391563693616,0.3069181144807825,0.5913291641462668,0.0002058322368383758,0.08013641696528048,0.9360619145158863,0.0019539887967912786,78.16717115445287,7.108965480509824,20.4859370787637,0.010567719211177827,0.027097953079464648,0,0.00013281961626951388,0.004071310922604519,0.0017155699648951053,78.71441447698069,49.78381413721856,28.664434032678884
76.58228260017614,0.5769405084641713,0.07353920820796989,0.06656964161775963,0.649614350295936,0.011548259916768144,0.29660699257541207,0.5774252555402467,0.0036580826423551877,0.08041688273933953,0.8938185481821268,0.002062563516808466,74.83319617732992,7.343172771828443,14.7830012446256,0.007466434913795564,0.01773425521515679,0,0.007191688248707894,0.00012663355628776468,-0.0009806877096818654,78.72149319571052,48.909198563016275,36.79350097947632
77.11298867089863,0.5767155597321328,0.07328124645858448,0.0674504022015166,0.6661225763958122,0.011865912052760892,0.3101299282332388,0.5939741851181736,-0.00035005203373248523,0.07941951949623856,0.891716202105267,0.0024173603972980247,73.78551131371823,7.040980017109606,8.507062924053729,0.007595381561053057,0.01800656729841303,0,0.00974931742205153,0.003296185140165155,0.003736128087961401,77.87395797864077,56.97461379648238,35.25910779178221
77.81826910699034,0.5801041534540561,0.07692740361662015,0.07234308226797014,0.6622071276748218,0.011898679600395404,0.3199661610872863,0.6184096411758205,0.00024426585860964646,0.08027569346205184,0.7849347390411934,0.002811453896497315,68.29093510313534,7.954050104145958,27.468697297632563,0.006892743120970163,0.02591893699497238,0,0.0025173887429982694,0.0027392956359588755,0.00388675055311408,78.57405430165332,58.10652473844182,37.184228112094445
78.39785600001619,0.5795147678676155,0.07967986269740407,0.07190421720563218,1.2615112021937382,0.012072373317929434,0.31512959716179084,0.6319247023156547,0.0003620084057444969,0.07964031783869183,0.705325592917136,0.0028812429522520463,62.381977956070315,7.405006562568424,15.593078010473942,0.008705717475793105,0.02535709244222936,0,0.009372290359443407,0.0013092159021998024,-0.0005349406996189975,78.04261090207663,57.28914540355807,36.383455329956114
79.00537479150113,0.5765329502764498,0.08078891269182122,0.07267061072692961,1.2446336949141834,0.01243216884125429,0.3163332702314759,0.6645541463799218,-3.252273005289583e-05,0.07939902245067282,0.7054317203223636,0.002009483109539214,75.10756718944292,6.653706162379529,25.762394451684663,0.0066240262667311735,0.023094755664971843,0,0.006023727408996387,-0.002571055896741686,0.0022434442304830205,85.77427472336399,64.71625164988427,43.69578612714783
79.39642136992822,0.5749447116190812,0.08062170421557738,0.07406942796141962,1.292722383389523,0.012627934791868474,0.3383923145377541,0.6653888667279921,-0.0003319050522180547,0.07660325456591038,0.6589166983149031,0.0016789500836406472,73.84468858916429,6.500573933267854,27.88939540686304,0.008339616377546514,0.022303972091605322,0,0.011742950765767311,0.003088512690972371,0.0032163903222608894,85.52488192138027,63.6016820366303,41.87322926420357
80.10170180601993,0.5782434200984667,0.07974413988711972,0.07470986489538389,1.3058760975218655,0.012313885846597494,0.3456284045969161,0.6704624680837096,0.00012217517646523167,0.0803169755471577,0.6575211645107513,0.0015940722779449023,77.71419480838503,7.605511591738183,36.74084814994451,0.008725370345468766,0.023595723697643053,0,0.007594773223094105,0.005448360868160813,0.007622792255767872,85.88740541050527,63.545412311055216,50.65613434174904
80.71620357211964,0.5774118530131809,0.07963934793336756,0.07624398394528181,1.2942570725254101,0.012412346849362255,0.33488212608018025,0.6718037093782843,0.00048735645134264716,0.0799531290520473,0.6794024482998489,0.001595586106295208,78.5661632403197,7.7862089648939765,33.394060586411655,0.00875525497201009,0.022027550148327305,0,0.015679392016793543,0.004486091596275703,0.0024823111387146622,85.7166631039884,65.36547598944152,48.86975722693207
81.3202308762972,0.5758953376063428,0.07980400651207337,0.07716855976442413,1.2371723060631246,0.012432646315760286,0.3361711026389231,0.6569737869068638,3.111708125015555e-05,0.07939201309361253,0.6968872461088702,0.0014026354301752777,78.52292331147774,7.761176435621327,24.966631451879536,0.008363253569684054,0.02312572229624245,0,0.013053337401971354,0.004208337854559999,0.0023590618648051164,85.26161506057879,63.901983951513365,49.17204071116432
81.83697099779013,0.5770631324165362,0.08021571648702265,0.07587789635683607,1.275801729453818,0.01255540404852627,0.33998826820675965,0.6750616435073578,8.095291692773793e-05,0.07718278413123429,0.6862498834197397,0.001649997127889152,76.62516707406509,7.870143726737177,22.84362072231223,0.009242718992357788,0.02256370291693017,0,0.00708029139519176,0.008440484300952688,0.004689448136148395,86.07787917904976,63.79700533201303,51.57345922016959
82.50733656080799,0.5781931243857747,0.08294353612585605,0.07727908303953257,1.314771611334282,0.012928956153624488,0.3395956262154885,0.6600425708675002,-0.0007145865123916873,0.07668031570690832,0.6952964021086506,0.0015541545619728843,81.91867996559714,7.489842279154804,31.56381643849751,0.008726290749872854,0.023766880048915275,0,0.008390695075748288,0.001797180638541228,0.00330645682555684,85.19187890777013,65.20972770400768,48.95067100514409
83.11136386498555,0.5803372634574901,0.08299063299658749,0.07768681915414863,1.2605420946597226,0.013177147094456922,0.3388773753104587,0.6759080793152563,0.00012158261249721767,0.07651902035234417,0.7155929190415288,0.0015053685287676436,89.66516344954529,8.1764839681248,5.800221336136902,0.01177389545210681,0.022188956963983965,0,0.009547457941889676,0.0017384536589806873,0.0004240539118473153,93.25149105073963,71.4159539124574,50.178551221360074
83.71189968185573,0.5755205765633574,0.08302479515651169,0.07788659917604322,1.273607988810652,0.012653126507650294,0.33608577652842203,0.6622017960313398,0.0003194111897661295,0.076287446696485,0.7078250227152654,0.0013794265964543974,89.44019414257106,7.227624384130623,19.365527290774658,0.011965442548381947,0.0229816481817467,0,0.0122370785602615,0.00251722483922654,-0.0011249842284004083,92.953857808252,70.6165763641159,51.2646611275547
84.0785058491311,0.5770652947591763,0.08274230524211232,0.0773932214737468,1.3008951030767035,0.012207883176548142,0.3157181172673078,0.647318545809746,-0.0003903093838206268,0.0770433675165071,0.7034344352459783,0.000880022273715885,91.22896199435358,8.09355312015204,19.83191489452826,0.01544058857977518,0.02134608770730065,0,0.012451975626662223,0.010250430502363742,0.006043258753808853,93.12988933215169,72.1995430918684,50.35231919054186
84.81520967098928,0.5756561513142412,0.08358089775185151,0.07775953764609685,1.2955229377135766,0.011775616681560401,0.3140935990478344,0.646724532096962,7.621097689999756e-05,0.07989570430064877,0.7543618340260134,0.0008558684513001743,97.2987210516221,8.721676242771684,30.811191496518987,0.01562791999486167,0.020120923374211577,0,0.00694940905156183,-0.0008190086342940448,-0.0006909600122122234,92.81660680214007,72.21819553077543,50.659815337230796
85.429711437089,0.576926532508624,0.0800584604596677,0.07728748127871973,1.279482885759423,0.011874067208268037,0.3031993783570944,0.5808312812380768,-0.0001134318155633785,0.0801760839474406,0.7442554906586658,0.0004609008271867499,95.74653446851542,6.542420682611182,25.680498149502476,0.016454653781311977,0.021547292189425634,0,0.0017153650504521858,0.006324290562406387,0.0008351377757971909,85.98805624847142,70.47528713191913,42.054333901834255
86.04072171588132,0.5758876156508228,0.07988165333164354,0.07642897693823758,1.285573278083879,0.011455641474919433,0.30235636400317567,0.5860208739782297,0.0001567556564808374,0.07995415689539126,0.7530714161653411,3.745946692314671e-05,98.38433076069914,7.585004032138034,18.871387109805717,0.01701508363045753,0.02115222839068469,0,0.007762026991309442,0.00808065168317296,0.005762685635794563,84.6117907820721,71.69270192977933,42.11299947895173
86.6412575327515,0.5719621158089773,0.07961195524471675,0.0768315495684508,1.2698098139733454,0.011746971712119738,0.3030732778052973,0.6484858119785216,0.00010760526598089174,0.07989926933807588,0.7363480707296916,0.00022543657129481427,99.8597055408349,8.37476370533467,25.865523182992003,0.01618980992906055,0.021597686294160867,0,-0.0010923818600995505,0.0022746374472157986,0.00393496015385621,86.23636547333786,63.397811330866055,42.38236768285081
87.20338698924043,0.5803939874549326,0.08035129206267841,0.07693222146938,1.2537475929527238,0.011471045070238352,0.3017624743868181,0.6419677350508999,6.173979708041185e-05,0.07959442140703432,0.7738568516486339,0.00013906711302402318,96.89403946240836,10.509385194471994,21.57989814314914,0.01609967739129243,0.021841683960544738,0,0.00929529267908146,0.005861490584689299,0.009183541271090381,86.23233848907208,64.47065193263373,42.66156640460446
87.84931214110661,0.5851971508114318,0.08011148793717064,0.07631027983076884,1.3012464931908418,0.011838432351960379,0.29926297456609824,0.6475803277660808,4.455585045029099e-05,0.0797270648289257,0.7813647070404351,-0.0002396104394834618,111.34219503239626,7.5454966880411405,16.501781093290276,0.016867774208266115,0.022027124329728535,0,0.010430136861395942,0.012376125885073419,0.004393944429958059,85.1662923475427,64.52195933682017,44.02196315090923
88.44635647066939,0.5817947613946055,0.07978149547514002,0.0770155820594483,1.2901441780754448,0.011779851862324222,0.2952585919044619,0.6428829409241663,0.003075812501910733,0.07989184151025441,0.7540912895730922,-4.386480615354652e-06,118.06383093506992,7.491576416785099,19.314901884168652,0.016430588185933702,0.02134567587607255,0,0.012567600206768375,0.005537216907429827,0.005845948591071392,86.25191556565632,64.06434227971384,42.88312215000544
89.05387526215432,0.5800923820756212,0.07985614181813229,0.07756679094619334,1.3230741396635766,0.01164190258187548,0.25347208817750605,0.5682068215457622,0.0035727551528497953,0.07978189882803007,0.7675806026498623,-0.00016673012991152785,125.21868826782716,9.44707489266019,30.42479885125468,0.017161433902280386,0.021081657550280568,0,0.001681484072398127,0.003454790475062301,0.006484124191471322,86.36706501101536,55.7947273017253,35.494935144028105
89.53570051057342,0.5704448668442341,0.07987953996556756,0.07736771808779445,1.2732769692388004,0.011759150838402285,0.259638154326725,0.6070723090866195,0.006607206652245644,0.08008375338780313,0.7698692522912647,-0.0008343072466776093,123.72421726424665,7.523350745410488,17.92752414442677,0.016727941531046515,0.02181123986605109,0,0.006493516706973319,0.0041839013183160734,-0.0003289785743465731,85.39358463588643,57.660579193228855,36.66443842860321
90.2235235101282,0.5706643417806476,0.09005727091158343,0.07750978293236625,1.3065479129628421,0.012132067386792445,0.29547109522929615,0.6236764826341882,0.00681962985569281,0.07988659946137686,0.783571137657942,-3.7185020284259885e-05,126.65818149021595,6.043108149191212,26.507782552876392,0.017642766688136663,0.02239009519051485,0,0.007570266050097998,0.0024242784672365934,-0.0004120799388863455,85.79906505615037,56.40352147702981,35.98365677137275
90.8380252762279,0.5807712596929557,0.09325618986233272,0.07790995385974263,1.340450976432366,0.011889242914810147,0.2974284639029607,0.6230038287829995,0.006954499610770291,0.0803379368324347,0.7920387452487277,-0.00015381167644827872,125.81798941158841,8.393183742862686,11.529982221670107,0.019738026563300926,0.02164823263933872,0,0.0037629543764040613,0.004127634450532271,0.002737475519167572,85.58351079246479,56.99839249438615,35.006625575559134
91.43506960579069,0.5799910849133314,0.09304293627584591,0.08055873551267888,1.3178826521818894,0.012040692185410679,0.29952511476412685,0.6232829613957918,0.006441383216136768,0.07960767430732164,0.8531614330319828,-7.942379927998417e-06,121.95446720415623,7.300562620891055,27.276426515846367,0.020116057229111372,0.02536211818370728,0,0.008019806448763872,0.005889600641968459,0.0034069173542271495,86.11406146445947,50.034670099385465,34.651331784497074
92.05655434650517,0.5789407871952215,0.09250453747039608,0.08251095975190723,1.3500005389640524,0.012084130980027192,0.3050582699561616,0.6515323743087363,0.006780724367401576,0.0800971970756686,0.8789235776595606,-0.0001907376794256694,126.77024471029645,8.0347609775922,25.107461964684553,0.019763008679168994,0.02637592241991989,0,0.0026995650342695934,0.004270466012031018,-0.000999667515973837,85.41992527101112,50.056422987183744,28.96961745729511
92.60820934107194,0.5768476875964722,0.0934127513840676,0.08647077719722489,1.4128836084642766,0.012220942653241128,0.30440287321222054,0.6502304470708006,0.006545122528247292,0.08012844053618448,0.8881875253565664,-9.740165910369019e-06,117.56048743513269,6.709621585777737,14.964074438081902,0.019236613538387112,0.02824777738351747,0,0.011203854494017517,0.0038713831243596653,0.0020368394750179646,93.27916929319284,50.753481806017426,27.73657287610214
93.09003458949104,0.5774603424683312,0.0929092569076036,0.0895386238059417,1.4111389628716113,0.012338014703879727,0.30999021164915075,0.6498610887524968,0.006536508004064783,0.08033466446632921,0.9022733244625477,-9.773928435142475e-05,115.79873341582801,7.9236740382313675,30.354424551882467,0.02065038719623558,0.026025938400635946,0,0.006823800628025863,-0.001656707918617449,0.001957266492772959,92.86971790261032,56.64853148217426,28.901019765920417
93.80578948750491,0.5754538015130106,0.09444674527435236,0.09386452226986008,1.4174699911553017,0.012933874798316283,0.308659516911808,0.6497999160873374,0.006811100915392314,0.08003256054780292,0.9120465834784679,-0.00028025933448627184,118.71174363645966,8.369692546864943,40.09583088126918,0.020209869062727873,0.028694731750255102,0,0.010441919975749824,-0.0017313996425664282,0.003148776120614328,93.46148872072084,56.868964995342736,21.892221363970314
94.4202912536046,0.5742244392128237,0.09071816737599762,0.09613738114910936,1.442519056141323,0.01339871395217387,0.31245161618353107,0.6703511545978547,0.006609321606690237,0.07990879310905244,0.9319710336632783,0.0003198129480068651,106.76275349328124,8.728111517127052,23.8742993151739,0.01655114912095015,0.03083266718808204,0,0.0035023237638898623,0.0026633547460868465,0.0018696745675701322,93.99169553597268,56.61730660283614,21.2448899835609
95.02431855778217,0.5765258993649186,0.08986317538330096,0.095786511362546,1.453599251752972,0.01355813530108345,0.31516555840381716,0.6745168057145388,0.003553520647968665,0.07995915368717153,0.9706412636291389,0.00033765013295743157,103.86693510271887,8.772497249081779,28.6607102181594,0.015505742872198839,0.026024628460973497,0,0.0015502495846972321,0.002569702953730509,0.0029939759282598642,93.39986681584114,57.675219867739514,22.11438631817447
95.62485437465234,0.5777710018518467,0.07999536908737942,0.09623210033390361,1.4796398346067792,0.0134754695926333,0.33489777748961447,0.6975867009992525,0.0035606708549692735,0.07976369653999688,0.9886880391234854,0.00018585762656299777,101.09055842394666,9.043004620753019,21.32298522906795,0.015088217225546124,0.029243586205243487,0,0.0006183623527529609,-0.0030609075416682305,0.001233080265327751,92.76000410227287,57.143373011097445,21.496606294578214
96.1555604453748,0.5786802000699277,0.080042208941498,0.09571229956616938,1.45429008696017,0.013684427353521851,0.3497056892316216,0.702115329596104,0.0036048318517030134,0.08324591558638482,0.9900204539819507,0.0009718678470423824,83.39946930806062,10.328908184854981,24.92045049024705,0.015341060522737697,0.026866634772022672,0,-0.0005929644035247597,0.0027514443537850156,0.0026363964631530854,92.56534646282236,57.66835864160787,22.48953952233706
96.82592600839267,0.5790464273030774,0.07990920351065468,0.095617683472882,1.456961938066966,0.01388408891984649,0.3536072156014226,0.7201498283105511,0.0034219752785315527,0.08610038376701247,0.9974641209504015,0.0007859771025974738,83.50765282961918,7.852269186847083,37.338568247867975,0.015133361114791072,0.024408155448850218,0,-0.0032907049134971813,0.0017700908361999068,-5.539293460903212e-05,93.63749930913107,58.49725163836775,21.633381450968855
97.42646182526285,0.5764926810558241,0.07913372662661633,0.09648542383248708,1.442777901931656,0.01385041900405085,0.3524512114875625,0.7235210976527913,-4.743901496829553e-05,0.08293995483741132,0.996027611008308,0.00015420545465385296,83.34521352418452,8.670298331519714,15.84736961156068,0.012646477008563126,0.025230963423657774,0,-0.0006448147069912989,0.006260147463805559,0.0017992104906874808,92.95389784337199,57.389870665189676,20.752636814349103
98.03398061674777,0.5775093605143764,0.0795991503608899,0.0957941863464964,1.4866627981203273,0.013811289015282868,0.36710302111428356,0.7257190733671326,-2.6221159648802826e-05,0.079602358018818,0.9894739644360704,0.0011682694334424113,85.44315657135523,9.037136385643544,23.781058873776583,0.012017178890769318,0.019170947829804073,0,0.008194063890031888,0.005717215624281001,-0.00037743708932950516,92.62794417739705,57.45386184461686,22.095350680054384
98.63800792092535,0.575857546462682,0.07995246699197821,0.09275674021876092,1.4652904265877098,0.013840330281235805,0.37135781839867715,0.7308148741108291,-0.0001363431953198155,0.08009067222299718,0.9676066666839824,0.0014963967918975034,86.91137943224986,9.73841114319062,21.966519080190473,0.011962892599321734,0.017422502972497866,0,0.0032513254217468573,0.0007201923147564047,-0.0011030023453427258,86.29843558561643,56.48951442683311,20.280095499292184
99.1687139916478,0.5797463796997175,0.08008515407594986,0.08961525082914666,1.4759941612957275,0.013624039572339739,0.36563674487444386,0.7290785805745116,0.003674275798050671,0.08021898535914644,0.9712176009017357,0.0012946025696079192,90.2822125047472,9.881991453074797,29.044115566669795,0.012623559206959097,0.014508667071030764,0,0.00253196290482521,0.0003454554472001846,0.00425634206314944,78.44040474336397,58.08646504212934,20.47300002778861
99.83209658005092,0.5809405270083164,0.07973278858717837,0.08786478314511101,1.4368668196440257,0.013848434511981193,0.3775900300010505,0.7570078207440312,-0.00014262442933126463,0.0799535720045547,0.8652818676906561,0.0012164053080015106,84.01497301426124,10.754515857450723,26.930453027737762,0.012807780252208578,0.021132596019143638,0,0.004857482796825342,0.0009986863222931058,-0.0019606408606494216,78.81992284602312,55.67422553462542,20.96124996425527
100.44310685884321,0.5793298072311189,0.08042224125635855,0.08589285782564167,1.4041489579933824,0.014003315131235634,0.3633863385799328,0.7586907829590401,3.1492214805093136e-05,0.0705046290901088,0.813610047628059,0.0014165763922952717,90.64274467119249,8.361391743929824,18.453011410861134,0.012604247582174212,0.020747488439694935,0,0.010886668955448774,0.0032255932371425666,0.004174836560528003,77.88699525412717,57.29330511170192,20.61737297926359
101.05062565032816,0.5804388929746565,0.07347969995620829,0.08469749655311141,1.3815283192434549,0.014504862182404746,0.39874362848730793,0.7367437272268501,-0.00022146116651848365,0.06994893408567093,0.8396305933757485,0.0018164446196425803,82.561617414412,9.477075480538009,22.071412263003992,0.011644101250389116,0.013524151287033086,0,0.010899987687538654,-0.007738212436738856,0.004352477727129652,78.91011687708743,56.86670560083311,20.37548964017696
101.55339982259156,0.5799588880548739,0.07368635686868882,0.08322386732618468,1.3966055240611743,0.013886446716184164,0.4016770040048615,0.709168495164322,0.003578890704848246,0.07038885882129149,0.8014412552200231,0.0019085239028572938,88.38922777525286,8.577650809836603,25.89336584555315,0.01469421733571798,0.014824174361910965,0,0.0067883600061107476,0.007522584712551942,0.0031453680718415023,78.4960805339159,58.80288076610105,21.55343463065861
102.2342398475316,0.5808675083813762,0.0730969801002156,0.08138740591430424,1.4729835466034502,0.013670644959171393,0.3629039060357842,0.7014791923280388,0.0001688261648413293,0.07043375918186566,0.8110859688491399,0.0012453175896472667,88.24663683206674,8.703751773812856,36.409675320066924,0.01122318440242299,0.013270444283747778,0,0.0002446802952616226,-0.0005861877538940255,0.0022256516912904116,72.0204907427323,56.941577404562864,20.902903946750882
102.84175863901653,0.5808974813067994,0.07383251640309355,0.08089421046194809,1.4812765749350179,0.013640030502255047,0.36333302510124094,0.7126724924036808,-0.00012255588324298794,0.0700809991972923,0.777497647262436,0.0013706254065515247,83.05777667544717,9.23699338715241,36.245915852250114,0.014203855916667537,0.014109269590824262,0,0.008919286749021822,0.0007231089169753586,0.0013916174722338405,71.60449553218889,57.343826790272466,21.937095409972443
103.45975189242361,0.5796642586931052,0.07372835507462837,0.08093355673013032,1.4556839224252849,0.013439476563574065,0.35308963158144197,0.6943735300784856,0.0002147220093948832,0.07059293264138414,0.7993785635058143,0.0014947759795794636,92.26422510672143,8.793460382283305,25.919003286965545,0.011524301594038836,0.015757761281639117,0,0.0006446017868275266,0.0017088197286114575,-0.002950744529237979,70.8166180574399,56.465000342417966,21.497150601784448
104.04981324737165,0.5785603032715364,0.07351323202445732,0.07982324466591896,1.5505874637112955,0.013494536590504907,0.35327588345239064,0.6933418658895275,0.003165791234885371,0.07328761098586938,0.8091378986374609,0.0013626558752152405,86.27976444813588,9.471626601112154,33.88712405862867,0.012540693054006676,0.017330376228328337,0,0.005901984189425811,0.004743221583407869,0.0021779037628221424,72.00036165775406,57.67327344960133,19.61137512182911
104.64336608962704,0.5805349763646341,0.07326055194111962,0.07887240657638364,1.5688206297430178,0.013768903492951342,0.3285092642494593,0.6956963599151923,0.0037111797931327745,0.07337817352091026,0.818600929114205,0.0013494057740372019,94.8171553938545,7.5898339692881125,19.418655784136842,0.012692572924377735,0.02315197589953123,0,-0.002658581462102559,0.002946166046325685,0.0025951478629850137,71.46606766300297,56.69931676016608,20.752085927117047
105.16708918573474,0.5795260687137985,0.07264139873732606,0.07834853015344034,1.5675967970727196,0.013769193524502402,0.3295542141772721,0.696083236420457,0.0032091576933136767,0.07685248496200224,0.8512290319280171,0.001040917158557362,92.70717794574963,8.677918055207698,24.375442204443328,0.012285502505614224,0.01762518839793761,0,-0.0039302327675947955,0.001579651279992046,0.004089290470466619,70.18260494364806,49.34100257316819,20.180886826953852
105.8374547487526,0.5812924243694534,0.0733034503940148,0.07810803037110436,1.6201060701149004,0.013640206593810291,0.2932866152421707,0.6802787774128006,-0.00027614818033413075,0.07653295252427877,0.8415088897035862,-4.1879889016177986e-05,100.45159667560439,9.860099033859012,26.187466137778912,0.011494435071507617,0.021441414159923497,0,0.0024579334942613634,-0.0023914001076117846,-0.00040564763110191235,71.39647760082465,49.86693809828417,22.09403176321052
106.4589394894671,0.5738361152834192,0.07333265662195744,0.07594947091529101,1.611656286693391,0.013622445013305886,0.29484263706688335,0.6901215105936367,-0.00026713791879878383,0.07615386822495775,0.8750920518712438,-7.094230511223815e-05,104.72018880277689,8.777672837591417,29.548631700099776,0.011675873646610022,0.01934928489593389,0,-0.006444603721342078,0.0012165566931347455,0.0015622393150306743,77.92651601998995,50.84521449347339,21.080265413985344
107.0490008444151,0.5665959977351023,0.0731082975766569,0.07615634591702414,1.6568111467495077,0.013719884393262839,0.29258400560311937,0.6717843991040664,0.00030727776682785323,0.07630163128054675,0.8733769701489226,3.0998315266296214e-05,104.81533509952895,9.039868780065712,24.22832918842398,0.012152128994180628,0.014952731988928655,0,-0.000800223933379837,0.000628309262254367,0.0035061936404953945,78.73144830345302,49.62763619726497,21.90084933723013
107.65651963590004,0.578236135061409,0.07307521604663102,0.07622079689134952,1.6334410718387213,0.013551720126084361,0.2941330256566325,0.6735759308217141,7.593033087682632e-05,0.07672875719708443,0.8371842268975921,-0.0004983231728160419,103.1293886389371,9.412057353569688,20.444077673844458,0.010136740845213845,0.015801727154910766,0,0.003440056915078286,-0.002682451637906757,0.0020252480901203932,87.03460806546259,50.48590171735212,21.75073529096831
108.16627678277821,0.574808911197193,0.07289610626109466,0.07549173330483575,1.6261502458656012,0.013358117527288145,0.30328276424844114,0.7023396065825201,0.0002487874798660225,0.0798562056838958,0.873184020913234,-0.0006043564459059615,105.02708610844094,9.567351407879706,26.48941113718488,0.010589632090000424,0.017257773396688596,0,-0.0009902007719735997,0.0046010078687573775,0.004430374770191538,84.94265113351739,48.7870178344386,21.522259453890396
108.82616788387391,0.5789966609663688,0.07343017049275476,0.07560101803488548,1.5997100315643995,0.013218888121504988,0.3067870309959683,0.698226941525291,-0.0003408683401085192,0.07997522709715642,0.8701968945103449,-0.0005946690312786722,104.72806791207618,9.00466047546689,28.783786697260062,0.011222472324578948,0.01829912166626905,0,-0.0018085473037982311,0.0012482554669864577,0.00438009160617662,86.07202891279981,50.59942180088402,20.44643430778305
109.43019518805144,0.5780115112603436,0.07679853486019166,0.07594638270213186,1.5521392447254554,0.013191167258064594,0.2926170110777979,0.67447257603374,0.010046712476265755,0.07661214771228822,0.8624089911986714,-0.0014128803771519328,115.30560450315868,9.253553978823966,34.12561048560714,0.010154351140418407,0.010571246004085388,0,-0.0035539515853882818,0.0006201049680760666,0.004824748309532042,85.45416424016807,49.27605942704867,21.12840241848761
109.89805448724103,0.5700576265951551,0.07705471922198509,0.0759221367667523,1.5136324108532573,0.013540612106734804,0.2846694274924495,0.6580571695828289,0.00015902147417995376,0.07641882227272138,0.8511396344856063,-0.0018944942111207936,115.2452688643851,8.75448065744218,16.234608050332003,0.008455081250901383,0.009146878276746467,0,0.005630874165742952,0.002656943846769474,0.0002610432376648347,93.38237988103788,56.56329715698612,22.217519261870333
110.61730087256228,0.5751615238155107,0.07691956812222156,0.07606873603636262,1.5608285279624865,0.013389348629666467,0.2815931821029142,0.7001142039087243,4.358705349197208e-05,0.07687043798959475,0.8678337056131327,-0.0018290333099407006,113.92809973494366,9.305737104099128,7.4687512386117625,0.00902812124044225,0.008153600997400949,0,-0.0006609310395900457,0.0031440702122294316,0.003667102779802362,92.43625826820815,58.11924302744101,29.5941677644356
111.21434520212505,0.5779191786469656,0.0766804429962117,0.07605899871647448,1.5101986468494042,0.013249930313753084,0.26730213864556657,0.654190725152073,5.748261457968754e-05,0.07996886096740836,0.8472374965096954,-0.0019103178352800057,114.74945274602976,10.087957724305273,10.634153072511666,0.008145780303064513,0.007405436110937723,0,0.0014547573211647136,0.0024643190936699654,0.007748655234382467,93.58863274616888,56.41176626381331,28.5489688814325
111.82884696822477,0.5842920565597858,0.07268017609877864,0.0759097533255864,1.5588092236563227,0.013290567667531629,0.2643312442543384,0.6518469187024633,-0.00024232554067966705,0.07982114819746654,0.8270347350792217,-0.001687091516946918,112.52124461573413,8.6697760071623,19.735314637377847,0.008684324413885187,0.006818784208928762,0,0.007427513136814775,2.8250843688478952e-05,0.0031991461271888948,92.66173209701722,57.25458138486699,35.34496907717867
112.35257006433247,0.5850442285333607,0.0766266525761737,0.07627220140218798,1.532036830267701,0.013100182384735471,0.26723203999572426,0.6418797834619818,8.278756653755282e-05,0.08084807575967155,0.8209133727035519,-0.0012186306436182918,111.52627968893867,8.120774414560506,31.54729865272325,0.007158187903457899,0.005587765009819858,0,0.008570840790965237,0.00011425038298597603,0.0065565464213147885,92.27718725774399,55.94140851003976,36.997602363782754
112.69473582045617,0.5827662751746424,0.0770205456539261,0.07564203002349296,1.4596912132010682,0.012601303160940732,0.26334126714250955,0.6296238171287203,-7.069471046900472e-05,0.08012382140386104,0.8080166014951067,-0.0015922435331430734,111.73639824112132,10.053081845414749,32.64928289844936,0.007235361445923732,0.005078883809742753,0,0.0015887237482035618,0.0006841761242797548,0.0031159969278701785,92.34727101691982,64.69871458669289,34.7798610685257
113.4174736930848,0.5881946555302433,0.080072561697004,0.07667724951026784,1.09471382391913,0.012880093943503165,0.2643726300387317,0.6396457837706264,0.00674831718224052,0.08000334481396228,0.8088187369178454,-0.0014540925673914176,111.74271058431846,9.108016627907883,35.31475051786843,0.007822888883317903,0.007121722204946378,0,0.00914317783067196,0.0022064418713978423,0.0024940194725895167,99.84406726504888,73.20114485546948,42.08631615956176
114.03895843379927,0.585105535576482,0.08028524911770958,0.0778655880101137,1.104419609229904,0.013101645843369548,0.26271510515871976,0.6315311360217145,0.0001982810313606202,0.08036737087827199,0.7986712898827234,-0.001363630772644823,102.63484287333426,9.88587223705068,16.837370260846967,0.007832275036144138,0.011031615328411898,0,0.011786726971568613,0.0008300397080918094,0.004007940780803328,100.6547585847612,71.35982370998745,43.542626146738655
114.6499687125916,0.5851497858834265,0.07955504172039773,0.07709189051766699,1.078536823032546,0.01311208696207721,0.2666512254797993,0.6394825218623359,0.006723266401115728,0.080137901138497,0.7865685283507873,-0.0019402306453728925,105.05221927981826,7.924321532155166,36.772491857897826,0.006771419886907319,0.012899853302224842,0,0.012559499043977927,0.0049061792701330115,0.002350492059523571,99.80975868574978,70.89791862178568,41.25112046205193
115.27145345330608,0.579367743979436,0.0797143379093649,0.07707356998365203,1.0315860986944871,0.013197368790417946,0.26803036080814213,0.6886492685828083,0.0004246667842239749,0.07346848331669864,0.8130921456973111,-0.00164506865085061,110.97446416966046,9.180643076025028,32.22240085542948,0.00871116263568476,0.013891625192662226,0,0.012378993950348624,0.008359095659210112,0.005864148119751621,99.73515827951059,71.25528545386702,43.478988495929876
115.75677018903255,0.5839205233566506,0.08029780312316166,0.0777594442118054,1.033810534336308,0.0135841552913294,0.3058944176279383,0.6872912869377038,0.00024261571844402677,0.0798346811298375,0.7921189597942158,-0.0003177474720926703,106.0897504188988,9.255444685221102,47.97788225328024,0.008059161864803054,0.01339786558730854,0,0.0015386770586978899,0.003427310790624453,0.0012157204854703649,100.39160579557,71.87265428163654,49.51065497064096
116.42364426474305,0.5825294328675706,0.08021088893088867,0.07778302306631249,1.05412276931804,0.013586217465116372,0.3050285510616967,0.6833741584005774,0.006809928628567094,0.08017102824769798,0.8000599293011351,-0.00013045089289704767,106.25092083506227,8.238004349311943,44.69011331582175,0.010292443100360866,0.012092471081024368,0,0.003894507833195007,0.0036108615021980244,0.004772296481452175,100.09670618879048,72.43183775551145,49.915005703243835
117.03116305622798,0.5804909222734709,0.07961493573711059,0.07884470992434008,1.0450038957121208,0.013533016221275604,0.3028101934639997,0.6829392730426399,0.0065250415120999584,0.08018294940640028,0.7596877494914409,-0.0012034467746993296,115.32523056093036,9.052017570790047,28.056250477968284,0.010288711214760183,0.015404506271583934,0,0.00930167301596387,0.0056563251103602975,0.01007476829352449,100.0063045799552,70.96270510550266,49.37749227048836
117.63868184771292,0.5774470096222263,0.07704588921373581,0.07952719593395699,1.036849317901658,0.013640748023467038,0.3037342797705354,0.7034194487934949,0.006731051117637739,0.08007586201934626,0.7504271845119604,-0.0006697934147969205,107.54619357594571,8.585251406526261,23.998986964710433,0.012685337200928511,0.017517792651994695,0,0.011140444137059502,-0.0007155038742444981,0.004892069953457528,100.11298140842125,72.1449360438487,49.84677663814987
118.09606668498033,0.5809337134580155,0.08043943482783351,0.0799315693318292,1.0508241080956884,0.013560752910321517,0.3074743549128074,0.6792597216226423,0.006680272184314643,0.07996867867287616,0.7603296033634273,-0.0010837142196297354,108.5198025521319,9.901583026579988,43.07208308242866,0.012744733943396749,0.014864754534709708,0,-0.0015014230069078736,0.002377144380618504,0.004351262841587126,93.62845100183577,71.03588979731846,50.79061335268668
118.81880455760896,0.5798727254089578,0.08014795353838029,0.07969868155842286,1.2145596774528993,0.014106359656551482,0.30671597880800816,0.703719481189409,0.006890844987839658,0.07987522162624149,0.7688652637809941,-0.0011365245579273565,109.3484260991454,9.147557960468843,36.560527506261785,0.01364532173037119,0.022775442401548676,0,0.008350302159506587,0.003741880094714682,0.001728778475585864,92.84097581506104,71.81032454451658,50.14636035219278
119.4228318617865,0.5789971483511563,0.07971293522740058,0.0797916380495421,1.1926675117403427,0.014227473163919523,0.34623377339355516,0.7028114676488358,0.0030431109130678318,0.08003454439951946,0.7619122015595206,0.0014941786865271245,108.62974902329911,7.566279941484108,36.444989615985065,0.013664264246464549,0.028662500162300993,0,0.006880505935801011,0.004288537728019329,0.007233049784473944,92.34729836116097,73.12448468544105,51.015827221823024
120.00241875481235,0.5787451737872267,0.0803810658547882,0.0805758691832416,1.1793946860761482,0.014314145074658984,0.3582996917854182,0.7068802241681331,0.0034829678726082717,0.08356324743133625,0.7125094564566827,0.001986425404522292,104.15438754143887,10.588943471572774,28.504331099414262,0.013556984359371266,0.03055493154548452,0,0.0037515817546605445,0.004991477210508689,0.004271188243916476,91.55121772656439,71.6331730618273,49.00773302524142
120.62390349552683,0.5780852024693242,0.0762289976500536,0.08227419321975088,1.175795282915514,0.013639829293056125,0.34416133513840813,0.6993310969150784,0.003518672047779898,0.08345490717684866,0.6925593879634258,-0.0007641454603735729,107.27002449743004,9.277440041638725,38.76610676508222,0.01352700039176939,0.02838494615498929,0,0.0026495863096682977,-0.000869904983130592,0.010173808900027935,92.7634480334177,70.48379840914176,51.12708583433556
121.14064361701978,0.5758737445489208,0.07631574258156187,0.08256883558140536,1.2244395793719047,0.01348106219816825,0.3441521491522657,0.6870001070962495,0.003093520168117379,0.08298297223396488,0.6836735416067264,0.0002740971838226621,108.38950401831887,9.287541841732427,39.63471429375382,0.013389278190504872,0.01250470570891346,0,0.0074146640064243615,0.0016028661458936432,0.005317300929205093,93.40086587892966,70.54548575497272,49.43139758908762
121.80402620542286,0.5774698828453664,0.0798497476111187,0.08254567533104372,1.241896554880323,0.013502332650690532,0.36039048550025804,0.7029965144124324,0.003657112644747872,0.08275355858909433,0.6899005283521397,0.0021066206770849797,76.8131780917459,8.17883464504452,40.43224271111973,0.012908512108029496,0.013146411322347932,0,-9.453725233836939e-05,0.0023681954069388446,0.008629425261444923,93.17612682601037,71.18355321221458,49.81870257165286
122.4080535096004,0.5764466396987942,0.08030509580050221,0.08336649228898656,1.1940274654380483,0.013701636819677012,0.3447827971506873,0.6611835508503409,-0.00025854111654445507,0.08276426851609499,0.6935600946431268,0.0015057005924338578,74.75426901634944,9.036233830921551,31.216065760504822,0.011885323602838721,0.010907414488541423,0,0.004855173902042463,0.010578353082907645,0.011154300849729331,94.02621429000177,64.4645523732941,49.24009288826341
123.0295382503149,0.5778200854365223,0.08044672746342639,0.08323498280204468,1.2035656300345101,0.013440655898404964,0.3448434300051834,0.6703527612589912,-0.00017943497086297732,0.08302749096537511,0.6759662240271904,0.0017428708896962404,60.401337843880334,8.535054332668334,38.45068903395654,0.009986804729010234,0.012432827839868807,0,0.003289156591800525,0.0015611337997342052,0.006284039686113821,92.98491361591664,63.62311011570836,49.931505526870666
123.50438052411921,0.5746757025918169,0.07967277460228656,0.08325363795545283,1.1639659047006647,0.013179721421829773,0.31783513078344744,0.6572956868476997,4.132356479997665e-05,0.07990416712312542,0.6406662396543215,0.0016335099383961186,62.96756267439805,7.934765247135454,39.10358623630823,0.010443398446313978,0.012073444575000019,0,0.007548749927717828,0.007237082007791115,0.011198940667990875,93.59445714428034,64.72311481154549,50.869966196638714
124.10840782829678,0.5756702624992732,0.08000109650565239,0.08296064941068179,1.1855791716512016,0.01349369083246039,0.35984161970126477,0.6584576588956911,9.281655289589496e-05,0.08050702584233631,0.6420381826684277,0.0019865288053111992,63.44295147033656,9.682706532242014,40.18335202185374,0.008680652659501423,0.010563217480537412,0,8.761221012322518e-07,0.0023991253471436803,0.010504303212475996,93.2736906668237,65.10244895511596,49.027970464527485
124.75433298016294,0.5934476446794599,0.08019705667690347,0.08291743716261252,1.130634368063747,0.013544178579145026,0.3181414749533341,0.6711680859815665,0.00025794440382491976,0.0798430418694182,0.6281497991885395,0.0017662366403764151,77.18420084044352,9.197932626768008,44.59562162663911,0.008456694081531548,0.01009056052889552,0,0.0027700072165194978,0.006522717855021665,0.008643121778299453,92.69384510135635,62.886105943712316,50.5033645336253
125.37930920818481,0.5820555243864218,0.08025077536874146,0.0826393627033491,1.1697291236403284,0.013325380924523242,0.32163833918224405,0.6713882000823305,-0.00018707903635328883,0.0800907801471702,0.6542448841043551,0.0016109359923899324,69.84806956208048,9.191717497419353,33.347262181213075,0.008983155868159516,0.00976658360816357,0,-0.0013150059030452611,-0.0011272122525003772,0.004767468371865993,92.95282649760237,63.23295569963537,50.518682808337076
125.98333651236238,0.5919824130379506,0.07995400495759626,0.0828451864332152,1.1181820013925983,0.013007762520849215,0.32023734513582647,0.6648873934648007,-6.536573869883568e-05,0.08023045098858882,0.6454398521394562,0.0018448454489192931,60.12217429351217,8.664401514398492,22.225740267505877,0.008472978263290597,0.009573752590927805,0,0.001035230072648918,0.006090341471249441,0.009081743675676575,92.2420727279396,57.269578241932386,50.30927091877434
126.34994267963776,0.5789731735770834,0.08048328761913033,0.0819919911793103,1.138661800708345,0.013706441800327053,0.320863878993377,0.6697669313891674,9.575002702757745e-05,0.07610994282408184,0.6786252554702049,0.0011710542322143811,69.87393665907994,7.67743399177987,37.18280330223345,0.008959610541267019,0.008691304570633588,0,0.004024841302711162,0.004362250127892282,0.005636454936371103,100.05266153768325,57.25055899165809,49.623937684276086
127.06220609034425,0.5939229580289795,0.07984124833455247,0.08139988434772173,1.1293553338610252,0.013251007386198022,0.3184282299916335,0.6583643478537251,3.388945192039121e-05,0.07693732869927815,0.671640037916694,0.0012245617547496693,92.97461271997174,8.697156520220851,19.024638515122845,0.008805377998398908,0.007783262393316535,0,0.0034296086965347437,0.00014562181059792761,0.00841356437373142,99.41699033563074,57.335069149236766,50.49827660798273
127.68369083105871,0.5934813608205333,0.07974273825553978,0.08118016879668867,1.1134883642632787,0.013786412133018799,0.318001437847502,0.6825488976333597,4.5924734205946314e-05,0.0763494478171925,0.6818091923688294,0.0013376967116191106,96.64229242788326,8.2747128848736,43.79200977453852,0.009475222345483168,0.0081961792478196,0,0.011157177161610882,0.00581091047323958,0.00593885018937809,100.00734126937446,57.360044888910316,50.73385242593987
128.29120962254365,0.5784390132980056,0.08013498659033612,0.08071765813832024,1.085031725660356,0.01327477659274093,0.3196515691081356,0.6848051717216024,1.802337212016596e-05,0.07634981461103668,0.9476894731973124,0.0012572298311297983,93.39334324691993,9.303524323023113,44.09413760697659,0.008759394918674546,0.007701273954356822,0,-0.0004729288275932683,0.009296852802722548,0.00446489918135743,100.37959732538533,56.562809936924616,43.29886907612753
128.91269436325814,0.5801743288794877,0.08045909069842479,0.08052134047247522,1.158828462675634,0.013311623309485666,0.31859012494207267,0.6801730833028101,0.0034507846899821345,0.07682288122576494,0.8989623386592733,0.001051301422657624,92.86164676779087,8.129684464228525,40.78970817904895,0.010429414733722386,0.008225477855177028,0,0.004696033433247284,0.0026109640803930988,0.005787618678786002,101.35878391611608,56.57402820262765,42.54391133791779
129.42943448475106,0.5837346600740748,0.08012148561118076,0.08056290130934285,1.1735876766568427,0.013015896507154581,0.3129089787920601,0.6800107696034083,0.003472972266962574,0.08009426512026942,0.9176023822571784,0.0003199973794965872,97.0037636684503,9.593129761605105,29.48983144893358,0.009957122159808788,0.007915087907914209,0,0.006207130074481596,0.0015357244280307166,0.0077847876017540256,100.0619568757043,57.98568324406203,42.388766581173044
130.1067830223837,0.579791340211764,0.07972402017259403,0.08061429606474654,1.1389879782615973,0.013224642993075705,0.3426563627245879,0.6766367082665867,0.0033145923760962495,0.07976751050421212,0.9151982747326758,0.000679446162570082,93.87320993957631,9.734558527783783,32.658141610052276,0.008687255887489798,0.007318879357873921,0,0.0043780775169966184,0.0006323137525916468,0.005952738046223033,100.27153156785175,57.40873722823479,42.941996415130724
130.71430181386864,0.5816664224885467,0.07976611450169967,0.08047164667163367,1.1128837012333839,0.012969410091207256,0.31418726911363304,0.6742443422605049,0.003434730346763953,0.08020135505384027,0.9094432523124197,0.00038313468405780376,103.84596739445158,9.462942526324413,38.96597038878197,0.009198336617937876,0.006625734459833004,0,0.00048466438500278843,-0.004251390646308625,0.0028115318774761355,100.4737149607715,57.79958842499506,43.52154503344716
131.3183291180462,0.5760043542893181,0.07953830678198841,0.07989212965081527,1.121366411158289,0.013099764715183511,0.3418987363396035,0.6560051968857541,0.003109346856430579,0.08030777067926557,0.9188769227093933,0.000658613792433324,103.14668175604686,9.010685467383933,37.082801935416306,0.008631770137890427,0.00725867489916492,0,0.0055340234763576225,0.004284688419118921,0.004248431550755537,99.75572671157525,58.30975855442121,43.55515903151221
131.77571395531362,0.5750344797738525,0.07954712804837584,0.08044316592175493,1.1504800501066452,0.013013165758449331,0.3069149471823076,0.6726165990153705,0.0031603271195257657,0.07628210235992947,0.9194083277509236,0.0005303747338903885,106.2704905256037,9.21819087642862,41.68967057569273,0.007743740871750231,0.00683102119098801,0,0.00485170184471067,0.0037317333578364273,0.002640041361983426,92.91991784234068,56.88062597866358,43.63428384511215
132.49146885332743,0.5798184013642741,0.08053711396106739,0.08041426562179547,1.1488543638912656,0.013009747546604718,0.3112030748519474,0.6646898169085025,2.0826503849565e-05,0.08006547825061668,0.9018976686842742,0.0005446354353580717,106.74496622667762,7.835702620719585,36.99740210497106,0.007516924763780823,0.006661065056763929,0,3.615134541504195e-05,0.0021230587602278157,0.0036361279185934707,92.96576826716351,56.03724015905928,42.5843932477616
133.07803872096807,0.5777001009165841,0.07994584144134702,0.08107654341918352,1.1405340389231071,0.012987788505099122,0.3089340082289379,0.6672222470199901,0.003085859025812208,0.08025110722147465,0.9072081773556311,0.0004316520605744048,106.1941083398486,8.542108053927702,28.971495058563377,0.007781106203856106,0.006671772267781093,0,0.010008935373601898,0.003972127847338371,0.0032435173895476975,93.53187690979827,56.6418284720064,43.92007932725392
133.68206602514564,0.5750040663670956,0.07694179896987115,0.0797033894975855,1.1501699315581793,0.012930836854804343,0.3059460949662723,0.666126327264875,0.0002077831596672055,0.07992885759108041,0.9064963810937519,0.0006401239080641944,102.15850238510316,10.339133266696484,45.06685342362067,0.008154546044233473,0.0062599175186165605,0,0.008383260146503077,0.00141978216615415,0.0031556898109909594,93.35312158503973,65.31402002211522,50.37982172290497
134.20229763394593,0.5784683811699877,0.07743077460200555,0.07981961133648656,1.0995649104083791,0.013001051993349253,0.31031239291155355,0.6556947512254624,6.131618980566779e-05,0.07674123747436758,0.9288961393239945,0.0007500142713052861,104.84882957508519,9.6317451787411,33.98629620629528,0.008190263895959294,0.006797899825145559,0,0.01661520365243723,0.00014917712892271984,0.004899907699688627,93.03837636873352,63.73294719401972,50.33075640642164
134.87615468427123,0.5774411431859165,0.0764814649208275,0.08010569016766152,1.180211493901215,0.01274797084858442,0.3084054422898281,0.6502804019955006,-0.00018904869586826488,0.07671424278731895,0.893352919235919,0.0002872266231576074,103.21852171336504,9.180969253195098,36.93423100052527,0.008645469900336024,0.006125292857280136,0,0.011471964084605754,0.0007453246870784908,0.00029763642059496727,92.74052537909765,71.45614821333922,48.59057257480651
135.246252338854,0.5823252905836015,0.07387974194952397,0.0801115389956607,1.1924411532112569,0.012819184287719646,0.3083321637373412,0.6502486021310538,4.139591087283491e-05,0.07707590758501771,0.9186265332860901,6.315012069015266e-05,96.31308005923194,7.882898902846693,34.85806351415321,0.008178696460778843,0.006732774132054067,0,0.0029581698397301327,0.0010529771293339388,0.0006589220650922291,92.60075320635639,70.60714993014535,49.877770597161245
135.97597318609738,0.5780158485798509,0.07324772673428158,0.08006569584579018,1.1398884116868258,0.012904106415725272,0.30511171877058196,0.6542018288587824,-2.797355350046723e-05,0.07677825190820012,0.92343225570356,-2.611415713135208e-05,96.40844357707125,9.288043260340807,41.656302431793115,0.007882912558160406,0.004136345726210839,0,0.008600140608130014,0.0014985391044986648,0.005352697063313687,91.96899257431873,71.41573997060708,48.62465688288494
136.5904749521971,0.5745600608641014,0.07288812419802693,0.08030620734723266,1.1274759089248798,0.0130899581989241,0.30727617912840766,0.6527816171072502,-3.251999184678731e-05,0.07662133817137275,0.9045112823136883,0.0003436173676129695,98.5125060391734,8.160753444749114,46.39662948014964,0.007161561413658242,0.003907710237212726,0,0.008480533969694113,0.004910018504429475,-0.0034604346606482385,92.11571578232534,72.62087954769447,58.18865974728376
137.19799374368202,0.5735472288214407,0.07329965186416303,0.0802262129727967,1.1657654436383404,0.012667480506817132,0.3077225198253415,0.6573581939984419,0.0002510995403793642,0.0772850434922585,0.9138721898484724,0.0007037695014533425,95.67267022498473,8.722351714649102,31.752225087343287,0.008222202045153186,0.007812943018850745,0,0.0058327705726435725,-0.0010823989738887522,-0.00034733776393765887,92.59116454859934,78.08323593420486,57.28538862003833
137.72171683978974,0.5767516995007542,0.07323870730367053,0.08024373069104636,1.0769233186448224,0.012444372499602887,0.31156503065750796,0.6524700183866046,9.307887614199442e-05,0.07639453490512389,0.848704146370694,0.0005679148818494679,94.28074930675791,9.202650307759166,23.955504201704045,0.007651151191647563,0.009798113867249731,0,0.004898397343107349,0.00029502803441121685,-0.0012632161711739114,85.74087274908165,77.98406318567433,57.82118669029055
138.39208240280757,0.5771696997328669,0.07321295556940392,0.07989071674338201,1.0771764027601207,0.012549168557799096,0.31003885252298274,0.6453664911653787,0.00010240392193975101,0.07703196664357095,0.8717987163566763,0.0005485489925425911,94.5317551017829,9.27945174490587,34.3910705376282,0.007796261167069336,0.008684261877702174,0,0.014123674348779692,0.002963100985868286,0.007507532232530747,85.99117516944928,78.40781554841197,57.48427478004142
138.99610970698515,0.5770961616050547,0.0735023748815804,0.07921610008692474,1.0523165365784832,0.012281924075183692,0.3079758552487648,0.6322902173030116,-0.00010917514880236367,0.07730322097521812,0.8647759429326461,0.00010950517641415637,98.25156646338634,9.994445000995825,33.30290786651771,0.008152263625633972,0.008569131501812866,0,0.0131576802033418,0.001403426563446093,0.0018056823786181432,85.56598289438622,76.89909343935047,56.820204316185176
139.60013701116273,0.5777856068274351,0.07321886651413315,0.07973597730982857,1.0427072162305184,0.012433883929141028,0.3068988036816977,0.639342749885033,0.00047768173019805023,0.0765904280782378,0.8547123627818418,0.00026781609617365263,95.08351408470706,9.162523892652269,38.17052562221368,0.008359991887814429,0.0066062862281398155,0,0.0058804119079326825,-0.0040539392460649006,0.0020257821895445323,84.94473030063001,79.07680808012782,56.374118338275906
140.20416431534025,0.5777171853658968,0.07291465416266017,0.07934531043107956,0.9568168568502797,0.01227065894120661,0.3134694494761966,0.6399210896790668,-0.00016183673557834915,0.0764198952981248,0.8727912606086334,0.0005266320172404642,92.47615297221205,9.029293946135525,18.283704737606854,0.007652910868481072,0.007237878796446899,0,-0.004839779721152944,0.0014753007604080418,0.0008976856164147598,85.79151155639612,79.6014505542112,58.687141188751305
140.71392146221845,0.5774975231500808,0.0733764350207413,0.07787906498617017,0.9137656740884537,0.012160808406116564,0.31120680345897755,0.6344647157364479,0.00022246353945138645,0.07668624317439258,0.8655725379480746,0.0006084735749867131,89.0688793621883,8.022468524394188,31.2479231869368,0.0075218851449511065,0.007068896767092397,0,0.006255607545427657,0.002235465603293382,0.0006369847281585911,78.6597410737526,79.68946803373869,58.391266105093244
141.39476148715846,0.5769673451058409,0.07327038415358453,0.0779482582346996,0.8931231594609447,0.012455778763470962,0.31670179981366187,0.6353351566285069,0.00015896403515166632,0.0768462391878834,0.8925399026817971,0.00117565895454241,86.24277472721334,7.848604143360038,30.57540691252415,0.007484945703801696,0.008133150665290545,0,0.0035613070204886686,0.002642919768578957,0.001933705909222561,78.05545521698558,78.25834488221868,57.303338241430666
141.76835062904863,0.5755521803848247,0.07345245503494437,0.07789176690176315,0.8337077277067837,0.012065416320972976,0.337037718892542,0.6427247748127085,-6.735724372742012e-05,0.07701416974579156,0.860842757319513,0.0014662837672080261,79.38226233132058,9.82006888521073,23.27001816663889,0.007495290373262092,0.008459713412399842,0,0.0027062152656061166,-0.0017412050654415044,0.0010676876255970515,78.48005670612245,78.82597242964894,50.07749994004251
142.498071476292,0.5763092584322538,0.07315380678615817,0.07738295218135548,0.8957291431803354,0.012139839564191809,0.33892638454853136,0.644517184915967,-0.00042852652351142283,0.076419772115455,0.8805317255456876,0.002067050032330369,72.16254571676126,8.947606173514247,38.10513553752348,0.008018831568787835,0.007648945218888346,0,0.008014990308389076,0.0014913155246643198,-0.0011079359905980888,78.32323517226722,72.0761838244814,51.13951035041546
143.11955621700648,0.5753073875864181,0.0728564339834503,0.07555114210590333,0.8791870813030921,0.012102480527601133,0.33851620527264614,0.6386388174244518,1.7559410866944917e-05,0.07640946238518484,0.865615332121785,0.0015871147921701588,80.796583988918,9.841863950274897,45.57516524680959,0.010620262644571693,0.008744062975092842,0,0.0053088323699534805,0.003967793140729806,0.0035835308741283224,78.41151631624709,71.26653520383014,50.008828186605825
143.72358352118405,0.5779328262825971,0.07323189198213884,0.0762027882039828,0.8613926172981977,0.012164932152372061,0.33231511732399216,0.6448294900419541,-1.6695660823200948e-05,0.07666171460242026,0.9238027241030006,0.0017426507232366016,81.06173998126958,9.009523980594974,41.00423579485793,0.0104113961838979,0.0077978478906950595,0,0.012900332548962404,0.0009928350797112058,0.0026343229469154485,79.09598548193362,71.30438258106008,47.00859108653155
144.20890025691054,0.581180765447906,0.07363684948807601,0.07569044032504446,0.832230890224221,0.012346213075631664,0.3365205366207722,0.6489789946245039,-0.00010756378912533169,0.07634392408221818,0.9041615329000389,0.001532080458450622,82.97979626029279,8.758702080250737,28.001034314713692,0.010565727198474354,0.00576844755337432,0,0.011109163292247053,0.006261916359137797,0.002003281208038134,77.82099988927384,72.3429210202584,50.33582270578781
144.91068920569484,0.5787663962252558,0.07301777111138737,0.07653145017106518,0.8163177310734361,0.012241715077923527,0.3368561112837449,0.6495326493292025,-0.0002060423906087038,0.07666085046820993,0.9262488181441783,0.0017743449011001912,84.3397978919189,8.93451833803964,47.91737135083288,0.010404318498154977,0.005293404030083353,0,0.005571040280059962,0.002783203991218921,0.003387319589930755,78.33629033437396,73.0145264210863,49.3098593887852
145.52519097179456,0.5823267591676033,0.07681532701477939,0.07544749773532407,0.8458253475997268,0.012551392277544919,0.33396881826111685,0.6562467237917465,-4.822378994986668e-05,0.0769358158661724,0.9338386626452972,0.0017173855664055833,81.24318102377785,9.232790050893849,28.038394045498734,0.009929774786388798,0.0038895648435737606,0,0.004968068668963986,0.006721502076112145,-0.0029075352527599295,77.83636403153014,70.07018258232041,50.576227570993346
146.1292182759721,0.5828155849436938,0.0768679873812974,0.07579073838012437,0.8186272847806805,0.012412193332687832,0.3233579097076138,0.655430828321268,0.0006114056563137491,0.07646171672029968,0.9229646640239249,0.0015403658726511453,83.62816346421177,8.290553760855737,43.378735263104986,0.010520782586512059,0.003744704665290984,0,0.013380832309273134,0.000647160578392372,-0.0009902397054910518,77.60351265312183,71.65022743237795,49.81178019331257
146.73673706745706,0.5809847252996581,0.0797469759452245,0.0754163081124252,0.8131016880735658,0.012406704419213151,0.3232112280199012,0.6681136997329254,-3.939545721416557e-05,0.07684486994821246,0.9446867249521794,0.0017684609687356168,90.56277403881263,8.614152373241895,37.639691166944644,0.01006007957562637,0.005118496422079613,0,0.00673029095942886,0.0026376625299984434,0.0025717393549058946,78.60069937360993,70.24293202422729,49.90903733880803
147.24300272702783,0.5800282680547956,0.08033785853142789,0.07605226342820359,0.8354838058574243,0.012458469167517168,0.3634522330117434,0.6753867418275747,0.0030988289886728637,0.07599628941230199,0.9624236246500983,0.0016467638728081746,84.92881713740543,9.44079458378778,34.11817679920472,0.007708325285107939,0.0052767228415545155,0,0.005829535257086727,-0.002026090235808701,-0.0019090295629662557,86.19876767783126,71.1822205451058,49.94894084315917
147.92384275196784,0.5906115303966742,0.07997051674364604,0.07658346953067145,0.8293760204696159,0.012586259367355185,0.3259261615429293,0.6782092106216218,0.003345534329515579,0.07645442057396112,0.980869940649272,-9.799533196979548e-05,99.71032166188094,9.12209183277078,38.24192492957529,0.010657051723883357,0.005312680599433604,0,0.002214270992904755,0.00470933176316588,0.002496257397434398,85.30629869421827,71.27348105957991,49.86215067308414
148.5313615434528,0.5819770525923471,0.08360931431724994,0.07637083400647601,0.8255097247362996,0.012967081031888468,0.32230913730728566,0.6829182559020295,-0.00016009319501553805,0.07663444189918338,0.9879868532759164,0.00025481321849210603,95.82328389195352,8.806040041281117,27.631750333433843,0.009958275761897804,0.006797788934346245,0,0.00981586447742173,0.002845750628439354,-0.0005959210353110227,86.01613259960314,71.3873429369005,49.475525316554084
149.15982925878205,0.581450321894367,0.08346125142335713,0.07647496231037819,0.8414096769032852,0.012832013140386126,0.3228521435018332,0.6979790318349326,-0.00010388451552906975,0.076951836223338,0.9531554271704044,0.00010456012988163874,101.62429364340805,8.339026833351609,48.622959532176935,0.008372353358688932,0.007348512999031792,0,0.017450464106436633,0.004193412949850625,0.002868835258164262,93.25789570838553,70.86988498745966,51.097033244527786
149.66609491835283,0.5812165028552233,0.08317480746757658,0.07754720700326616,0.8220180162369239,0.013288233041550388,0.32368057223090557,0.7051623629960442,0.00024931473358075977,0.07663085735100388,0.9487847927258651,7.223467726782778e-05,110.01141446506281,10.053355899269112,54.732319067388076,0.007881211179293898,0.00796396433310575,0,0.007586841572042877,-0.0004598511781219853,0.008480899775801118,92.40466287082066,71.06209765526411,49.251305236008655
150.32249453214112,0.5821251517947937,0.08651162135554316,0.07766017824934897,0.8155170261977248,0.01323349350989055,0.32130458144897683,0.7098183321769628,-0.0003577638795338457,0.08012599736591844,0.9308545493406651,-4.840943159288868e-05,104.64128131391999,10.35891159771383,33.29992986987134,0.008196434542604146,0.007458829509578713,0,0.008086748865315949,0.0014527127012167673,0.002328204335847861,91.96561827082681,64.2575250777644,42.90351637916012
150.95096224747041,0.5866843718279028,0.08653244634708528,0.0774560387909657,0.8253762483284142,0.01316995929038026,0.3193555048406674,0.6964897711619342,-0.00011976422171544444,0.08025089753623034,0.9028675577468466,-0.00023095917986488664,104.31230684946453,8.973303657775679,42.74022234132057,0.008465704947018968,0.008595299676409849,0,0.009039784255860047,0.003122230444377417,0.004173710691395941,92.95650272950769,63.48721097866752,42.87175385017801
151.52705765318888,0.5826458921805218,0.08630787511649587,0.07691610991317967,0.8027011451851632,0.013108374326638493,0.3242027998634445,0.7015412679952261,3.572621207573202e-05,0.079942975406924,0.81061616106024,1.3311386929262429e-05,108.27452216997179,9.44628626230541,58.56294052700263,0.0075274863470000345,0.008479016895377042,0,0.009777556479855162,0.0027331519045171626,0.022770150953031313,93.28376292882575,64.55407687845214,42.97845187153391
152.12759347005905,0.5826072971353644,0.08753933498214907,0.07741823912387208,0.7620027501158629,0.013320084096667455,0.3205508673616142,0.7033222998840826,2.8939422382583125e-05,0.08058944940198744,0.8030003924159795,0.00024349078883668615,106.92973669048968,9.883402572724934,38.20909487395676,0.006611133421231264,0.009241573055207206,0,-0.0032288718333922236,0.003910576341505169,0.02970438990181323,93.41306797619997,57.92121309800508,35.008709459710765
152.6373506169372,0.5853496647871114,0.08691279678638085,0.07764049866196153,0.7796859223854126,0.013211414261979276,0.3248888657144442,0.7088120293287127,0.0002615489208794073,0.08018667518319075,0.8212744137891923,0.00017063621863057246,100.2692357241935,8.83833045332241,45.95287370165429,0.0060058180671360125,0.00892855480403015,0,0.0063257268234115545,0.005370376718255342,0.024133434020354328,92.53079536534966,55.516312438772914,35.48521970962913
153.3181906418772,0.5928888013201888,0.08634432841621359,0.07808137905301532,0.7528756981133491,0.013162986406562898,0.32030787559340285,0.7062717419660308,-8.218354604588389e-05,0.08052764185628276,0.8069933292906308,8.365787687307521e-05,102.44030183900541,9.697445367805539,41.14643741493609,0.006131687882899381,0.008227361183315251,0,0.0051891048345412555,0.0016708426688713542,0.023211573256021578,92.98871321597525,57.31970922575265,33.43360256447471
153.92920092066956,0.5863459454526025,0.08622499069879774,0.07710043204220655,0.8079691220633899,0.01312552519365785,0.32094693358766835,0.6962013398832495,0.00041887871143274347,0.08008965065769055,0.8007684478165533,0.0001357471555142778,97.32887865550829,9.523473271673508,53.519666254310856,0.006500900112930155,0.011557157394442531,0,0.00714110250991613,0.0018957650322233917,0.024567304804662984,93.87572727245846,56.844275945106894,35.34221928760917
154.55068566138405,0.5814248446075951,0.08740046682842031,0.07803372333183001,0.776271131793282,0.01298637519444758,0.32021761464985066,0.7119509396470088,-0.00021134249417646093,0.08029265405289158,0.8096383410876571,0.0002271669798450303,99.3578788110927,10.315280415883157,54.16423908623358,0.006331481760119522,0.01115842120384225,0,0.004187606505442224,0.003485532333218969,0.028020333574511065,93.67639977229389,58.524303365748715,35.58838527466554
155.0185449605736,0.5788296218651805,0.0865547393631282,0.07834493698935713,0.7885241818371155,0.013707033452543618,0.3215887463055522,0.7094156113223382,8.080598973000303e-05,0.08039131099215144,0.8705386338194011,0.00019724716898391261,108.26499542293847,10.184008823450924,45.379134063415236,0.006328418505004703,0.009736469821582895,0,0.0016520746550376818,0.005572892881434948,0.025287721610627544,92.27684981784996,55.380518527937646,36.49746378341449
155.6505041632102,0.5846540156665029,0.09007457756734512,0.07832570241112838,0.7887617323893243,0.013800871057125765,0.32064590276610655,0.6938264366702065,-0.00012196070006995785,0.08052741816557657,0.8820914371903137,0.0003003550625477354,104.51921272658278,9.658971783788344,46.39207634313658,0.006470275633769823,0.011262948598145932,0,-0.005408468907120977,0.0014357937160213892,0.02361358474818522,92.9516234254806,56.916429009566016,36.917399366266274
156.3173782389207,0.5853004588802185,0.08985306745549355,0.07853251795500565,0.8033038706625223,0.01379669840748991,0.34783602216009946,0.645353556719533,-2.8302799147677708e-05,0.07985595200470379,0.8625949112844323,0.00031388081563990566,110.52708761149924,9.375378798530003,46.4454000787205,0.008145872862059927,0.016523899786367407,0,-0.002979468488678475,0.010047088572453428,0.021590358529440974,92.11972245088864,57.445907270091695,27.604021421613755
156.92489703040562,0.5790420209880603,0.10333692647684288,0.08154052321562623,0.7857604850909616,0.013843246374838965,0.3511261156249312,0.6520563438528683,-8.330080568491865e-07,0.08006246649557541,0.854001616382388,9.495538543113151e-05,100.44281359621787,9.75781725790766,37.138866221784845,0.008541193035392943,0.017439072595056497,0,0.005630910044530825,0.014072528989070325,0.02241789480521543,92.99908035172045,57.222886571871086,28.84861809610483
157.5254328472758,0.5746192526598063,0.10369574991997609,0.08183528648486614,0.7746845100116205,0.013912348403115248,0.3500144256556367,0.6372089027349201,0.0003795987613774131,0.08044740100058057,0.8702317413751981,0.001621092731721997,101.00592812576548,10.040808403280549,39.8082749867675,0.008027043458060502,0.015218797859907507,0,0.007885114402317827,0.008008957807677537,0.023145350920873786,91.6755879827388,57.23700762454136,28.962312022559875
158.0282070195392,0.5776002674654347,0.1135875950857776,0.08963723218604895,0.7749364684230636,0.014652339831981769,0.3567407514640321,0.6959484864435916,-3.0310698425720605e-05,0.0799568646546794,0.8667199574568958,0.0015900127844437656,103.79323057814204,9.096087837593437,48.760712334902536,0.010001355262624407,0.015650860578824432,0,0.00470727127788853,0.008995808666002681,0.02559128662399745,92.94840285331274,56.83126645976776,35.521224453195394
158.70904704447923,0.5806409338339313,0.11335768106498642,0.09318616629450058,0.7590542144562996,0.014543612459229202,0.35656943977189964,0.6924220229399641,-0.0003314484011472176,0.07967141408684104,0.8800733365591181,0.002078933457532184,107.85757173925387,10.53849791729788,34.6196174640533,0.009693534654261333,0.012723794668040649,0,0.00734934229561825,0.005932851018822501,0.02594969133546213,93.63469021294907,64.75721613467402,35.51355460931089
159.31307434865676,0.5730613568650288,0.11387447856102426,0.09401595922535068,0.7493137333237744,0.013853953228053602,0.35278095479493987,0.6739785890687481,0.00030652706862743117,0.08036225942740113,0.8751657182208169,0.0016277351150373997,99.3810379912176,9.88324374820054,43.02830923214326,0.009715049969120168,0.013073938928340313,0,0.004284242541382093,0.007426730821817714,0.026995429602154904,92.90837085493189,64.65261310615938,35.147422994576445
159.91361016552693,0.5750627099384594,0.1139411957334007,0.09674667475394676,0.7953288089400883,0.013959209026232447,0.34558868833785406,0.6895779144842791,0.0003245492528898224,0.07999360891471184,0.863068716890543,0.001745243673300108,104.69492302975065,9.763467376637935,54.59464266522742,0.009913966260070843,0.014432778870063862,0,0.0027812611098913314,0.006727753325527148,0.026708255110138607,93.1182209301866,64.33428239593277,34.54296582441958
160.4024183885608,0.5717862556155371,0.10278625368843256,0.0976134877475383,0.7690241664711658,0.012735199778413166,0.35091805032510714,0.6713477807023062,0.000289408173237936,0.07616437997602933,0.7603889117586923,0.0015732229345290102,97.06216396457448,10.274147628471107,42.65125833520849,0.008231823320271146,0.013184375933655079,0,-0.004922953122564058,0.005512346066963813,0.0066214911281609785,85.29342998901608,64.79932893523042,36.728406316865325
161.09024138811557,0.5787621223897649,0.08953071409675614,0.09762318533273694,0.7634280978759602,0.012775228104820758,0.35032547523916246,0.664026406409476,-0.00044687955847251326,0.08048671897793923,0.7676629626768913,0.0018963859747331206,90.93579703967771,11.370629626452441,36.21386164122061,0.008098064311636522,0.013169156051659097,0,0.008974921554839935,0.007881865650775432,0.00775809225245142,85.60363963589026,63.58893315840159,35.46029292938815
161.7047431542153,0.5787069182763026,0.09063834110795806,0.09829791820594667,0.7263840182127173,0.012398901024484052,0.34167691906251335,0.6733490749633962,0.000310346013584263,0.08015953279840864,0.777658626351505,0.0018527059441348984,99.59128872097976,12.635445429239962,36.22524094881976,0.007972227567517655,0.01542385487848017,0,0.01471722641770145,0.010161377730606803,0.004938546814762723,85.42630123501098,71.7863424724083,35.863367941425146
162.30178748377807,0.5767439959335791,0.07987119728676899,0.09855740761594146,0.7231982517106728,0.012749505898299303,0.3458466251962974,0.6741565570832238,-0.00012398083456714262,0.07944558336705233,0.7778867080602722,0.0016197246111547905,94.91073687474226,11.861706764623221,51.282464968280586,0.007882716284632085,0.017004409747492535,0,-0.00024194057484924758,0.0015133172779297414,0.006902015673025308,85.3540784127225,70.82095483839444,35.921861904938126
162.77662975758238,0.5777341473693244,0.08038489878482277,0.09800570442247937,0.6893002438618021,0.012658747106238852,0.346477906961557,0.6687536267636731,7.978495737305074e-05,0.07988798350670562,0.761297942928049,0.0015100638016895165,96.31459800205684,11.847775727981556,44.061580790362534,0.0075483901508565186,0.01354470447211917,0,0.00301642643988823,0.0007465481815745181,0.005105396552941616,85.92912553538005,71.25561199480192,35.529438119173655
163.47143573175194,0.5795003654533768,0.07988710788309761,0.09801865413040368,0.6889468570801287,0.01275728808838206,0.3470983440825154,0.6602027117698304,3.971333541597932e-05,0.08022327972141884,0.7483305825911637,0.001664180744019171,93.14109008241257,11.716270619089899,50.210689643844624,0.007318957862891515,0.009498716329283403,0,-0.0006456715535599882,0.007902507118124005,0.0034938546204987386,86.31390340647543,71.15519879598659,35.837151637695776
164.07546303592954,0.5786439748769694,0.07945745759531514,0.09608073780177323,0.685887057092332,0.012674985743570967,0.3444409700375182,0.6741684035854869,0.0005251769362728326,0.08053003995904554,0.7792477113819718,0.0016641910303702278,90.67044233132395,10.719311162528003,39.97551777148109,0.007767813226646733,0.013459909912174937,0,0.011170733297080574,0.0027141240909086487,0.0008373977824599182,85.37890622683568,71.11827814581842,34.893741503215274
164.68298182741444,0.5815966583263924,0.08016653705887854,0.09318042111774254,0.6215851292472683,0.012754115644005228,0.34506555550340384,0.6674274468722021,-0.00014914637199356828,0.07965766591155947,0.8032564960491245,0.0017784494653794649,80.9162303623825,9.94617743688149,47.65187565625022,0.006634202636690621,0.007084133960942332,0,0.012645005554055887,0.007681354097207955,0.0042311315224080985,85.90962244939242,72.465390500168,35.38071233491796
165.1962304616,0.5780856096649989,0.079928041883265,0.09016228263818145,0.636064212149408,0.012677556409509431,0.3459878504624534,0.6715285367547861,0.00020715953285718413,0.07979716843810708,0.7890431715798025,0.0018185766381717942,78.57607953876919,9.167624379760214,55.90583999841796,0.007137969738177702,0.011820167475383937,0,0.006096822405445434,-0.0011979434269871084,0.0025080800658805716,86.08922894672858,70.160296165219,35.10582854382796
165.88056197384742,0.5762682312185059,0.083651365759476,0.08808014641247884,0.6356993867802953,0.012771168887588741,0.34540952496196886,0.670082737335719,-0.000211212901482907,0.07983691940092741,0.781961980149909,0.0014439897410402484,74.63817625595259,11.594981801515315,42.14914939729926,0.006708999749288059,0.017291815069467576,0,0.004545576304995604,0.0023210243313780796,0.0020936566280492343,85.95040604252587,72.03399581355282,35.31675812573038
166.4915722526397,0.579174544434135,0.08294223253307785,0.08671715952979787,0.647494546655291,0.012674813525817598,0.34798113009503134,0.658029983919129,-0.0004496722243658704,0.07954933657607864,0.7908182067472633,0.0018660446214215627,71.3660755239552,10.290053123535513,49.29160376861191,0.007041229393927456,0.005721165824771939,0,0.003090099869232756,-0.0023094252129459434,0.004211317111816446,85.20970778239897,70.24760283608687,36.03353353895589
167.0955995568173,0.5784575840279307,0.08351913352592161,0.0838767592791051,0.5970777336374601,0.012649777401443185,0.3454010353852688,0.6537899497789009,0.0029399911263882725,0.08011233665181179,0.826152735145559,0.0017632753727996183,71.96575398667011,8.979552677882838,44.35282578848124,0.0074729523801152905,0.009970905798954165,0,0.005521145249593342,0.003222568869829549,0.001985990148197957,85.3453992462811,70.70826842044583,35.94626990917532
167.7275587594539,0.580788736501274,0.08315338271542488,0.08324467795106966,0.5707216228884028,0.012667617592647389,0.3409800546613149,0.6540216281146036,0.003200826659257696,0.08019540827469397,0.8225077643847629,0.0016322207188440097,68.68832146864736,11.324556649037037,48.64396589099744,0.00718237409887867,0.010733955994817926,0,0.00931693000258836,-0.003245893535624449,0.0008088372179342468,86.01437516955275,70.44039733942802,36.047600019508174
168.32460308901668,0.5841934427062323,0.08289673999654686,0.08277911317643678,0.6054550256329131,0.01285315613482383,0.3401343690405023,0.6439990206062356,0.0031380215167017256,0.08046307601804918,0.8395024680402571,0.0020858688870605884,66.34872167064032,11.465999386798277,51.26439917541259,0.006912448584455632,0.003676495208005596,0,0.006886893787656633,-0.0042512505852149015,0.0033836194248348184,85.69239730050784,72.95520493724528,35.544052876177545
168.83785172320225,0.5806034050475744,0.08354330514805093,0.08226185643432939,0.6888919643177864,0.012846361263434159,0.34144717469228086,0.6510062766554782,0.003156804170671438,0.08003803744250781,0.837865056502152,0.0015685156302207202,72.99745153715371,10.91224483167599,46.79703208514141,0.00657205844992475,0.0035290132697213005,0,0.005880547290167231,0.00012717525782204235,-0.0010594310464220145,85.72712247359131,71.8913448497356,35.65610087823769
169.5291662100644,0.5745704558801323,0.08347828473031042,0.0827833757903901,0.7007105221100308,0.012816990715678734,0.3195550466464049,0.649378274008007,0.0066506197202817465,0.0800217868586746,0.8417110305307435,0.0013460160855626258,72.56137853692425,10.122612320623638,50.80613550472318,0.008812800686706545,0.016437921136534448,0,-0.0018171868605151385,0.0074174093883144065,0.000428753784304274,85.62916414535479,71.15333087673027,35.60513206824064
170.14017648885675,0.5672174292385443,0.08284080985774578,0.08240196983219882,0.7047992047546666,0.013054103066304121,0.32300422330564516,0.6678749631341879,0.0067635085691945375,0.08027738654817859,0.8290786506797122,0.0011501918359061798,68.61918510387501,10.860299002881147,41.38506843916999,0.0070696967486656255,0.016138456817561916,0,0.012904092761271673,-0.0011636664238164317,0.001961956865459561,85.21941082715138,64.38958570743598,35.160876318186965
170.59756132612415,0.570852870492743,0.08282204894171755,0.08225903596176803,0.664926405491778,0.012735119792985628,0.3209462925141309,0.6562408115870337,0.006825452707467596,0.07981094709832748,0.8223656137594743,0.0011750838190398806,95.24380152871764,10.633972032698885,38.641283663692754,0.00837299074957222,0.01708518612667733,0,0.010921914546086172,0.0012864889540564778,0.00032777953933530975,85.71922915644704,65.34003863781169,35.97710243104861
171.30982473683062,0.5686994747082847,0.08388002686405834,0.08265814074130476,0.7269273088329722,0.013013965220825917,0.3106602199046107,0.6633243462298224,0.0066878089286375834,0.07992424620175662,0.7750764897561915,0.001100748475050611,102.01305048760568,11.042225959289436,50.258238716967774,0.011688989879913791,0.01684552613571966,0,-0.0058885833451762185,0.0016601400129150905,0.001955093161143651,85.49067275053801,64.36146987308008,35.51097685081841
171.89988609177865,0.5692019739193858,0.08324869521609968,0.08399837450403662,0.7213888773268499,0.012792102172661192,0.3160062082145188,0.6607489870360074,0.00636887115638966,0.07993985574878815,0.7890046093731938,0.0004800747360973452,102.83160091705759,12.453923034075782,45.432151736782686,0.011848277397394656,0.01689695480833581,0,0.00036527397414348175,0.002190582771983562,0.0024775372319308887,85.56214711732423,71.43316424968107,35.10036485149046
172.49693042134143,0.568004754311833,0.08272066516439505,0.08542849897319647,0.6967214454254627,0.013058228972433994,0.31702449977772895,0.661005020061627,0.006185336802405746,0.08047436280193587,0.7695796865913026,0.0005492142154735967,103.35319411292389,12.001980037696649,51.57779061238298,0.018250951946409306,0.015117908720282566,0,0.003646229695706651,0.0029649957459994118,0.00020455576403985442,85.86073632087421,70.9726499581388,36.57444904816847
173.03461946667866,0.5721431573844054,0.0839110679506063,0.08641717302764987,0.7530336655344909,0.013582132969289078,0.31514867730088486,0.6772109207435126,0.0072130316538410654,0.08057609980074061,0.7577259326845859,7.318426268438012e-05,109.63990968615501,12.113339325175444,57.10487616232445,0.018740699689286076,0.018376239796523124,0,-0.0023024298564585707,-0.0023073223895556396,0.0012652008482111092,85.74576216428338,71.15739534367555,35.839376691239
173.71545949161867,0.5700007010082829,0.10046880150681653,0.08765957924532859,0.7194554928064095,0.014271742966105921,0.3146995993845345,0.6943364791117653,0.010188176983664145,0.07951280408818721,0.7863412489420443,-0.0001400227453548321,108.65423316382342,11.700065159058882,27.812298934689565,0.022155553673571624,0.01849183667018889,0,0.00914603710896304,0.007528559249236842,0.004506015194192199,85.20152464584545,71.49373846833277,36.43177799664759
174.29504638464454,0.5729551976891776,0.09951130233595014,0.09021933246272251,0.7043792761781399,0.01427703661895377,0.29566846287798665,0.6999130135498497,0.010087002016901958,0.08006284747331045,0.7693118768241484,4.449629457569198e-05,109.09575341355558,11.37378898225742,40.93872794921365,0.018886254746827605,0.02491966695033495,0,0.007877602032699023,0.005308697135690297,-0.0024459123289071044,86.16406727140213,72.1683117339121,34.66680373233581
174.9235140999738,0.5684354895348905,0.08333081369487579,0.09082057471074934,0.7305517676418795,0.01379283596536722,0.29646618180724965,0.7011102419109816,0.009944630248684597,0.07639469708429457,0.7446993951477902,-6.497692160155975e-05,121.7447276699407,12.505213885086361,40.765369597657795,0.019054735367355986,0.024468961132192688,0,-0.00042951831540900647,0.0014865776502704054,0.001998551244639376,85.86719284124997,70.99968288419149,35.92175218997059
175.41232232300766,0.5730184385687441,0.08319218506520132,0.09073293737858786,0.7608354470630937,0.01374684440195786,0.29380550952734324,0.6896422132242299,0.009829750437555143,0.07658545181519244,0.7379480515576259,-0.00036964639950174105,111.67317699095103,11.249683181960773,57.37793352009838,0.01919825969134145,0.021036685654291086,0,0.0023117121810282623,-0.0037997364181890543,-0.002829619009271811,85.47330294080083,72.36845092165656,42.98555639508402
176.11061978448458,0.576916227760587,0.08013737583689735,0.08989352754576206,0.7174663166322344,0.013620544860685882,0.3139474394857062,0.6968140956090574,0.006914182115489159,0.07691680603931364,0.7378885832631776,-0.000515794796529645,114.51761302074775,11.95217273440473,56.85224698187804,0.020529279111651755,0.023343622032841356,0,-0.0014609485668793717,3.893532965126021e-05,0.0015703958452531822,85.39346533182373,71.97794435356023,41.107352092015454
176.71115560135476,0.582022470515835,0.08009247713057871,0.090630579843135,0.7279102010550609,0.014232136186829733,0.33330788349715035,0.6953879856550798,0.010308394275169297,0.07650273748083605,0.7902292126037034,-0.0002152089324250684,108.88157861886098,12.10979881925129,40.05465238280945,0.022167603527561443,0.027468410082119383,0,0.006429502843970317,0.005313033286985529,0.002195252928775213,85.41452675513654,78.68198852002169,43.94725991991803
177.3151829055323,0.5765499339916651,0.07970690597944068,0.08965632463475376,0.8304115429867427,0.01442832372931031,0.3309876933446654,0.7050384749387101,0.00673107624010567,0.07690480600046251,0.781288353015137,-0.00037891779169744923,102.4136476737594,12.425485229827482,38.318587756356465,0.02042664236570464,0.028966404531344213,0,-0.0016072670975688132,-0.0013656055010932413,0.003804650309658304,86.12483866744144,79.09819574246981,43.602804800040886
177.83890600164003,0.5802098042148395,0.0801516401776519,0.09023780037888504,0.862096060856029,0.01438224737113061,0.3395854315161061,0.7081335051425222,0.006525835841647803,0.07667511114290672,0.795811935358601,1.51244454730705e-05,109.87370837916906,13.388656709784154,44.607280480259746,0.01848352414890896,0.022705994999539333,0,0.004664764863755768,0.001056310758722566,6.472357025310107e-05,85.81266145318891,78.9751057231856,43.355685316746566
178.5022885900431,0.5789505660697288,0.08301331636436962,0.09001805956910434,0.9131329607905702,0.014721814293603194,0.3443190053981327,0.732811333867697,0.006507406320367911,0.07686502115111513,0.8550057758310011,7.933611715095742e-05,105.86162023082069,11.315539275099539,34.2564599407996,0.020560458544285103,0.02452221303976805,0,0.007740420134487917,-0.0021234168554438125,0.0001577893692758887,86.15512950890117,78.21271807896817,42.79044650783388
179.10980738152804,0.5799792897022039,0.08376162899374597,0.08901409772726727,0.9145066242695337,0.01470321495392829,0.3493963235003322,0.7333700088362003,0.006693847315160237,0.08049137091972484,0.8848213372744858,6.879874165586658e-05,106.56201314131786,11.446247630097488,43.91002709141579,0.01871813580196639,0.023762623916719097,0,-0.0045783986687382705,0.002916603984122027,-0.002501501664331271,85.76590329276073,78.64145325035776,42.443193812082455
179.73129212224254,0.5760960000684231,0.09001161558898495,0.08639789368417704,0.9081466396343947,0.014698540440927325,0.3513710414371697,0.7363173837988416,0.006653005881396667,0.080455614943063,0.9015598879422713,0.00021993738479526642,112.5668978690419,12.47658653926501,34.48342486666696,0.01997631729074669,0.02272068611388728,0,0.0006693892806906064,0.0030206161401277274,-0.0015410067512343405,85.75638745707538,78.18571852149513,42.93274852187608
180.21660885796902,0.5761694872757218,0.08685620846913143,0.08641156612562358,0.9375056555477097,0.014781382812866173,0.3521219857247092,0.7494558600133383,0.006985591943810947,0.07653717579753903,0.9243072022189145,-0.00016747264650444113,119.08560672869942,12.883711699661445,39.78866736967291,0.018878226602547205,0.024065088902088104,0,0.0034505678493286147,0.0028946939652213398,-0.0007791555092697699,85.0977255856659,78.44676707915617,42.226489937431836
180.91141483213858,0.5775087793246241,0.086741423769678,0.08495744328058696,0.9476839833425141,0.014841681735886798,0.3551058859519376,0.755122225868184,0.0065817386312977,0.07721789321645878,0.9096122065215604,5.514675882378376e-05,103.35246877955683,12.416001882685965,36.61232722016245,0.01844818114658059,0.022191605246696982,0,0.0020718109150667215,-0.0019949214193667126,0.0005358736104723206,86.3246360226617,79.1127274009331,42.90205461202829
181.49798469977918,0.579582664572148,0.08683767815965344,0.08525413028290418,0.9189162396777313,0.014720886136881349,0.3529155169258787,0.756335716613806,0.006423425187576913,0.08024118286632964,0.9173243636741236,8.047445284339205e-05,95.43840223095343,13.074611911765363,57.11528856170717,0.016620292584426155,0.02100976405594039,0,0.002024467989880729,0.005186390439405757,-0.0020458512882113207,92.5164147670493,71.98016144583048,44.457136303465106
182.10550349126407,0.579913046095517,0.08633190924845371,0.08568062920161383,0.9343207716654611,0.014774793086883398,0.35051614405703074,0.7539965482003591,0.00668986071702731,0.08073882419306344,0.9128163080770073,0.00033197716872383363,116.60310001889968,11.523169249380043,35.59784798380538,0.01597179050105204,0.016037683301052402,0,0.0013126700311573893,0.004250190738017837,0.003391618547793996,93.57401855185597,70.48223634623965,42.42844401133046
182.70254782082694,0.5920855190931285,0.08632320926991956,0.08476595672860891,0.9898134989495064,0.014851362915274167,0.3459397563519403,0.7532133520315519,0.006362543052997699,0.07993366436996463,0.9163261641372517,0.0005405903716062327,113.74454490290009,11.267957458517598,46.34749020673292,0.016075507211617535,0.020704822463863976,0,0.0036377464930277383,0.0005967160215251802,-0.0007922198891341676,92.45647966570462,71.76180478865219,43.21321548546975
183.2332538915494,0.5845792521685388,0.08333627342036062,0.08557950384179468,1.1512237069955018,0.014399101896591921,0.3527610392795967,0.7513451451353546,0.006677944251522015,0.0801501415306565,0.9239067513159439,0.00041812997094865714,103.01848540326169,11.407784537406128,55.75959774753012,0.016681571871005933,0.02158641329981133,0,0.002991052851974347,-0.0004722034190624419,-0.00018467251692190923,93.14575453710482,71.16875600334681,42.53919057422312
183.955991764178,0.5832753207491194,0.08306178996025315,0.08599958720607222,1.138238560140684,0.014307633219237783,0.35612389697716834,0.743659011806156,0.006770910244975719,0.08020091256072032,0.9000605138338033,0.00044639538521143104,101.06873537836825,11.340740119746265,34.86218125121689,0.01621357930141415,0.0254797034742094,0,0.0016639881761169421,0.005770559562978327,5.9195306274039284e-05,91.76624005252152,72.4878676065626,43.109380961444195
184.60889989065896,0.5805669395482916,0.0810165092498436,0.08579165931451546,1.1803791722001944,0.014354524010616928,0.3514025768278398,0.7433898664783468,0.003338512572078107,0.07990998069618227,0.9187531438179822,0.0003237454055377596,101.55830122779706,10.695806310916664,38.17761179920879,0.016161383267522336,0.02840546951126894,0,0.006961401838082689,0.0036749025297990196,0.0013793551592673424,92.8670946358815,71.75293446358643,42.254427755040986
185.25133355521777,0.578948505679771,0.07672207034144876,0.08554875859215699,1.1976952023209613,0.014612588658935643,0.34393096041525534,0.728286751871479,0.0030086858317061285,0.08032709154749121,0.9008050908791438,0.00038668791885479236,100.00348283793775,11.7596006546876,31.989380010653598,0.01607130912198778,0.02320332169630693,0,0.005606466978047512,0.007275735084536253,0.004012496710846502,92.73143336022476,63.89665773025612,36.78142544628221
185.90424168169866,0.581913555833492,0.07664986446511302,0.08564539052566006,1.2427842949257277,0.014534435665880458,0.34266438473943023,0.7334913657152303,0.0034982947053975068,0.0761847086035624,0.9058092394300867,0.0002993806840366424,100.19168430786135,13.031871722071239,59.04985650801763,0.025393335782993805,0.01841991911541479,0,0.009475494470736992,0.006755673286763619,0.0020856331125349813,93.19746671824873,65.01523424571606,37.178344892332895
186.515251960491,0.583017084086164,0.07696399415496012,0.08537029289576394,1.240301642202618,0.014361265159884996,0.3452597869447728,0.7471489935611172,0.003684342026126495,0.07679043859922684,0.9310608619981219,0.0005365453536756475,99.72169484340607,12.421070267489647,36.94814258129438,0.017978303318177662,0.023201227870470204,0,0.0073819277106909114,0.006378151688183222,0.002767265006417604,92.61024446547864,64.04325623239346,34.447847916372844
187.12277075197596,0.5838682191859026,0.0764414978083797,0.08430058114795737,1.241053728675131,0.014399206374443179,0.339265666863832,0.7311549034163757,0.003392935199709436,0.07297333184100914,0.9150076541701241,0.0006965304151478008,98.17193148240527,11.692286031548853,39.06175981490212,0.022298881508835328,0.023016292564901463,0,0.006697058972186193,0.0010367563008934204,0.004099433637232232,93.09724133134915,57.988383408403614,35.97587794050768
187.7267980561535,0.5795705255160079,0.07271951530829458,0.0841572265732905,1.3320344733469083,0.01451738929387884,0.33066604456294507,0.7240944942435792,0.0029278177498850647,0.0734358150642518,0.9257637732279749,0.00017092501148482882,113.20360055162608,12.761499868871368,52.30425568066989,0.021646153063502666,0.01814958282092602,0,0.003947986543991296,-0.003368458467590216,-0.0003682267866881388,92.17829887222628,50.0447262802737,29.351985964833403
188.33082536033106,0.5794232113410351,0.07366742968985837,0.08279714415194192,1.6144081280207143,0.014492075384073103,0.3422933666111161,0.7292656392130111,0.003299129679902524,0.07303380130344667,0.9118984377898157,0.0006814884948088854,106.02718565123153,12.422500198060577,43.97156500381776,0.02172963702176205,0.017280408827227388,0,0.0027780666371016467,0.0008538615155111785,0.00020224946894595417,86.28587704794668,42.33423668825086,27.909057676367084
188.88946332951255,0.5804590645421196,0.0731648739093379,0.08084283073064744,1.6160578666370278,0.014693442208082594,0.3324043815150566,0.7091342788153008,0.0030433998799483312,0.07350868985514787,0.9194421815428886,0.0005217518920935964,104.65581625968485,13.927833849289698,63.23468878400369,0.021349460974366956,0.019121493163015032,0,0.002802130916659542,-0.0014365092532478661,0.001752616847269998,78.68936940687661,43.41288064881903,28.909614878779585
189.56332037983782,0.5796992692174021,0.07384827701137361,0.07900985513916071,1.709008031805321,0.014438312241166705,0.3349861120907486,0.7131371776565816,0.0033252925778133233,0.0734133098790528,0.9124960604268422,0.00038769889011869654,102.71782959689851,12.218432220624559,37.91468707412632,0.0219072359463006,0.018018886836955603,0,0.0026827433019509183,-0.003447564436448317,-0.0009953517127789624,78.3045225649838,42.763290382558154,21.780522975879972
190.1463987601711,0.5773553859739037,0.07327531096334293,0.07680388597269817,1.695754286810224,0.01458122737185222,0.3321000105030299,0.7068733555508704,0.003331562060760986,0.07344726393214158,0.9211563052714249,-0.0007670657347357173,110.16281970562069,13.486681503485787,42.39873863545341,0.01865234651212083,0.019340771949449873,0,-0.0003063078553051466,-0.0016048679206809844,0.002035022647314448,78.59680195173495,42.657699190149415,20.958440033773872
190.6526644197419,0.5756940332046455,0.07368270068155484,0.07758691260970133,1.7052585697510834,0.014582406921574767,0.30542444019748727,0.7172286293542416,0.0035137596401607183,0.07343439127938232,0.9417838378312656,-0.0010595036456206325,113.60775375285417,13.311689935235517,49.39825357517502,0.018101934389935022,0.01829412203674914,0,0.005542959512132219,0.007398242214898627,0.0017899141584512114,78.91162993640974,42.22300709885142,21.915226396214713
191.33350444468186,0.5800330597496482,0.0800500402163288,0.07777958803399604,1.7200730557143955,0.014837450863479157,0.2981547360121321,0.7268536075515888,0.003284482864772941,0.07353013628438651,0.9436467936494368,-0.0009595594271163489,112.61060741740381,12.069303535972868,36.278110266245065,0.013538048829136283,0.018211174268189894,0,0.0004906436937240841,0.005471683764158778,0.005398840344363183,78.7169570269785,41.496569292848534,21.76306269462373
191.94102323616684,0.5809332388623792,0.08313470953704662,0.07766936433533886,1.7097066433520451,0.014359644823030485,0.2963957434666781,0.7264263375624584,0.0034242352565309305,0.07357173606999691,0.9412325741766937,-0.001082558674187889,115.60324660479169,13.397458225049439,61.25586526773964,0.012570712055098935,0.01748380718714926,0,0.002632590612436238,0.0037735972202694026,-6.23220167819856e-05,78.21897930039422,42.81215185000094,22.319762468640313
192.54854202765176,0.5792753430444256,0.08260421329785048,0.07726257957921459,1.7383859994217448,0.014673977247829723,0.2976588394516377,0.7293773385673595,0.0033097811047764062,0.07285660816864249,0.9282547127494031,-0.0009003757950970628,113.34808722698592,12.710876718570027,54.090845713801215,0.012285965945132333,0.017907971936173623,0,0.0009201591880368717,0.00024110374777598577,0.004868274643998184,79.07566882479246,42.8657864535102,21.208802562424907
193.07924809837422,0.5790855740764101,0.08348021697211465,0.07752363846874592,1.6831916346232807,0.014633826038297588,0.29511825124050106,0.7218564123614446,0.002998808662474679,0.07290566332477999,0.9414862546942886,-0.0022201261319672104,116.31570442035367,14.717160596089071,49.88484154465493,0.012984699154479563,0.01698550679966764,0,0.0027288538077544808,0.0011696737689589906,0.001102418376853198,78.1907642941885,50.04954536208659,21.50476483207334
193.73913919946995,0.5807080591092181,0.08276987229089568,0.07715593906607106,1.6356007981222784,0.014673701508447724,0.2982191676676168,0.7257724543904197,0.003448497574095945,0.07609485196214022,0.8948801775745651,-0.0013310365766699538,114.00728982466316,13.971680583202565,35.41048203960552,0.012977469235663383,0.01794226799664668,0,-5.604005373606143e-05,0.0034975503207452423,0.004253309202242708,78.86958327014278,49.52051994866625,22.077005717179702
194.3780813767213,0.580258314997963,0.0830705460455305,0.07827973477704375,1.5684875315298368,0.01450254233768013,0.29765701974917347,0.7319139088164206,0.00331258644112563,0.07653430290385395,0.8849913230625105,-0.0012120690193776398,116.86387642942127,14.689104818027019,54.26235968509947,0.011465303411294921,0.01945412010825144,0,0.004940802111326666,0.002447362225241316,-0.0019712940051653857,78.20804846482287,49.80273322227859,21.9381187710747
194.95417678243982,0.5811926257799258,0.08385537685364709,0.07939716506181697,1.57697289377593,0.0139898819632885,0.29514880390290027,0.718207626951227,0.0033670782918853713,0.0763468234244695,0.87715927498534,-0.0012693191428544818,113.58186049175539,14.448004363344909,42.11697106866116,0.012811785885097593,0.028060203374158238,0,-0.002471428465976869,-0.00175459942429876,-0.0029982038040691815,78.42178712691842,50.11979820596783,22.549928879954614
195.5791530104617,0.5785372700649759,0.0831803546200818,0.08335074533451699,1.580695459142124,0.014342032955297717,0.2947761318584683,0.7150462580671785,0.006664876447693054,0.07703910110442398,0.8439803655352631,-0.0011711145541656654,117.89927304511633,13.590147253974136,46.50247112997154,0.011297588911911292,0.02354912621938714,0,0.0031024594077250205,0.003607578711467981,0.0031131886848212676,78.35614233717874,56.41265736158213,20.929845746049235
196.1761973400245,0.5783803702035113,0.08368194251362199,0.08459097104499275,1.552065957061787,0.014252910319904737,0.299550021689958,0.7269944558362843,5.310063969098936e-05,0.0767467156870147,0.8480020575984561,-0.0013128548310672626,110.8241763998666,13.222318939756816,42.61698505975229,0.011616402987284046,0.019321642945221734,0,0.002588547635382802,0.003947359785388081,0.0032503352733152012,78.5953940369794,57.100051444597085,21.114482114282143
196.70341192343955,0.5777831851033619,0.08049936515915514,0.0858373221274459,1.487263877748741,0.014013914082416735,0.2937873774898943,0.6919719452826036,0.003139810597994843,0.076472037160113,0.8682923255200462,-0.001116666203157016,112.80821892957806,14.738622639781287,54.87289933373368,0.01213698931532093,0.017238115138350205,0,0.00679733104732926,-0.00441392823334036,0.003724669865019404,78.44701434946336,56.57394964746782,22.054246844839348
197.3563200499205,0.5757504161890793,0.07998462313857121,0.08543231395016142,1.460153607087054,0.013613054547229343,0.2935367517201672,0.6834131511458249,0.006964688560795404,0.07695180593284698,0.8406245640911054,-0.0013412570484032896,115.51633266104913,14.977017577806008,54.209393157241124,0.011622385000688877,0.017109560853580598,0,-0.0035317687717253705,0.002241215693272909,0.0019940726550950437,78.84886594917892,56.77479631937298,21.72216978444158
197.96034735409805,0.5768461097964833,0.07993159750656123,0.08566575075842868,1.2811884831881477,0.013941729397690342,0.2853074581286892,0.6866574121968017,0.006741260960477008,0.07710868384685853,0.8494911309593307,-0.0018488448237503096,115.60823970540537,13.113019547157164,40.48149104591139,0.012315350659440123,0.015462530128696585,0,-0.003418338680901035,0.0012646943776092004,0.0031740854835256046,78.5534706784494,57.88025310433253,22.318165715594528
198.56437465827563,0.577638963295416,0.07978736459997735,0.08603831325971346,1.210408785504292,0.013977068546755247,0.2867754816524728,0.6966951049203925,0.006205385499642711,0.07615642928536401,0.8759725191559508,-0.001757492224002769,114.72702796463106,14.834398773313357,44.37338209149934,0.012561007352380242,0.015091952614995713,0,0.0036836000154839028,-0.0002983715064613923,0.0013970895579503901,78.83256333102828,57.170850689650884,20.461529188870813
199.17189344976057,0.5743027940566108,0.0801848823916508,0.08582843559187846,1.19413978208447,0.01347301511370021,0.253709274655985,0.674239114387834,0.0032179783956708774,0.07692813399746229,0.8263870545815499,-0.001776042320371379,117.50023204801694,15.828642391987508,43.35009374659969,0.01314245507952357,0.015466734405908428,0,0.003929345966246436,-0.0033764605712450924,0.0019954606848842614,78.78841250513554,57.998890746311986,22.768325747609673
199.77242926663075,0.5757808351406349,0.07999421509192295,0.08544257196522907,1.2191899367350518,0.013491444281870556,0.26883920019935725,0.6827478343256617,0.003669325383951511,0.07630198044266828,0.809250286858273,-0.0016965642633009178,122.00210319628093,13.289048407605689,38.27369838784347,0.012290051399026648,0.01687322619367749,0,0.00478644575631958,0.002899999070979403,0.0007628808632148861,77.60068526310218,49.734703528581186,21.99139743109144
200.3764565708083,0.5752079891883457,0.08028325697845476,0.08464678252553857,1.1988015697820829,0.01358944184643947,0.26694120437714963,0.6843901895950073,0.0067356296460644146,0.0766855822137935,0.8144257281645341,-0.001796916777246698,116.50746010914385,15.210592120218964,46.575789501418484,0.011138161361481854,0.016468280505282887,0,-0.00013374219370750388,0.005461719396400078,0.003806956127642253,72.12388186858644,41.93350454361512,14.127690083426339
200.95255197652676,0.5768627279762574,0.08050647784125026,0.08518489659457584,1.1697943648001459,0.013048114479211462,0.27461966266685467,0.6644099959706754,0.0032039627742967655,0.07640127542179209,0.8058977038975755,-0.0013227500415911191,122.73133895851507,14.099784401774693,52.99383495266635,0.01241978816608374,0.015295135250270962,0,0.0038609397467593786,0.0029189240873105523,0.0033795046095402544,70.98390443647918,35.43441818479796,14.795081688285673
201.58451117916337,0.5772669189570018,0.08028180157923814,0.0835087825223099,1.1669645578938148,0.012967476369482535,0.28375827096537226,0.6887455866717003,0.0028716082751965057,0.07715735958203719,0.790318413382412,-0.0013092930895732054,119.85600103593654,13.43071346728906,51.63421553040493,0.01245905221767068,0.013032636015873596,0,0.001509284716690773,5.875167854998411e-05,0.005972267210218786,70.94081080948123,36.10826969709929,11.753793960993608
202.20599591987786,0.5781184534673278,0.07942428401339081,0.0801214131770135,1.1812078151593608,0.01447046337342489,0.2943456166650178,0.6918453945940042,0.003609425545951653,0.07650263473962729,0.8721015799560976,-0.001401800286676633,119.64650923876192,13.861985216433343,51.89907600333881,0.01447109623556632,0.014362086658760893,0,0.006314468493260771,0.0006054022053656157,-4.2590921457790615e-05,71.04902383829094,36.28440493550618,14.577682927678758
202.7087700921413,0.5771534398193703,0.0795631528632017,0.08082824692186057,1.2208065289875487,0.013840594658865259,0.2926388384746259,0.6939349519916631,0.003502709592856034,0.0767446340742767,0.8018394004566436,-0.0013145987436161762,118.22676781504197,13.825239930758693,51.750209520488504,0.015930752723427203,0.014093122966921591,0,0.0015764936811139183,0.0006183580814108506,0.003373482253345409,71.84280869302013,35.07298820372095,13.978105658526614
203.40357606631085,0.5773027628039131,0.08015631603852981,0.08072866280783875,1.222812837455964,0.013663782114864282,0.33134437275804,0.6890414749002116,0.006439391625963875,0.0765279483598129,0.7804502434668688,-0.0005007686295912953,118.61701307992669,15.549004986268343,42.850834657291145,0.015455695593297679,0.01367736393733846,0,0.002394673527029789,-0.003447087895278007,0.003813315297350595,71.09662087701037,36.0471934051439,13.189169364109588
203.98665444664408,0.5792296030512853,0.08032760344855111,0.08060892705154069,1.232428984642572,0.014044198124975564,0.33001795565912073,0.6869597549671794,0.003191513529505451,0.07706200018828564,0.7838267230479259,-0.00031829582477425704,112.82069967975406,14.4544699924575,56.1091323249889,0.015660683933947876,0.015635120893789455,0,0.0005290045064111485,0.004078764729547841,-0.00035607907267524086,70.95901577856124,35.29688640050308,20.26001925973864
204.59068175082157,0.5771836573127467,0.08017019276525036,0.0798620091524536,1.236359881003185,0.01347444299622193,0.329575537324701,0.7002164727683873,0.0034362968143805185,0.0767109695649777,0.7488080763282002,-0.00021659237477485526,119.09946280052492,14.330243391798565,46.149334411872346,0.016059421055436614,0.014086052240434922,0,0.005950596626122171,0.0037837899040012624,0.006848957600409654,71.94532442603361,42.1264641773128,22.25533654526943
205.1004388976998,0.5752985296315809,0.07991710585394081,0.08070221118676192,1.2239272444097633,0.013445409212233889,0.30909774866680634,0.6816323253813962,0.0035836509161425085,0.07641684672386502,0.7104928929114743,-0.00028706054562272653,120.53803811257443,15.336348799706348,41.91804072315804,0.015334034540275902,0.013557320792876243,0,-0.001618710961925816,0.00047951203571686965,0.00799274038247421,70.87470205873659,43.33671682914713,20.645221707948124
205.70446620187732,0.5756762007517728,0.0795469967608673,0.08114739330160133,1.173843260874024,0.01350756489172704,0.32838701907238543,0.6804235361978206,0.003229829226717377,0.07354264434544892,0.713701795424325,-0.0003970696330846187,112.94515564780811,11.989083067119656,39.56063656109817,0.015578785396848323,0.014938559672716789,0,-0.0018445520501384428,0.0022410338292212038,0.009372250040013486,71.52144069233282,43.70961984172611,21.410881345520906
206.36435730297308,0.5777377542566106,0.0798406593234811,0.08130389075501822,1.1713555344248225,0.01352379860451421,0.32778136861276475,0.6922871590278282,0.0035955303793920894,0.07303399630165988,0.6971597750872661,6.744744259371837e-05,115.73892047446917,14.530389596197873,44.06886263319872,0.015461379069340885,0.012733868511235716,0,0.007861812505725912,0.0096453904504889,0.003565457412480338,71.55371501863377,43.531696614981264,20.775881753165983
206.9823505563801,0.5767432796608026,0.07702940466628033,0.08121876055291921,1.0907120146409572,0.013171580812427221,0.33144279343341804,0.6905563559706723,0.0033665065918302103,0.07359714186747088,0.7123285882472004,-6.773226967898118e-05,96.69788592380267,15.220442681724903,46.269024032180596,0.01569086283355756,0.013065552708283345,0,0.00366043519316422,0.006100151965721627,0.00594090899888886,71.43198794529934,50.07304764465246,22.971396760399855
207.5863778605577,0.5761749583288619,0.076478088018261,0.08217108699208678,1.101271655938889,0.013452248237626793,0.32961091304680223,0.6787126002011149,0.0034649011032673945,0.07328070956392964,0.6993156054326859,0.0010312933777223672,88.55180529495983,14.803017736054509,40.08141463532904,0.015555366919712562,0.012395902334164242,0,0.005937956516201858,0.005467358626856197,0.0027234472982449833,78.99534834450037,50.13216551306912,22.018519440205257
208.20087962665744,0.57620928443944,0.07742426045065395,0.08164109563766947,1.1080111726243456,0.012482650055062874,0.31484936710713163,0.6743566617184515,0.006665511226571148,0.06378793805371329,0.6620706679194751,-0.0002058271283128429,93.21229698097967,13.94354815438804,37.91182199541113,0.013545206668954002,0.014088317962558243,0,0.0013019732100616017,0.006579821550234586,-0.0007793699453300914,86.34211623892259,50.4604920493814,21.89135250890921
208.78395800699064,0.5861781759500493,0.07581226334032255,0.0822887892334437,1.1091246068060998,0.012494283627613996,0.3171587152538957,0.6779210511770809,0.00661919992977488,0.06351184976502978,0.6372836439105043,-0.00023747211371294397,88.82844853038611,13.692768663023072,52.72521485970604,0.010334595158791312,0.012835753866391662,0,-0.0023409353844569877,0.0018022224039275139,0.0032145238150063067,92.98102435762284,49.62757538119034,21.74318479825083
209.33212151425008,0.5881178213439798,0.0766779460792289,0.08138943429030834,1.0945144344522517,0.012178455986049396,0.31223235143433453,0.64601158811472,0.006953689668873495,0.06346376169514861,0.6204330155161092,-0.0003127871586852094,96.45384585151432,13.108050611366247,44.17065879263235,0.010876724152880254,0.01382468788531427,0,-0.00444688251470216,0.004131841562646129,0.004194487420845845,100.39335974885111,51.48178370000814,20.82559527436507
209.985029640731,0.5775360859355493,0.07716733854029978,0.08087431553662675,1.1096126212342583,0.012407704775332923,0.30894107940802046,0.6429627083344206,0.006314405868064639,0.06329837659986633,0.645813768570341,-0.00024484817042013014,94.29897047816046,13.79345024640518,45.633585906823825,0.010600546198767742,0.013132533921446699,0,-0.006039388995379601,-0.0008723486350793097,0.0026262495947961184,99.778729499991,49.66255505403662,21.301605624873027
210.61349735606018,0.5757839087459017,0.07587538701131943,0.08050754425703699,1.2135929503483638,0.012164563405159076,0.3144638785296224,0.633615658281917,0.006598586926144095,0.06337236433553736,0.6535346522576803,1.774106160836982e-05,93.34760248712087,13.180444461663589,53.00454955542799,0.010835536160061571,0.01343999660051146,0,0.004244536587389238,0.0043428939076872505,-0.0015544402507527404,99.80137571534621,50.78634656560665,21.37645791152654
211.10579706640146,0.5772821534056081,0.07306890585756211,0.07892424041487724,1.3909263628711208,0.012381126045621286,0.3210488551434247,0.6269655013363309,0.00631816911955438,0.06358841243517174,0.6525610429252875,0.000802018853471835,95.63253863449012,14.807879333661354,49.73120398554717,0.011293482026735345,0.01478916883270379,0,-0.0005662938002529484,0.009836254987369447,0.007756301348818906,100.89289399268363,50.87603343752081,21.720775528931362
211.80060304057108,0.5764438260399122,0.07271613004402788,0.07732039895056231,1.397691369764862,0.012321621737560315,0.31716569962896557,0.6753631449996943,0.0031627153834880273,0.06379363921969153,0.6988896476132904,0.0009778156945008964,88.9463163591674,13.143311016267996,66.63783118694155,0.014135055856631697,0.01610884328122318,0,-0.00023959794126631687,0.011206356578979877,0.0031109730544750013,99.36208160103345,49.51936139037283,20.922090858372908
212.39066439551908,0.5765696298101869,0.07323930968633825,0.07706651049238097,1.3278927395101527,0.012113303152380114,0.3173161039197883,0.6312420041339635,0.006679730827984745,0.06333818095899772,0.7525309127001372,0.0009470408160388904,91.58058888178965,13.764691654519952,59.87807179068406,0.014786750423709971,0.016433463467653193,0,0.003205166235913678,0.0008473983643288606,0.0050468251654475025,100.89887492683988,48.11011545903245,22.089815131692262
212.9946916996966,0.581997932827898,0.07664458290998453,0.07718132456192431,1.3946516155153676,0.012382645297403247,0.31517414652448517,0.6748265353382864,0.006662788256184684,0.06352094320362695,0.8167295257913374,0.0013209443551373424,91.2335242889089,13.565289534062027,55.25574387868386,0.015496159049801799,0.013183385131237995,0,0.0002425204335002847,0.010380173088230978,0.005108705937761457,99.72200269786393,50.20855651913447,14.945202260452422
213.56729561810766,0.5755666026569528,0.07977851110713863,0.07692208480448245,1.3720717084625655,0.012295391627868493,0.3137296908246563,0.633632499578189,0.006415590913581012,0.06387672648228017,0.8464650377369732,0.0007663236048515424,97.2179778514743,12.953969375789361,58.474394303299555,0.015787487648332578,0.01615197207379226,0,0.006742165188766788,0.005372476439563737,0.0027225469856621267,99.70757804768301,50.61514689717327,12.886476873681211
214.19925482074436,0.5782685457490447,0.08012943735982533,0.07721194956835763,1.418439793122078,0.012603712757211885,0.304190283027203,0.6280243632280412,0.006779708539629376,0.07311883896193001,0.8470783211599532,0.0003705362406415456,98.33387795459525,13.680746843871498,40.44775383866768,0.015531544679433936,0.01337367356347113,0,0.002884510570327821,0.007581626630204121,0.002781353232829682,100.42989599039018,43.30283669456694,14.656043596840066
214.80328212492182,0.5756497052885675,0.09026313617858558,0.07674105134571133,1.2577559306276693,0.01235957385276802,0.3153906160221507,0.672279145447599,0.006733245195340397,0.08009103357045981,0.8597364502162713,0.000936231025367473,108.47855421438837,13.998449438301115,41.82486125597061,0.0164222459897332,0.012742665488598605,0,0.0035791377188730544,0.009787814122391688,0.0013465347378319784,99.97053183672236,42.12506390699092,14.537852534845666
215.42476686563634,0.5772639894763291,0.08968751173214644,0.07711931353924872,1.2308503702141325,0.012571829820335247,0.2990286888481024,0.6393970419754036,0.003160631962913802,0.08050083500512005,0.8460250709232428,0.0007364648594385403,103.46732723690737,15.355221317037074,63.43207781405766,0.01691146841680393,0.01594252343461235,0,0.0018359534934407756,0.004800189794878325,0.0028871097412051083,100.93060301465977,43.410221424375635,13.046857924810356
216.03228565712132,0.57673797709276,0.09295888380836267,0.07705865099071073,1.1999766736142243,0.012264104505915937,0.31558718127917945,0.6812589975317445,0.0035096905976972595,0.08011905416697268,0.8416227251334908,0.0007663466924210682,106.86069882431251,13.9725246941127,41.517411689281516,0.016238637811708857,0.01677257387946542,0,-3.5124133324653493e-05,-0.00028188693759700163,0.0014791297918855277,99.722751156507,43.07827936997059,13.079837442618505
216.61536403745455,0.5781223995543077,0.09340879206721492,0.07937335982750295,1.2112264195074953,0.012431631473853365,0.318263109712422,0.6454111502855201,0.0031708942088387476,0.07997234729000323,0.8550760769768808,0.0006979058174174343,110.17821574653962,12.265784849979715,46.9475333588934,0.015954312424544387,0.018215482725225964,0,-0.00300195289667462,0.00807597270838593,0.00590612594539918,101.13578720274337,42.33128184127101,13.848214435958628
217.13908713356224,0.5759944368747791,0.09296655948190044,0.08071009442065306,1.1398611176548779,0.012296487681968005,0.30112879078390825,0.6410406610190501,0.0036661590996489076,0.07999956797318802,0.8366052805301667,0.0009415756126446284,103.52096939787155,14.289369752438237,75.33244870872286,0.01477655656557965,0.01908306649865959,0,0.0038653784081594572,0.006531299369210891,0.0019532933393066956,100.11150639799507,42.232172711033066,14.394267127837715
217.81643567119488,0.5771343035422922,0.09344690748285031,0.08238961871631567,1.1745870825098834,0.012426091254850032,0.30171888039976524,0.6380413104878464,0.003273703765467845,0.07991279983358376,0.8669320721758773,0.00041477551050376327,110.36659515857201,13.492016040130089,58.80090383570006,0.016690310446969024,0.020183680257538993,0,0.0005005783798627142,0.00045688969168650477,0.006080253185957014,101.16857437613956,43.76814985787881,13.916766248606251
218.42046297537246,0.5801905177116913,0.09359649028626864,0.08525881331441676,1.1765284662031812,0.012221704543791151,0.33506880908328857,0.6308237526142598,0.0035322136454959273,0.08010929063743195,0.8447097900884937,0.0008270980861612553,103.74290503370041,14.302537620842342,43.26637057884899,0.013816947650932498,0.018445530315157395,0,0.002157042136363081,0.0060743827524732865,0.0017165243075116542,99.87264813008268,42.89989475511968,13.914578727919285
219.02798176685735,0.5771320437837651,0.09381379912037775,0.08654722897481959,1.1735702380923378,0.012456397033561576,0.34009053599332334,0.6275059111481243,0.0034599447724205697,0.07970630582862408,0.8563547877830312,0.0009882802283516976,95.18111967830724,13.96865650452171,62.822138994133596,0.013379311566565882,0.017076353836900007,0,-0.003766121076239972,0.00036399651141074156,-0.003294787405492485,100.03055418033534,42.405401018894544,14.29331683994615
219.63200907103493,0.5772405733964537,0.09064415234597974,0.08611855689401748,1.150272821061702,0.01226728469662208,0.3398655082531625,0.6229044592856244,0.0035088843401107363,0.08009449975916935,0.8457155440812755,0.0008876824689077267,93.35140023515142,13.409148153727951,62.76048229370038,0.012525993194807334,0.01856216269940507,0,0.005853669411814092,0.0031324093876268317,-0.0012975257639419803,92.46777296257144,42.73847790864117,20.07314287981439
220.0928853956097,0.576814826572268,0.08667865417225257,0.08687456603518269,1.1652203650041804,0.01229774648404941,0.3362670229155825,0.6122672134721773,-0.00014056172324561074,0.08004187920709156,0.800224488278882,0.0011463050211763337,-57.80612851534169,14.425650492729217,58.817346195564085,0.012714447449292404,0.018962642150678853,0,0.003568847531992426,0.0020993237563630045,0.006495044124957147,85.77357321776083,49.980552674739556,22.411530773470773
220.80165731900885,0.5805467662288835,0.08644302645297508,0.08696084480280358,1.1571883814632782,0.012014429752615546,0.3359737328638307,0.6154071983531411,-0.00020991390066667302,0.08054075281281678,0.8083805226848683,0.0012965564098210952,-59.89787920483841,14.660146503914987,49.51886907324522,0.012615164581009405,0.019026925459329148,0,0.007910487710143622,0.010117096733257714,0.004420759744356189,86.18838727861358,49.281384440163194,19.84396553883158
221.4161590851085,0.5801911249668211,0.08326761900168961,0.08733395729559097,1.1098422979806373,0.011763756275167871,0.3278577645134729,0.6128517123785349,-0.00017683268024442552,0.07962554153871286,0.7664991038853088,0.0013844409260345494,-61.38210948682958,14.472211138742505,42.99659964012673,0.01198241894573386,0.016817588380243578,0,0.008227733610094991,0.0045510229543613105,0.005423742195695208,86.0269858215088,49.99534386956385,21.367321935491177
222.01669490197872,0.5796483663261961,0.08284221016803027,0.08676934045950296,1.2172170036095944,0.011539822463972383,0.32780564090014574,0.6007394100475011,1.717216678205448e-05,0.0797287296439904,0.767022229149411,0.0010520792708877962,74.97414543740096,15.143869350396118,65.26427086479005,0.010478609192176965,0.01865219728152365,0,0.0019386125696525549,0.006641865658429083,0.0069391079149282685,85.22792827752956,50.051572077473125,21.52457994814801
222.39028404386883,0.5863396196577191,0.08307282265522505,0.0871306634733714,1.4078026089485811,0.011720184579319075,0.3276958038113544,0.6085280692787818,8.945013457628891e-05,0.07998538284342221,0.7680680733284043,0.0018788010942558154,67.62309646963406,13.235210880991803,54.73591669924425,0.010194888267820681,0.014985051499235843,0,-0.00010408124647320492,0.0014793877401630979,0.0013833082472771109,85.516610609839,49.60956473905414,21.56411145239518
223.12698786572705,0.5875706506338809,0.08337133865193005,0.08667073033547001,1.4093325403710386,0.011645806188148554,0.3083431567108673,0.6027323054134311,8.676290770661718e-05,0.07931958407867935,0.7591540927667523,0.001947428054593285,67.807229537633,14.281615913136374,48.26476288163984,0.01096693813941783,0.013092526201611684,0,0.004054350777765121,0.000980191349289602,-0.000481784486222955,86.20124659836361,49.46498718632617,29.60364144041362
223.74847260644148,0.5841135552961647,0.08399452467794698,0.08626997697905132,1.5281139106191233,0.01170811173539683,0.30763278204234323,0.6080274636264164,0.0028856105434018372,0.082891487641235,0.7669609224086872,0.00216017435584459,72.70956553814692,13.299568006121104,51.721241151539296,0.01426900951780186,0.012434466789856078,0,0.007412735153113995,0.0056150533234870115,0.0014888497666009672,86.00318771041451,57.47129180968873,34.84691942671821
224.36297437254123,0.5868951764527093,0.08367888482366706,0.08624108891022657,1.7173894761514155,0.011595714425993503,0.3079299871798074,0.6096926608471918,0.003395359057390912,0.07981240096753649,0.7791184757547798,0.002051457136739583,74.14550657765061,14.392105768990046,65.9132231576406,0.015027060487806792,0.011761436748942878,0,0.008134826569820792,0.00732930686656195,0.0006718583891711077,85.76845775766107,63.85353234201251,42.42929751619439
224.86225705749726,0.5867333465440635,0.08268828281575022,0.0855207269920218,1.7792992104399667,0.01164010578644508,0.3090476437548463,0.6099560139471105,0.003417827300476528,0.08004057130720497,0.7624480358369752,0.00195915308042861,81.55501605571729,13.822474288351696,52.30413107151276,0.01413855406934941,0.011152501727569163,0,0.0020241223433318193,0.002082487452766782,0.0006272613418067457,86.33701471980176,65.1542272110039,42.49303320700254
225.55706303166681,0.5873792849674244,0.08635801195369752,0.08639421936584527,1.811155132641887,0.011853556230080739,0.30798741121579654,0.6145865094249305,0.003422033082643523,0.0800042644718367,0.748483306623793,0.0015739990301609846,85.09559193008907,14.27188865904162,57.348068381494876,0.011642173177760647,0.012215325966740319,0,0.004560113978938943,0.0056126206977189525,-0.0005380784207785322,86.22568543586648,64.10680148584761,49.66234515382292
226.18553074699605,0.5929313698568547,0.08633909758585341,0.08550188191828656,1.897796066870545,0.011953443836446922,0.30193088255548356,0.6160564789483545,0.0034943255143875746,0.07989664783904073,0.7399658471697259,0.00023755014396798085,89.8053601993992,13.620319590642627,74.49440598340806,0.013925728980444503,0.011045577519936832,0,0.005195855241404609,-0.0004710143990649422,0.004272628989902627,85.29247924417861,71.71958607951463,50.762836925820025
226.793049538481,0.5864218337550826,0.08625561284053535,0.08611321504996126,2.4882719531795234,0.013696268609826045,0.30141881871854237,0.6711670808635484,0.006472129647566847,0.07660485940081373,0.7435864601467501,0.00041350104190548736,100.01202546005585,13.17189502603265,53.254977284985365,0.013562507724097634,0.010762532091383399,0,0.010939731559822138,7.767558213634968e-05,-0.0029192338320019173,85.86042238232551,71.42236447278532,49.41746402818504
227.2888407361296,0.5841646125226656,0.08627262106500892,0.08667296724311986,2.658741288047484,0.013630852169797534,0.28857978701674614,0.6706731965700151,0.007100509640478061,0.07680242575845857,0.6756330181320018,-7.548945523335617e-05,104.32458885069003,13.835597414360757,60.91276285700414,0.013534400709783111,0.00763576552405364,0,0.008668533598835279,0.008822215113511648,0.008793382154901462,86.92931202629367,71.8356559943289,49.974889338998175
227.9557148118401,0.5810854921927852,0.08697841165809768,0.08582746418572047,2.654360435316521,0.01429479172096415,0.2993925686526724,0.6718928277561458,0.006478257557662189,0.07668468561159854,0.688724160488024,0.00015692400018708637,101.8724327705633,14.755065056442904,55.92445370618273,0.011164607484229077,0.006427190765081597,0,0.012529234591776049,0.0009817589130459757,0.00475435348025912,84.96765575133604,71.35227992694433,49.55812525465893
228.5667250906324,0.5962596553098446,0.09031985284846318,0.08593345340398569,2.680970591974239,0.015071807330360952,0.2992786724400977,0.6728767013709535,0.006441781788106414,0.07643000572061458,0.684454945132273,-0.00013960629832961374,100.32841304096118,15.228265678195392,55.372913756696164,0.011502269591648651,0.006292372661388396,0,0.0009917948679549118,0.008197400266346825,0.0012725020862550244,93.52078919401823,70.58380455867824,57.102503311558564
229.19170131865428,0.5839402669579729,0.09021627167632737,0.08806218754118467,2.683124291475794,0.014537808830732924,0.2975463603957611,0.6814613431933298,0.006630197224080177,0.07683479176963999,0.707241370553832,-4.7322116506665364e-05,111.06375344999219,13.848533223195822,53.972992010173584,0.011086949548079006,0.013949926280277821,0,0.007299981971967599,0.01927325864162663,0.0024626828856041754,93.36241153633105,71.90480893520753,56.95229222301658
229.78874564821706,0.5808376132712554,0.0898738884139335,0.08842288752734308,2.669309554791093,0.014378529795759681,0.2890997158652159,0.6719490774343276,0.0034230073650006183,0.07664396464441206,0.6395715366436754,-0.0009957128349602905,111.62875363945217,14.009492433656932,57.65761850879728,0.011244854430634261,0.014732837491664333,0,0.013658286541213148,0.005214569723706444,0.003454099116929945,92.89126895243973,71.16719820809678,51.6662890212964
230.14836884087768,0.5832822525020915,0.08936176670453293,0.0892059527623858,2.671304155783833,0.014416595005425633,0.30210020747129895,0.6701174389925268,0.0031544489090042207,0.07634191011118971,0.6504452035279413,-0.00011452144165475573,108.34373390271482,14.343404086666617,65.9171966655318,0.011788103392728006,0.012204725898180417,0,0.010444000319241996,0.003165126617588357,0.004281968760350673,92.28694604932716,71.67498410940007,48.99196188255772
230.87459820081367,0.5814984957954366,0.08959597823595246,0.08890548439131636,1.5209622901060185,0.014330173888890024,0.3085793040822119,0.7093141376530604,6.508671534045471e-05,0.07685324537523072,0.6711477759046606,3.723551734740411e-05,108.17689392522752,13.909695083186064,55.323083354714214,0.010823604287806595,0.01731022669133842,0,0.00368740442248094,0.0026785212271316873,0.004707851374671549,93.28148549056971,71.19061764933339,49.72980129953474
231.49957442883553,0.5807332861719522,0.09019889108234914,0.08868682910119419,1.466086747290893,0.014025010159245415,0.30389322394111057,0.6782932732654259,0.00285998089498548,0.07650222649087333,0.646717964727112,-3.0348437517075522e-05,109.64700909399923,15.712692026828757,49.29441616489615,0.010918786752865351,0.017608001388869664,0,0.008714572954402387,0.006789041272567593,0.002010883334327143,93.055087804279,70.89643260626575,50.084067232425284
232.1070932203205,0.5711865011358832,0.0895415855776343,0.08928314704339398,1.4349761768118048,0.013904810239518959,0.2896148175045394,0.6831055932409157,0.003663946152246621,0.07638783501988353,0.6730400986065527,-0.001032528055864779,110.7380537847809,15.134029490397378,42.54030913092478,0.011070703607897546,0.013190698272935033,0,0.010841584089467568,0.005818545597642151,0.0019474449334112745,92.9406218812298,65.0234827348125,50.051334741717504
232.67620565142417,0.5699462080469787,0.08624699548538228,0.08944998679923802,1.4551987450553436,0.013994323375240834,0.30298131987682997,0.6639978732149316,-0.0003308612738374987,0.07660278340185324,0.688329401168667,-0.0011805479853993083,108.20161721425069,13.628637514279655,81.13423634737859,0.011445610501017674,0.0156727239239641,0,0.011805140709498245,0.006885910788905692,0.004958397824902724,92.54658802967475,64.03258975381343,42.14978630185948
233.33609675251995,0.5784591349522539,0.08645094348542243,0.08954409666847707,1.4344695515297399,0.014171244006329709,0.3065108539238235,0.7162993721298245,-6.243334060694574e-05,0.07693125844221342,0.7244701636225378,-0.0013811532735635132,113.84866294504381,13.645377141449453,60.40429348899929,0.011514804232686254,0.015891663774741216,0,0.010899449772534396,0.0050310185397248516,0.002856796134375455,98.93082515878507,63.12033406298757,42.88320956168067
233.92964959477527,0.5813388154154508,0.08663443245828904,0.0903644459920241,1.4102972913197096,0.014276145040097747,0.30253637876032546,0.7263321212948666,-0.00025462557567657783,0.07686472005541314,0.797294803472077,-0.0011585483535312678,115.84475539235268,13.281470253340274,61.034231476394005,0.010890169774263918,0.018568784253173272,0,0.007065270228915227,0.0038875853893576193,0.005002287145493879,100.21410088249607,70.56561248222265,35.39889297706976
234.43242376703873,0.5798400864204023,0.07665738816446849,0.08933044845924207,1.4121298323466362,0.01438140462769201,0.30763549039404425,0.7231380979645925,0.00023078985973013205,0.0766134160797032,0.8417480364174145,-0.0018831856900383061,116.9301617741826,12.474433616846666,69.03069545633916,0.012149573756386582,0.01839713427741605,0,0.015280637112163844,0.0052339023636699565,0.0010223080272555806,99.94181254827724,64.34887709943162,28.149804444951883
234.83045332008058,0.5806734244442439,0.07313077794717084,0.08920660273400065,1.3821618280119803,0.014034126824357469,0.3071821479558073,0.7351617105043708,-0.0001905169899466439,0.07622213753241287,0.8849876524147297,-0.0024099321178552326,118.15098603293691,14.845415888659648,54.72831665964361,0.01331925237052801,0.01610727204947724,0,0.00270240663856204,0.004359082177178391,0.0037245835302905077,99.90936350696768,64.22642620662599,29.020500797953122
235.5741401165535,0.5824375582932152,0.07315777869526167,0.08820744034275446,1.3949629020449068,0.01405678268481654,0.30417748195777417,0.7371288486835675,0.003131317449405774,0.07693670791395085,0.8804204233530656,-0.002840867895939429,114.48846860980731,15.0025111620992,47.409710880934405,0.013524870756465253,0.015612622619772032,0,0.013866869477916089,0.0062302938578633164,0.0032811069550838425,99.55053890207871,64.74069338378312,27.971206362218133
236.20609931919012,0.5847038083022983,0.07358914397049347,0.08632777638941543,1.3185718774660837,0.014445824303895387,0.30551684550574515,0.7298691157519608,0.0030350333148709083,0.07663747789301883,0.8873833462031739,-0.002533137510817813,113.9638122659999,13.767412500257445,62.266772429685915,0.013648288063785761,0.015174938883696929,0,0.002510595154859464,0.005511828904540264,0.0022457322576547208,100.87512537993696,71.91087037461573,29.824136239817502
236.8171095979825,0.5677862880689728,0.07334571707307111,0.08597173671560421,1.3756754746517157,0.0141646749658913,0.3066962165555678,0.7244303667165078,0.003478702472484897,0.07726014269560762,0.8821306782117748,-0.002674934260712799,111.62421127648607,14.400884463305266,60.2472688056041,0.013237065250864025,0.01512840352823892,0,0.006763501983570724,0.003642112219884394,0.0017424296251895574,99.5713766827308,70.14182522102342,29.01632980448889
237.30242633370892,0.5827637445389018,0.07680077803259515,0.08622747045115607,1.3022587149620788,0.01409126708814108,0.3052174188127881,0.7242378259823241,0.003331621869954369,0.07668500439961794,0.9186799211811205,-0.0023762415028017814,115.97987054569971,13.025115312158542,58.469620387279704,0.011778801262523512,0.01565087438166284,0,0.011649075684127616,0.002723187102109298,0.006768252649661131,100.16363190488282,70.79383197145806,28.54897614960883
238.01119825710805,0.584925792154196,0.07969965516681986,0.08532107586038654,1.281569027819064,0.014421055140417903,0.3085299241852219,0.7389528135132376,0.0031668248323913485,0.07634003727650866,0.9164467975997759,-0.0020199958828691863,109.5596732342945,13.767175949995647,65.68492228297657,0.011784176697747778,0.012717117007276612,0,0.01287672396617115,0.0005119159522873787,0.0049999921224644205,100.2555569848628,72.10399623416417,28.054041251311105
238.6257000232077,0.5814889768786248,0.08390406896774501,0.08180823907370333,1.1759063822001852,0.014254485562101455,0.31065069342060453,0.7356178616167558,0.003544907125485473,0.07685385650920337,0.9154882624788473,-0.002265699165804596,102.65240673858355,14.966440989764351,49.72770247007695,0.012632834115256833,0.011695816804829114,0,0.012777091797846831,-0.00043122941993833626,0.004307452199239884,99.17230568578681,72.33264960971363,28.63472845701937
239.20877840354098,0.582573302541205,0.08309520951785888,0.079199711825648,1.0963366191902937,0.014449163601317644,0.3152917879546377,0.7280123861224996,0.003571557395404076,0.07649970146147536,0.9168490495686028,-0.0016888251653712294,92.25762856518308,15.173622709650182,64.94960435158679,0.012248477664563785,0.01202631469709598,0,0.008719321221621158,-0.0036438533496453616,0.004464907298611492,99.85109026307111,72.04710345432011,36.97055618532586
239.72901001234132,0.5829310493501365,0.08317357441835407,0.07977634802215179,1.1414791350820583,0.014532883215839572,0.3100074783223382,0.7275207340668329,0.0035384761795799243,0.07987785696827157,0.9066966158804202,-0.0023993550983318545,95.10721331787933,12.852009953184144,58.451309503449046,0.010640166516786564,0.012912771769224464,0,0.010241084254521597,0.0037839543387899236,-0.0004728477397672867,99.81058882939472,78.96052736204501,36.54835441651685
240.42381598651087,0.5749202607373697,0.08344110305502765,0.07898058285928514,1.1508856974255635,0.014523676120801368,0.3112689127256631,0.7329470664591863,0.006721589297055707,0.0798109902207203,0.9128926369982517,-0.0020997940035011996,81.30373668688962,14.475816012823277,50.89930507016781,0.011005779680683283,0.010249809880839575,0,0.004866655209940623,0.002641969157521192,0.0011443568346975151,99.32220037615303,79.22342629535163,36.71342441588118
241.0103858541515,0.5768622770085177,0.08331066312297647,0.07985740150673622,1.128783896758457,0.014388081071530941,0.30998982935131913,0.7296150675855936,0.006801102486799482,0.08005601317434992,0.921699775065157,-0.0022293843695419284,80.04207330837471,13.95018303600226,58.782575269338814,0.008400356158399045,0.008407519505068278,0,0.007750384409732625,0.0017156630504582434,-0.003407506471149762,99.61245258479946,79.52047816026517,41.00217938756923
241.4922111025706,0.57739638701447,0.0836874909036019,0.08024426690730291,1.131421400158109,0.014106686669588213,0.3115203138468779,0.7275039159076077,0.006854215301089814,0.07985001867309421,0.9119075858289267,-0.001673630279960703,83.34298171688904,13.15801160592517,54.262993624797694,0.008412204982841296,0.008359413015559388,0,0.009550329368348875,0.0014864286788613666,0.0009718623183067113,100.44734266482205,78.55677847754176,42.60233126815192
242.18701707674015,0.5769967064206128,0.0835283926581568,0.07920708934742823,1.1374579005897851,0.014244489504148866,0.31019674817329496,0.7283736429615909,0.006476397975941502,0.08049566700945725,0.8586336351960833,-0.00190985157251042,79.40416578724813,13.68617434147247,60.82587862766006,0.009239431043575006,0.008221510084664894,0,0.00465578420733965,0.000167592783931041,-0.00021580249925247505,100.25756154371844,78.38242136592078,50.68406444408236
242.81897627937678,0.5752430528279043,0.08369877527854137,0.07872998486928479,1.0962447182797652,0.014075823077801919,0.28856466635192674,0.7144762101636233,0.010056120661716565,0.07994425747066189,0.8384996123699041,-0.0015801228554388571,80.20519381740249,14.277476833948223,65.82763207587088,0.008324529675234586,0.00983269463164647,0,0.01214797142313679,-0.0016128071213691183,0.0013533107724168507,99.96865543990289,78.4676595511958,49.48135317781027
243.42300358355436,0.5755570424227487,0.08348305823099933,0.0800415054829997,0.9514088814122693,0.014213610458687237,0.29015159709513155,0.724940739493176,0.009903508380022862,0.08024307019954253,0.8433936437785922,-0.0018879724069607302,83.21455637814017,12.8477482041438,54.73424007501475,0.008298825506565645,0.009409974041067332,0,0.008634987434425805,0.006982266328120164,0.004877289789481064,100.39057171246486,79.60039943029383,49.18021495769787
243.92577775581776,0.57763190176241,0.08030411975986797,0.08025341470165709,0.9378657630954692,0.014085483981662051,0.28962994326326436,0.7181143117071573,0.0101891656322003,0.07941670345901357,0.8468540104227607,-0.0015712809995986927,76.42957877531776,14.361059261081447,62.10966842757439,0.009071213058197369,0.010424949643179133,0,-0.0023354903670373467,0.004634847424045439,-0.00014494705020416492,99.87302492637234,78.54506430832176,50.9072722029002
244.6205837299873,0.5804757619752787,0.08008691060257474,0.08096860999274519,0.9386140303688486,0.014132424451002804,0.29019031428919,0.7102525021524202,0.00993831340239372,0.08334916298293356,0.8385147043784804,-0.001791315351456451,86.77287341357683,14.257733778325337,55.92826534194775,0.008864797615449829,0.011138896195100816,0,9.705327824941889e-05,0.001208744627398743,0.0034255455541762243,100.47945034551796,77.88338097941987,50.15985301797209
245.23857698339438,0.580323723317983,0.08013337855781134,0.08250725345872544,0.8932841310315858,0.013999747342141487,0.29352644168344394,0.7109461043981954,0.009897464431717155,0.08320284907757063,0.8479670903350113,-0.0011699491279196265,105.08461802052358,14.073048972660139,53.77849577685994,0.010302031720221238,0.011473886616359211,0,-0.0013973799194033718,0.006641112199293355,0.003978159569471548,100.19901158122393,78.91262224161989,50.68931671743283
245.84260428757196,0.5785198976161673,0.0795289733513292,0.08174851464194231,0.934652409939992,0.014107783488068668,0.29181435231368,0.7155820072880726,0.010202555808995858,0.08288365950306047,0.839918560985405,-0.0009336205513176853,103.96150040970298,13.0797849970389,54.88809756334344,0.008980931467470666,0.011897549612634506,0,0.006016101446386682,0.0019721723015429455,0.0018310171867076423,99.81027647688505,77.99883251778456,48.88301758545515
246.3523614344501,0.580530503888708,0.07999583600924719,0.081427732546043,0.8923070150796081,0.013523343398476747,0.2928140799476265,0.7142331022531571,0.00984001163558365,0.08026796401743652,0.8461809181123073,-0.0012167626952548037,103.50453944988794,14.05435192493421,56.68474827990352,0.01016297824559512,0.009171008136899556,0,0.001764138101984608,0.005245128416169581,0.0061672570510216814,100.0040841045204,77.98466852938022,49.595292923746975
247.05065889592706,0.5794197914017943,0.08018810244696009,0.08171891983766044,0.8908223586976834,0.013303425428450415,0.2940148653663593,0.7177395733649856,0.010151945619383464,0.07937932932323875,0.8378639010133465,-0.0011665679680562925,101.73536607255363,15.432073566611955,56.32157047799486,0.010398981538527913,0.011569760601555559,0,0.004644062880910231,0.005115961590739021,0.002127329914841542,100.12544691965462,79.50256707799538,49.06777211587116
247.65817768741198,0.5818480030371062,0.0795064634281515,0.08206400671340236,0.9572983905101748,0.01316682428532847,0.29558274996734346,0.7066266328629204,0.010183756267809155,0.07604032487289127,0.8381502156733717,-0.0011028463904067586,103.40644377871486,15.767200894774655,54.30364827120559,0.009982530604586336,0.010367960312246852,0,0.0038935211096853203,0.005817970559565679,0.004417200471151642,100.33389554512921,78.11307948957017,50.540656572911494
248.11905401198678,0.5776992236468211,0.08596410428892994,0.08234166603975164,1.054615307695555,0.012957349784192329,0.29511072135828226,0.6787043875176917,0.009880672241105283,0.07644413737770638,0.8099642041605958,-0.0010517786133817774,106.03997809136499,14.268095761833367,78.56939465495104,0.009513904617281528,0.01145974323813029,0,0.004690147284499105,0.0023493067455882576,0.0026434012167250785,100.25888665472361,78.6221549078,42.444596559981214
248.84528337192273,0.578043404784524,0.0796844693171888,0.08244929094638737,1.018233317263477,0.01309391963816581,0.2990990059794834,0.7237958637729436,0.006468476871947948,0.07681545110534825,0.8366468552511095,-0.0005243321724053105,100.74552968128114,13.407874027263748,73.14424496623458,0.00994271614469363,0.010523807976734214,0,0.0024264009688983812,0.006737284432744645,0.00045651527802384895,100.01642861151228,79.85551664056104,42.9218573871407
249.45978513802248,0.5796687218608627,0.08018717091286057,0.08202826961670073,1.17607138123925,0.01364883717204244,0.30056063799712907,0.7253059529248275,0.006248970304933103,0.07591436376462056,0.8606638521639675,-0.00043576652723414407,100.92926521864527,14.410589813008542,66.08895143025488,0.00918613138704919,0.00823227622186341,0,0.006162414732135626,0.009468034736029543,0.001315574573954153,99.25366262084061,79.42143041203254,42.89710671918193
250.04984649297052,0.580285088038547,0.08688717555130947,0.0820585596690078,1.2458459071252386,0.01346775608347742,0.2949878667735197,0.6727597426206263,0.0065140149607242495,0.07663148859177946,0.8474731512196075,-0.0013738138595982853,99.37414462863792,14.589853375294377,67.99618769029114,0.008973570946003397,0.010952665162917988,0,0.0015963372830177448,0.00330684317414947,-0.0007255687050457087,100.85365594556511,77.84336607102226,43.487622640541574
250.62594189868898,0.5792804313775487,0.08711822787716876,0.08239269057534432,1.8879283471161963,0.013475686007690597,0.29320478171476116,0.6773374181950249,0.006788297522092766,0.07758580934064702,0.83982594551838,-0.0012706968782776513,98.86296009209035,13.129477694783933,82.5476111771201,0.008660974547852526,0.008724897144792331,0,0.007810082632323271,0.0061073343369758,0.00212068045469765,99.60825006491604,80.12342673498605,42.99897413153848
251.25440961401821,0.5761342236221544,0.08617486332687181,0.08247552472187483,1.8827181181661914,0.013957906284184193,0.3039496701363716,0.725858456846166,0.0029804731640062296,0.075942783240458,0.8714708701332989,-0.0013057659751527899,103.7012428979631,15.02467441264344,79.60609610097862,0.008485185307335828,0.007099318696915151,0,-0.0015563599245558037,0.0048172945564293355,-0.003847633129454647,100.45235955919432,70.96153428111298,35.10193608613811
251.86541989281056,0.5746721074056105,0.08678826544185005,0.08290740649307654,1.9235632935892786,0.014219552004423387,0.3079861122863473,0.7434050742088556,0.003206042333472534,0.07633020718601619,0.905184133158282,-0.0011600916413629972,100.82831123311117,13.106215696373328,64.97716435321284,0.009487837260917962,0.007816491039426655,0,0.006636829716228943,0.00010754827932842829,0.0060631058510541465,100.27713290678916,64.38159602816856,34.630389364393196
252.46595570968074,0.5740393195106174,0.0863300189755686,0.08292674752969398,1.923055215008647,0.013911409128152669,0.29327671387566917,0.7177873158831037,0.003458774549567466,0.07700190397799783,0.8900182496700154,-0.0020938411227486254,104.63762985250912,13.823373324203997,58.74358117788152,0.009428550905877194,0.007784433551886674,0,0.00391156266936301,0.002382053503829881,0.0031785345223342334,100.3633725390024,65.54899458920121,35.260749771213426
253.00713624232534,0.5730122341814616,0.08358899012140543,0.0841614565634365,1.9091398189078623,0.014250500961830377,0.30667675012752577,0.7516826640068249,0.003084748221692811,0.07741604738453184,0.896094875908462,-0.0006904086878910297,103.1130534462027,13.23294792039322,60.35885422323337,0.010135141885651427,0.008672060015938907,0,0.007751739200902072,0.003726923259242668,0.00177975140223686,100.27856111877261,64.51291988054565,36.39233463631224
253.70194221649493,0.5719941549850949,0.07946785324015927,0.083532978764547,1.9418449010002843,0.014970345038214393,0.3100491203823551,0.745527925953792,0.003481876493680517,0.07644551769025756,0.8990059527241799,-0.0019574791170283603,102.6955996576172,14.511123879123192,71.58216269695706,0.01069182160769356,0.00957557951570925,0,0.00765714548338307,-0.0037349811544945487,0.005735427482394088,100.31921666509183,57.66428065394525,35.15754752322212
254.28851208413556,0.5733552027632446,0.07951797662369016,0.08423764917362618,1.8879696728419653,0.014936178127176337,0.30748649112985804,0.7547829642238304,0.0034215785097720802,0.07689430456553631,0.9266794175754259,-0.0019682572458285435,113.8261182767246,13.454120369953522,66.90003932460769,0.01034987556586983,0.008927436425135406,0,0.005465962426874454,0.0042131676355832825,0.002938810414326994,98.8115650333897,56.720771466798844,36.563254036769415
254.8890479010057,0.5716982630994921,0.07637253266731715,0.08354460592717453,1.875771942932023,0.014978330723855342,0.3133136227849593,0.7686044037106541,0.003404689155972597,0.07690975303180646,0.9044882911153452,-0.0016636167231778212,113.30746765913747,13.831199336301939,50.3500779340554,0.010492431032217359,0.013381677859894733,0,0.0037334555208251895,0.0011567596581155025,0.0013025271734826674,100.36703647523524,57.377356925345566,41.86250738405162
255.29406042866233,0.5738710089373572,0.07309851524867492,0.08349234447210507,1.9078682090857022,0.01491182502508123,0.3091597925052667,0.7468398975603623,0.010316717039505098,0.07643058758601023,0.9082393790682016,-0.0015763236143667995,113.8905427835714,16.498323552971137,67.69800056635027,0.010222276538817235,0.015348229544968756,0,0.006575967832479153,0.0023326897042134993,0.0017373373712705582,100.4142060623358,56.78581828893197,42.21734978796057
256.02727276321315,0.5721155446007303,0.07076665572585084,0.08301456977695601,1.7188832091159298,0.014793190687025061,0.30978586835615973,0.7495627862593951,0.009988986344524702,0.07675446774845715,0.8724220338085036,-0.002073575941077342,114.5762442978415,14.580712433461484,73.2290346431294,0.010073053241627824,0.02482084084889408,0,0.007619057399399887,0.009667510792451012,0.003423139851730804,99.50512704965085,57.213312331535455,44.23634012007282
256.6278085800833,0.5733052671389539,0.06969775670612963,0.0813453540810689,1.7080874677869031,0.014948652771651095,0.3163692972648802,0.7680890711178746,0.010129173754047486,0.07971652569024962,0.915343792273818,-0.0016319469044181669,113.66845308396749,13.747207941014132,53.607583696635174,0.010442593153903452,0.009035635243810462,0,0.00735061980011326,0.005111987741827983,0.005428481917948727,100.14972110016848,58.11745134851627,42.124951098106514
257.26675075733465,0.572286391970649,0.07026119238828318,0.08127900053041201,1.6817997072086164,0.014821171433147089,0.3127524804263776,0.7530618847774757,0.010069557398377083,0.08005483412002914,0.8694093799276237,-0.0016806330194767544,115.08245774828033,14.773497027863751,57.277657423317635,0.010844262297149958,0.008908055323702941,0,0.001523975133867284,0.006285749751395229,0.0072365166206566234,99.32132623614683,56.73456863386229,43.673558102362115
257.804439802672,0.5733122238121096,0.0699263607846784,0.08003149231386483,1.6297961204862064,0.01413400461709398,0.313271163454665,0.7431535100350403,0.010313043371301735,0.08045233150291015,0.8252303286028382,-0.0015595618629820453,108.07325032139019,13.13301481870014,63.136341672136616,0.011024265257550393,0.014851295843817013,0,0.004782192216155105,0.006597746539106468,0.004183339088430283,100.68849311445047,56.34820335950243,42.177391539721775
258.485279827612,0.6112024942231556,0.07012034702374705,0.07820708765862978,1.6417695694715475,0.014390722057390642,0.31563658442662895,0.7494739494064618,0.009725236297066649,0.07945283822222216,0.8414700570488174,-0.0016320558046259569,107.63846360644656,14.718223599108464,50.58628409920287,0.011185272345629584,0.019191415112458872,0,0.006983743068439124,0.0023031286925725403,0.0044222320704335625,100.38095949285467,56.83739573598561,49.36566686111937
258.83442855835045,0.6193526164169215,0.07670558625801238,0.07769873755905293,1.6404035753880644,0.01440130225872561,0.3193295992619755,0.7550819273013639,0.00977887097937552,0.08310598104112679,0.8417207682294802,-0.001320899532592667,105.11146870300931,13.400833232477067,48.73564015886616,0.011262181113615497,0.020159164119664057,0,0.0036166995057752872,0.0043777954349794096,0.0005499309688695511,99.8280968634931,57.3296650658357,49.9668336656231
259.56764089290124,0.6091497074028441,0.07663785489325768,0.07699838157904218,1.66787071449652,0.014293741765454152,0.31264878358033876,0.7081297915745485,0.00969094289549429,0.08398676996949167,0.8270842996472971,-0.0014177703334161784,106.60480298901435,14.452536809510221,68.3799104769512,0.010847124803487622,0.01981459690850807,0,0.005039008889651107,0.0061898547731586455,-3.469992044251736e-05,100.27247609607929,63.93910819571639,49.85522806531392
260.22054901938213,0.6085641837407716,0.07636155053096705,0.07700018630005197,1.6739188536388556,0.01430309971840904,0.3129706135891699,0.7235533634054755,0.010195093644992893,0.08318705592248646,0.8201497604837701,-0.0013267645309437636,102.08506761850248,15.083529340187342,66.7655524401991,0.01120594559990495,0.024825224021427637,0,0.015946947312238124,0.0027245745514646058,0.0054221901805528265,99.75898230875781,70.70583707009794,57.968343341955816
260.69539129318645,0.6199214493402183,0.0833995064043017,0.07770088439975514,1.5698917346664865,0.014151134271000659,0.313857817847531,0.7154840614560019,0.010125769555239602,0.08371820742418577,0.815324546049055,-0.001132722084649087,99.355738662626,13.775107765449212,55.58316934333219,0.011624025778096929,0.019440297573114895,0,0.007864218525179635,-0.0030372269285584503,0.0020118707405690902,99.63629406969316,71.36675820470967,58.17782499485089
261.38670578004866,0.6183159911527456,0.08328125702617134,0.07760896103425581,1.4985386858951337,0.014205205333469452,0.31822956579981426,0.712557131466738,0.010015380350524319,0.08331697347132014,0.815770187344367,-0.0006602187148210079,98.65371369826367,15.03184250125222,64.568852475415,0.011005632747792671,0.01749224540340442,0,0.017767586873951344,0.009669717305661775,0.005850068157397407,98.75789885120976,77.84933103309851,56.99893471583017
262.0361224192222,0.6083755837068653,0.08363815370225798,0.07736041567192414,1.3867360845817476,0.014208604985790472,0.31873889601458955,0.7159677918956422,0.002986408372940069,0.0801660081782199,0.8180819575017351,-0.0006845429822545201,103.2630757582461,15.589271424523348,70.79527532640901,0.01103702461124184,0.01939960267991547,0,0.015000443895749317,0.004562467192408828,0.003278660001793046,99.6827723846146,78.87267751299424,57.99433615972579
262.64364121070713,0.6069217169160529,0.08328974732474395,0.07722462410350434,1.3156252359297034,0.014122489553465943,0.3158962909171239,0.7113972949780694,-1.084188958566654e-06,0.07968814864866841,0.7971459130188211,-0.0002657625371472133,99.08827510055035,14.903561650122624,64.09086832969456,0.011191651422846583,0.019532240139738755,0,0.010909593727057776,0.00529794511201163,-0.0032101854070157717,99.21394660794842,78.33923591829902,57.50137683508469
263.1499068702779,0.5840534058738983,0.08383569648159109,0.07886431001208617,1.3130104936469171,0.014265167772587099,0.31588873690160013,0.7212802518191899,9.914833063423851e-05,0.07991687065361235,0.815635791343598,-0.00042348320602020334,97.5189716876648,14.017385635638334,67.22615358507524,0.011647636314568196,0.019612391217803792,0,0.009743567153166164,0.005158777518484812,0.006565777604813111,100.02909124398299,77.98587500342252,57.645287137794064
263.7993235094515,0.5803823643426766,0.08326703216806591,0.07884428250518989,1.3296470541499033,0.014272138143154582,0.31352879968273456,0.6784184895727634,-0.00021978742150825185,0.07974078270749264,0.8240716057242734,-0.00017893747792836762,97.48532522513285,13.694130039844572,78.05791959046645,0.0107148625835607,0.022129833767050106,0,0.008517273601640386,0.010661704422252791,0.0028194413386647865,99.64954499176937,78.00414016499738,56.45350941594015
264.4347741993955,0.5805973170356311,0.08348485273016878,0.08077247358032971,1.280473397170284,0.013552136235935361,0.32456775168779706,0.684220280870033,-0.00024086842794842028,0.07998212247153476,0.7831573142550051,-0.0002467180913183528,95.48503644704849,14.219344496463274,59.95842339668495,0.010309308500660348,0.023338102006902735,0,0.014337077741169721,0.006483286710190657,0.002242615242029846,100.03376014339015,71.2340440495933,57.49230966916282
265.03880150357304,0.5789607160254517,0.08325455708650001,0.08037499166010595,1.2924655066609392,0.0136197269516166,0.32128966847370366,0.6726437996913812,-0.00023741793756795675,0.07983098016240808,0.8104900897274111,0.00041169045183447943,86.61850351298008,13.728005597901804,72.61922967773171,0.008409581036925741,0.01959705911855313,0,0.015833239643020587,0.00012976562221044333,0.0048102290882201665,100.37433421000894,72.53663040044873,49.36781378431493
265.64632029505793,0.5757151949081284,0.08355075579729998,0.08253209555908461,1.2961318712162195,0.01357255704500438,0.3236852635832364,0.6788723948581423,-0.0003406589570643696,0.07977100993598354,0.7860268103800646,-0.00048150843604677287,92.62882683962938,14.029919375016703,69.06587693179395,0.008840987463756294,0.014779961815950489,0,0.009880914770451516,0.00610710545569978,-0.0005787631463509404,99.29016680032744,63.53191975752901,43.35331856337259
266.2573305738503,0.5765684800513042,0.08314135233650322,0.08235949960211329,1.3165643941824576,0.01433319139751784,0.3422584988681409,0.6874805089786616,-2.6494804883810715e-05,0.07625044892634972,0.8193330417828731,0.0005128137706935096,92.88412821171632,13.530005583223426,58.00744882582079,0.008495325838806961,0.01600829059326061,0,0.016388419498271422,0.010076831951704574,0.006055241166256179,92.57206622048005,64.3544465051501,43.12909249337853
266.8159685430319,0.5809507990976466,0.0836676810655795,0.08287330534563407,1.5211742505666304,0.014242666765082434,0.3417192840235695,0.6957851835370679,-0.00033551000389687893,0.07647510586450752,0.8463317282734537,0.0003721303869524158,91.67272114523662,13.273117999329015,67.8297895735142,0.007756428599572252,0.013751714810713885,0,0.0062606059268378745,0.0011087649096220699,0.005926011814415353,85.13356873124197,57.186104725800924,42.060474420316076
267.161625786463,0.5815828489399041,0.08310814078285468,0.08275187912627131,1.824956714720316,0.01460887750452641,0.3397587520045932,0.7360851235045673,0.00010485871502678801,0.07598594556591705,0.8698157692748921,0.0008975732501001729,90.29970011346511,14.088911999053622,64.24913263391964,0.00829695333998484,0.011801595419154032,0,0.011900094441572487,0.008092291624795677,0.006315874598318519,85.52983705110942,57.49191562941448,35.90626828426739
267.53172344104576,0.5796143914225914,0.08327205330250448,0.08298887821093452,1.9168592465317265,0.01458685071778507,0.33818862801445493,0.7421845561375678,0.0002912151302641118,0.07641706362571817,0.8704548103965708,0.00034560093681414676,95.16506798397519,13.970076819074476,68.03844288516977,0.008261674600706325,0.014237959059274108,0,0.01412160542165174,0.01260356996081231,0.0022182194628197088,86.41454656014513,57.36918442597223,36.759235545202465
268.02751463869436,0.5813666263187646,0.08306670897374696,0.08328568989263783,1.87576529010738,0.014601814750625247,0.3397468074300641,0.7404495013077813,0.00023266285846817121,0.07646363139399301,0.8566243222750735,0.0005177638604614335,88.66895725879314,14.06219888074737,68.12461332503686,0.008691811219385916,0.012271639318020406,0,0.009677832416853637,0.006558230482165515,0.0018532258388418424,85.80799474906739,49.64932502319858,35.34730308553268
268.6734397905605,0.5594436050038717,0.08643695707463307,0.08218487149882149,1.874078936574632,0.014585232223283028,0.34481963870663657,0.7446060802805947,0.003523378485351047,0.08026193929902374,0.8637751514066029,0.00029151868364978505,92.99158929658553,13.27167877386828,71.58561179795049,0.008758308042601913,0.012363846158207717,0,0.010109932945927172,0.009424148295648999,0.004419476249718955,85.56953385234385,48.58307400845206,36.54943313705801
269.35427981550055,0.5598633355580879,0.08638643869654833,0.08271623357175738,1.9211288956208243,0.014393354432938592,0.3398591519762986,0.7362159891170094,0.0032752112754573844,0.07997274726469095,0.8604640629122859,-0.0010383229596140466,96.55608898576726,14.455453150429607,67.7363904273905,0.009423633468474895,0.010639543813111857,0,0.01672095710079645,0.010905831831367997,0.0024063272947619854,86.16812877264654,50.15545573827237,33.98474715378801
270.04908578967013,0.5885526273947282,0.08674141256322325,0.08248454230342461,1.8563600627865895,0.014687998378465166,0.3460538387463328,0.7454661875986046,4.102547923200823e-05,0.08023899353441084,0.8609220102054305,0.00039204144333685994,96.00037398532282,13.965594596989623,58.707677737356704,0.009063382397219407,0.009884085640004073,0,0.005811130336781184,0.007567971825756365,0.004626062564458194,85.57132657151345,49.338463712466485,35.536811410049516
270.63565565731074,0.5898916459415763,0.08692062294109743,0.08325352065383636,1.8898954984666223,0.014652615684466052,0.3444387617835928,0.7378742050687913,0.0029727134737841925,0.07995382163344021,0.8713743034424326,0.00019596309282464403,96.37494340228083,13.528226889691284,59.20176622538018,0.008312454447328324,0.010753083177392896,0,0.016743883600612238,0.008535777497111048,0.0015773705537166158,86.19637887238306,50.265596599756485,36.01146228852734
271.25714039802523,0.5943642287925118,0.08705659938360624,0.08308065130147052,1.868828944497122,0.01454973105656216,0.33591894816104473,0.7395863215592244,0.0031987002947787887,0.08002336506464731,0.898213037930647,-0.0010585641653081245,101.24999948691847,15.162138439729446,77.57180592892355,0.008140862378463514,0.011203989947868677,0,0.012650025856002778,0.009694464579353222,-0.0007687854139226957,85.31367192968277,50.45782784907729,35.68476219940186
271.808795392592,0.5935668497853243,0.08695167481283216,0.08337937005910877,1.8433327429579405,0.014450266851993328,0.3414667983979546,0.7434858477469384,0.003452135510794168,0.07642877722158123,0.8641481238236092,-0.0006802186929237778,105.70776520064526,15.62696027161758,70.9896318768239,0.007931182352382361,0.008618765994873446,0,0.01614948128017142,0.0040821515047394915,0.006831989181839412,84.94656894394748,50.301276433923945,36.362375701602765
272.4756694683025,0.5935478500986835,0.0859733551471445,0.08384240394568918,1.7310945262415525,0.014453229242357715,0.34010104926088514,0.7355889184972056,0.003007898529659145,0.07698158172897555,0.870417570197619,-0.0006088182207802915,97.8211866004584,14.265122107599458,71.19924215984565,0.008355807418485168,0.0089505981528024,0,0.00976984489144838,0.0078056866584492535,0.006776143273913063,86.59888010348173,50.5569164513577,35.56910196540947
273.0936627217096,0.594906276466478,0.08642342758793091,0.08504163949534271,1.5738006336600678,0.013864725881920939,0.3073134364436138,0.7105019940454017,0.0031519687836753687,0.07670720220574997,0.848255387869854,-0.0009568221136053635,102.91679389784801,13.748358333204495,69.06146408684715,0.00897660584910881,0.007024344194345757,0,0.013162221912421716,0.0010747911162394498,0.005420259449732345,85.26882308395165,49.99473341568494,35.298127733792214
273.63135176704685,0.5897167875855552,0.0862991821227048,0.08412410843566083,1.5242403136383655,0.013983397312458914,0.2867074385588408,0.6816552830253448,0.0034527704845482383,0.07675938732749815,0.850504902217572,-0.0013021136519907738,103.10144341759073,13.135446355293732,56.052305721120874,0.009547437466720066,0.010476863384274192,0,0.013629339529115166,0.002015062616352061,-0.0002199665430278868,86.06143477428522,49.81955528449241,36.781260678823834
274.31219179198683,0.590559581684381,0.08657231979940014,0.08449671265149716,1.4451264951809797,0.014077287714080908,0.2856354945762365,0.6937270196537174,0.003397300867547314,0.0772272112439079,0.8490219872386713,-0.0008422466383504361,102.71497116118873,14.197062195965778,74.78998346500117,0.010541150465437564,0.007478112673724564,0,0.00793853335576386,0.0016321975865443024,0.009597065532758865,92.97929754500245,57.96576033374011,35.745665914342965
274.66483201003274,0.5892965894489776,0.08303887462610254,0.0846293349339748,1.250532745199691,0.013253081522720044,0.2898930458679798,0.6810264179603432,0.0033348336554760946,0.07609814580185063,0.7789401429808345,-0.0009693535300148935,107.04557296329125,14.17512381498875,71.5850407179084,0.009519556377267735,0.010702801847901842,0,0.00014972311826174506,0.00663424263892939,0.002479979285339525,99.5155710752144,63.499585579424966,35.25149656306691
275.4015358318909,0.5897844931065742,0.08401907858863916,0.08495314725595197,1.2165441697642851,0.013309896273062225,0.3296247989623314,0.6776778466492652,0.0002872652293878965,0.07714491295047333,0.814905513481481,-0.0005059802625484774,92.66494677534584,12.939292001966397,81.04707249511613,0.009039646846704351,0.010588140315142339,0,0.007710421530680474,0.0032778062385579484,0.010050760545970304,100.32732462366253,63.847000810427936,35.42086761668761
276.05444395837185,0.5892947568580164,0.08238511796972894,0.08443939068721726,1.065340126400962,0.013126156856174714,0.35500439532785344,0.671686741429918,0.00672037677790425,0.07686026933716374,0.7909584297933807,-0.0006454811494314514,89.27598505930438,14.694756159165191,71.14952461000871,0.007700945593615855,0.013689096243485651,0,0.006555078365762837,0.006534819497612357,0.002585327893003094,100.43075911320287,65.07282594245213,35.73597964796109
276.6375223387051,0.5938853446268713,0.08287721128681307,0.08429140942508295,1.0411178044363476,0.01304052016735894,0.3258593122469386,0.675090900816581,0.009687147047988265,0.0763559426232215,0.7948346832155795,-0.0006415521582470992,91.30770746316769,13.213542835141743,61.27335385712219,0.009864696581605157,0.014101396708027554,0,0.008380892791823948,0.007183757540392171,0.005972897043064569,99.7985556617467,64.72522161095146,36.03658422173926
277.1961603078866,0.5953435652058761,0.07941365364078198,0.08467380075410294,1.0294783311478086,0.015281880529063041,0.35185974730748243,0.7956490364569686,0.010098752702585681,0.07663191876290541,0.8930366669045524,-0.0001901620571315363,93.68165294431846,14.110481251506148,60.58545432343954,0.009281401680150106,0.009284618738066411,0,0.004875474327143011,-0.0002563035137672434,0.000905299270506778,99.82758765198452,71.80746284582766,42.20756836992029
277.8525599216749,0.5933619005143732,0.0805520378784016,0.08317656346378721,0.9742318596426827,0.01520171786424979,0.36117706387791193,0.790445705605221,0.0067594126996209595,0.07598340075936172,0.8591742011411272,0.000990718238818874,89.66443044622427,14.64545947670786,65.33024764766454,0.009081403047403224,0.013735073735086572,0,0.010445282786226664,0.010991734287243766,0.0015886518509661478,99.40785152929327,72.53404138896491,42.35552438367391
278.47055317508205,0.5907959551763878,0.08360723165865949,0.08325724629829627,1.0059118270997902,0.015073880770839302,0.3603051001596782,0.7831936030379609,-0.0002074168622376317,0.07671742817832938,0.8893107812254785,0.0009105219212926009,91.7004014833304,14.001084335673701,96.25923703774305,0.00808679837703912,0.017735424194763674,0,0.008223830032808643,0.005940304130743727,0.00923441150248787,100.12423064186937,72.80184195945472,41.877853033460696
278.96634437273065,0.5906933396739215,0.08000474522451309,0.08306702687452946,1.0073790975056154,0.015120123212261537,0.32378904260044095,0.7414170338939233,-5.420005621682384e-06,0.07670402847234875,0.8732763572730026,-0.00033918606568286627,98.443302382109,12.648263080414424,76.28581264590662,0.007173282864244486,0.01471858321306174,0,0.003213369504109118,0.004082200268029962,0.0022813685520703,99.88824063130821,70.34923347105656,36.046630978183984
279.68908224535926,0.589196449465377,0.08334511314394386,0.08230914327615124,1.0009243844695943,0.014985615920356162,0.36107378036791526,0.7894088910790551,9.448258474697471e-06,0.07752509503916809,0.874073607488767,0.0008669842100926123,86.9962248539642,13.719036632832173,89.73760059133774,0.005130673675468366,0.018076737378763672,0,0.002577957313117587,0.009351051064604276,0.0016924912979031817,100.63948473796553,71.796527204077,34.34329537594495
280.31056698607375,0.5892503580086776,0.08023316948642646,0.08255141234284934,1.031231502139951,0.015262909096639975,0.35987337010119913,0.7947574130816955,0.00043925422302358466,0.07693377689840696,0.8691298277012796,0.0009034811995020281,91.10976899570113,13.428456314607939,65.22710882250175,0.006862190366161817,0.00981323200973612,0,0.008805142848394025,0.006617405104610072,0.010114710402597,99.58305580929228,71.78575406862232,34.426428792085375
280.89364536640704,0.5893878291723498,0.08022378518461747,0.0833585949534181,1.0558005529702104,0.015014732584018132,0.32568380496650107,0.7339912032785244,-5.713697454305544e-05,0.07650311958461407,0.8906913895755545,-0.0003826018618499656,94.96196577132011,12.614407410837465,74.74336778304418,0.006394407004125488,0.01427931497234226,0,0.005582838809999335,0.0027951841602617314,0.005555376888480797,100.25633120412449,70.44002166077571,34.590084719724835
281.41387697520736,0.5898196383946808,0.07942746872407531,0.08287732115608593,1.1835310080758163,0.01511136535702819,0.361906690181358,0.7715071443911399,-6.501059363264666e-05,0.07716138784232428,0.8953520554986358,-0.0003244852970953775,93.62236311217451,13.430696215785574,75.65866682461358,0.006349214895654206,0.012306603451854364,0,0.006999517950687311,0.002761627610368337,0.002246742307727232,100.30331986006068,71.23938948096152,34.3557588103661
282.0982084874547,0.5900322385632406,0.07961533613276613,0.08235806840609171,1.199972284618827,0.015193242164877737,0.3325491935414746,0.7352911756756063,-0.0002790851022428433,0.07677479048584217,0.8875449198944443,-0.00040890414247859265,91.4741730224171,15.381110624815205,64.80935673612422,0.00576576433245188,0.007823559326611345,0,0.0036896516679552948,0.00932872144007187,0.003935242255668334,100.97204260149968,72.07999644792201,37.016746255019754
282.71620174086183,0.5917947334417124,0.08027650596017524,0.08240514807211705,1.366459614076676,0.014284268646106775,0.3262883978714769,0.7229935134081238,-0.00023470463835246862,0.08063076413673761,0.8869225474808329,-0.0005001237419979618,102.57271896712112,14.860418481974436,75.31975731994385,0.006133689930347906,0.0061965383841291865,0,0.01213163301570032,0.002837578282481681,0.0065199740977821986,100.30282357558889,71.3857960294659,35.244912568944805
283.3202290450394,0.5751437744996969,0.07958565698697997,0.08243696470522756,1.4681726124756542,0.014363265362761146,0.33067473400996805,0.7366980912101804,0.00028045118423781134,0.08016250963268134,0.8805533932014324,0.00032858839734429293,95.86736923398864,14.961293838308615,66.55727131342594,0.0071760178006469826,0.0074501796544943375,0,0.0034642053867169125,0.005423802905591841,0.004877701886949181,100.08101182333083,71.78173154189346,36.15746095816307
283.84744362845447,0.5581624903959007,0.08000147475569858,0.08202837852290194,1.5072406865160781,0.013918209439421283,0.3283662275642998,0.7305059054495917,-0.0001623947882793747,0.07972659563606586,0.8685528625798795,0.0003294841638693791,97.54312727246125,15.492188443098465,79.62304727344814,0.0064142439932133545,0.008644621665423615,0,0.00801537546416075,0.0058718946911889,0.006075833332994593,99.86378806071129,69.97573793730623,28.26795823862444
284.53526662800925,0.5764703054386636,0.07999698961322191,0.08300303321722288,1.4978251625600079,0.013981219552569053,0.31693381654198255,0.7323608702060355,0.00019936847678267094,0.08318016960786782,0.8773380502535911,-0.0002133880927389722,94.79087163659334,14.665893070540134,70.34372553646655,0.007150927400598751,0.007051278227754082,0,0.0005415328888165494,0.004454346125651057,0.003052833534518636,100.7865463188867,71.93001721083749,29.043536172644625
285.1707173179533,0.5914363757452471,0.08041177045211871,0.08287684946623242,1.4800927760322267,0.01406532916153537,0.31419505830360506,0.7303058435507648,0.00019607800956500233,0.08364544512950656,0.8634004556115713,0.000323739169645584,95.49383450715503,14.078690801038652,97.04931028587481,0.008432611187231992,0.007235999003616952,0,-0.002255222751525324,0.0019147214479949951,0.002823025730221922,100.13918645055895,71.8976817433016,29.169458657630745
285.75030421097915,0.5797646610684039,0.08039464459835138,0.08232070921436682,1.4677423102536107,0.014078976770386834,0.3295371516789032,0.7398041290282391,4.6510512104057965e-05,0.0834359439744277,0.8855942307761039,0.00021685536087240938,92.82423556378068,13.579857643469383,68.4681823442469,0.008471122528555065,0.014413376617391732,0,-0.0073336448262462444,0.000747707041019004,0.0008268767750157949,100.7821501153672,72.43150040486944,29.01854243193924
286.31243366746804,0.5753427450553584,0.07935756104824215,0.0829522467153107,1.4539834297512544,0.014190709346028615,0.3193456308168592,0.7427962325759894,-0.00013613651880252172,0.07969053530480374,0.8834531450572423,0.00044678386206081474,94.8850861875558,15.57604530602079,64.63720547438324,0.008829950748906457,0.014413718970411023,0,-0.0011613835316295262,0.0096805668758249,0.0019069572889396117,99.80063193759848,71.1432130395817,28.429269044403334
286.7977504031945,0.5794556705794117,0.07999853164475079,0.08202456391784603,1.4426396503933874,0.014183757015730476,0.31902391784283735,0.7341578494946859,0.0003631391030170796,0.08320109673934314,0.8843662778813878,0.0003712544839061185,96.48979129369542,14.965138933730184,82.40520661920674,0.00858070909699282,0.013703288451082067,0,0.007847912851622021,0.0038128055585120585,0.00015757961484920164,99.93291558137561,71.37797303260636,29.096281652356254
287.5309627377453,0.580591147618221,0.08016485869768629,0.08157864023141717,1.4159178982259504,0.014007140108493318,0.33106209626421834,0.7367934976053304,0.0036985327013216093,0.0826316443053767,0.9174817086381873,0.00026787706967099236,92.31005031938801,14.44291169411084,70.57567747777523,0.008614551091296692,0.014306152427196248,0,0.012491470682479747,0.0013448719071523314,0.006551625284952571,99.51885141320689,70.626336691645,28.55022537750754
288.1559389657672,0.578036138598735,0.07937363042754181,0.08209279143946341,1.3427661239789077,0.014060412402482783,0.3284840659873916,0.7404808602234911,0.0036097310350208817,0.07952569867611543,0.8887788916227415,0.00023673840591865707,91.62367005134666,16.170115469333957,67.196994569194,0.008075292329345495,0.017916518807099626,0,-0.001190787875672014,0.0023244894250465014,-0.0008571038088594253,100.41620434598467,64.42731896571227,28.798436024759827
288.7634577572521,0.5701734914957288,0.08037740026937037,0.08226644684174234,1.1683370136135676,0.014060928443307153,0.3218977304221611,0.7449255763987401,0.0035849628804209025,0.07643674363956161,0.8863215724586372,9.79235056052104e-05,95.75422361270999,15.915976641904626,69.54922176430023,0.009733340229635977,0.01859691182543369,0,0.003855515949390408,0.003944062161078099,-0.00019894031041970718,100.4441893349866,64.4806603360751,29.04852710958108
289.3186042391263,0.5701933989777624,0.08069220286463827,0.08234448574774066,1.08311693733107,0.014394400798910783,0.3366565810906837,0.7476082965246805,0.0031307878449561666,0.07632021118803846,0.9177182309793845,0.000323021332934075,96.65425019541348,15.417391640809539,74.12205024590662,0.009220872756861254,0.018837053483551268,0,-0.0005679022062803122,0.002317919372747157,0.001833887436495547,100.65331731283808,64.24875807145881,27.062716393960475
289.99246128945157,0.5779737039661736,0.08020423407606635,0.08188071526895958,1.1155762704196543,0.014688889116739507,0.34298448089352784,0.7687151306852045,0.0034351315258387273,0.07626948352057049,0.9097840112242117,5.255877964555964e-05,99.87056780003033,15.1688343850923,71.73928154597219,0.008197490948872442,0.019247616930648772,0,-0.00011986630358170464,-0.0015865452673182717,0.0044056052670408945,99.90977467035293,64.16266606030662,27.910433809440676
290.58950561901435,0.5856605959231569,0.08046714368185268,0.08198461585375261,1.062946187613557,0.01496018115713861,0.3310975397675082,0.7427376879104731,0.002982114477118045,0.0770920901401892,0.9266416110156479,0.00044717619156126823,94.66689248086107,15.855515961210186,83.52798382732107,0.008815072249557703,0.020293739849705027,0,0.002723414174367501,0.00027268236105560534,0.006297963967159045,100.17574792315143,64.26420963601521,28.8148173390613
291.20400738511404,0.5818638595280503,0.08029936200270672,0.0815787854971469,1.0371298374676234,0.014808379642807092,0.3282236848598284,0.7320868407159865,0.003735303518851814,0.07675135937273325,0.9285898519004674,0.0006328716273919872,101.76180349933702,15.789902850899907,83.79919254115265,0.007086005678701698,0.018638330609742706,0,0.004042017343973989,0.004552807788167256,0.0021675412807136874,100.42587589247222,64.7932334696706,28.36212346831643
291.78010279083253,0.5800183388984255,0.07967245364742671,0.08158759504907269,1.006144968704982,0.014787488598990293,0.33962703305824843,0.7372449282618344,0.003571695979978288,0.07724208151995321,0.9135706687367542,0.0004378591118196688,97.124200938749,18.032842682383553,64.27968558966984,0.006810485477887854,0.022124343689791322,0,0.003993745829379118,0.004745301431422367,-0.00020914118015825977,99.66945624772539,55.92356543926671,28.700724712416605
292.3457237346288,0.583075621865164,0.07996484776346814,0.0809800384961606,1.0381755083589999,0.01484759575563871,0.32976180332335725,0.7299989041274888,0.0031659046512107192,0.07634228726567653,0.9123416960076053,-0.0016294263781466748,96.88269360058788,14.866734744803791,57.709001216363546,0.007186331364320052,0.01903005889620185,0,0.006419238483304406,0.0026984266848879557,-0.0005554120293423163,100.1699691631358,57.008729595998744,26.904467822098137
294.60471602250675,0.5882014231844431,0.08361433119265652,0.08225003174411577,0.8051703884216856,0.014740083200440353,0.3381634809425345,0.7273029980428514,0.003519469240613096,0.07702045400939,0.8695982767027216,0.0005527340126507544,91.51713144860858,15.982900722866662,79.40279817090222,0.007507537772917811,0.015609953435552411,0,0.007223520389746468,0.003056063337341708,0.0028480399312564857,100.535947620306,57.00140359438975,28.31536032674613
295.2192177886065,0.5809724248815279,0.08038277558315035,0.08196616687428089,0.5459481208201586,0.014799458486653712,0.34952437354518573,0.7585168370646199,0.0035040150836417394,0.07675089840416983,0.8904200411501401,0.0006054945678965794,94.97957090808868,16.825726155153557,66.58242951605202,0.008940662810363332,0.017290920723719905,0,0.16309075149895283,0.0021616638214549105,0.0007638657679698226,99.8056715717631,56.88823071805113,36.85212579511293
295.75341534663636,0.5857686821382725,0.08394037829354903,0.0819915208141069,0.5229103793339447,0.014941719965004392,0.3531299862610451,0.7337291052295918,1.948244392158822e-06,0.07697309746460743,0.8642910191118712,0.0004407623625805585,86.30705079558673,15.042386520844282,79.02195457528427,0.00851158195673665,0.015798202139678648,0,0.1467790524451068,0.004523361049171591,-0.0007974848022549797,99.71650368960012,57.3062645572084,28.207399169631255
296.4412383461911,0.5851933779066251,0.08340313934502823,0.0813788825642993,0.538628111237559,0.014786861274172884,0.3377517200855677,0.7385912962089457,0.0030643305370235815,0.07681305540013694,0.841363160336839,-0.001395093176289504,92.52412420243994,14.481336903125786,68.00039510578794,0.010845127728960522,0.01644990727686594,0,0.15727379898748511,0.004452073221615272,-0.0016541329775339227,99.97909119240951,57.10278372212462,34.10231822895544
297.0766890361351,0.5866548134474117,0.08356017536750086,0.08177050122517046,0.520709460368121,0.014898093785039647,0.33854049706700085,0.7354223039160351,0.0033615005400027946,0.07690883868096177,0.8110193930451636,-0.0014066995085603847,96.28214915582278,16.049254258495235,63.11149708156829,0.01664722923177054,0.014737215145508346,0,0.15578946021675166,-0.0018896047877641699,0.001024401935917261,99.75669931124172,56.63855439025005,35.372692242430794
297.68420782762007,0.6041467353560159,0.08353574997709087,0.09046871528300181,0.49221841767072183,0.015007157542225615,0.329975750286594,0.7292137379083202,0.0034765188168491092,0.0764620496870272,0.763656145099429,-0.0015052066726788293,96.57525618804897,16.755545838767482,73.48005819064194,0.01712211478774997,0.014739400710777763,0,0.1590636920853614,-0.0029533709442975875,0.002739296884012024,100.47057336230237,57.68609998015968,36.868555227418156
298.1939649744982,0.5867020541897524,0.08326404507659994,0.090538892270914,0.5352351710094508,0.014969727881753004,0.32861484468799546,0.7201719667507372,0.0033814991721525267,0.07684998547554334,0.5996211823267675,-0.0014071141123164624,95.9876346118601,14.742656392777905,72.54372862558344,0.02328512895943069,0.013439925751590255,0,0.16013796363213184,0.0036511683539405017,0.0002548175177298634,100.12222743480365,56.84748192649749,35.979162735809375
298.8643305375161,0.6044394074037909,0.08338137714426089,0.09005436362264047,0.49780618473597643,0.014874035435484143,0.31391012801708856,0.7385372168925499,0.002825524107910648,0.07649952943708047,0.38157027988234204,-0.00143978602789288,96.1340855496601,15.189455188751069,81.32829835867581,0.02362704256948702,0.011870923226898563,0,0.16245738464526052,0.005036347905163486,0.004307183672730406,100.79365782250832,55.66088042068639,35.38014403033176
299.4997812274601,0.6048762789492551,0.08698978473866484,0.09114185385515577,0.5399793287408488,0.015185426026760186,0.3078369489936187,0.72455089232029,0.006336373747659449,0.07679434971052568,0.3299749836915706,-0.001486973709858682,96.35905320875369,17.257833698048497,87.51937959908219,0.023924250077605576,0.013815958060435993,0,0.15482516820357917,0.004424519590451782,0.0061093217816580924,99.98474666052148,56.777521504570075,34.51867602904159
299.85242144550597,0.6033398374400495,0.09050724871318835,0.09154643714374351,0.5167408993247545,0.015317338580337066,0.31328139657747406,0.7352737002142277,0.006654878765754581,0.0768381400292267,0.3270647666296946,-0.0014832541291996987,97.86684947242465,16.33412481401056,82.62195790537939,0.023365724112438545,0.011128603781530603,0,0.16061241150361555,0.009499007679155746,0.016011770452118275,100.72325338176884,58.44171447293743,43.160051676523125
300.59959972928624,0.5898485824693331,0.0894123095347564,0.09229237797406604,0.526398302425218,0.015188817663824445,0.3144772106136521,0.7296601208884749,0.007033922824299558,0.07680301617782742,0.30911718411821654,0.0003397267125608732,95.21824560501705,18.70626833330969,75.5709617859147,0.0165990475855654,0.007557189550644558,0,0.15792648683281468,0.006313473547978774,0.020112243481774098,100.63070963121034,56.385478266142314,43.984740498639844
301.2106100080786,0.5887339050278896,0.0928837109226007,0.09210083179649632,0.5335916031558033,0.014867193049682757,0.31326324410310896,0.7094260230533024,0.006767883178434929,0.07648569573851861,0.30533104035831987,-0.0016385050397569763,104.1874301605854,15.8946074869807,81.01895883716861,0.016013910725099983,0.012377427262823617,0,0.16904276058258338,0.005041675575653949,0.01992509419172965,99.667820681308,57.82854286635648,41.68660653043697
301.8425692107153,0.5870427688952929,0.09323339337298009,0.0920248171785525,0.5219801859904214,0.01472694971735777,0.31297328489871346,0.7196912028048957,0.006442730509227173,0.07671636708853558,0.302305675551704,0.00039399048530558157,99.73703078064199,17.822358046223133,76.23618514090711,0.013001269726727603,0.00997828351455763,0,0.1599354572521249,0.008727808040655254,0.017507513468088622,99.67116683479944,57.71973584787908,43.04853263894892
302.39771569258943,0.5891358821718162,0.09299557152684405,0.09214587632836332,0.5325140610129399,0.014972130079374696,0.3039142272319472,0.7238180112839746,0.01036326895802781,0.07675114792046103,0.3147520969502353,-0.0015385770519654263,101.03123068232905,15.222393629566943,65.76195293710639,0.010564964939421792,0.009600657879745834,0,0.1634898339612208,0.0078005742980074184,0.02265912545539431,99.92579189417535,57.794323535893355,42.296703427023466
303.06458976829987,0.5833238574347172,0.09302687946101852,0.09158393657829542,0.5249373583178263,0.01448021604678996,0.3020511540624892,0.7007374789863169,0.009545170734844288,0.07662728271889697,0.3052813008781522,-0.00042825202413955635,104.06103880130914,15.889346888492188,82.08943708517963,0.010553312774577116,0.01047841097281505,0,0.16568565598384563,0.01297564077597685,0.020643605847078098,100.15017400295504,63.222253053880095,43.921317203627005
303.682583021707,0.5818397687665546,0.09323732440196153,0.0900902031030974,0.506921828167039,0.014600886429194887,0.2846357767522016,0.6954755691245654,0.009960499092959142,0.07730980250712041,0.3034642573972882,-0.0003671386904236158,97.16183012378677,15.268727247235272,82.83811010751693,0.009946873476242074,0.00938182437909924,0,0.1698743132777027,0.006694685480463923,0.016403215552369437,100.66000793687557,64.7957543664119,41.25630295766588
304.29010181319194,0.5858229500622016,0.0932267580637914,0.08914680987544389,0.5371045209865022,0.014720092950090802,0.31233275278394956,0.6921017126598765,0.009980721318507215,0.0768104432973732,0.37993574632109806,0.000560979019936093,98.07626405148812,16.64807658646552,95.95254365405602,0.010250414161196474,0.009378022976347891,0,0.009861895948238551,0.0059670718537691795,0.019735414084104834,100.15266625326616,63.456092281973845,42.48663528712607
304.79287598545534,0.5904999442997886,0.09333794346493103,0.08839281629545562,0.5261462783607531,0.014618165004240067,0.3099499276974241,0.6931225659199374,0.009721545993967563,0.07659094307781081,0.372073450295338,0.0003895269259237279,94.62581927439574,16.65826306213773,74.26346291331883,0.010363170228480847,0.011330056645025479,0,0.013848186725321083,0.002843784918152273,0.017057584320628955,99.97610625000294,64.60019557309288,49.726104645882266
305.50164790885447,0.5872708522394811,0.08950803444324729,0.08807942322900013,0.5488271772976971,0.01427978131984527,0.28467726400353865,0.6862804919480644,0.010037736242976329,0.07610972215248567,0.4181146248067391,-0.0002387501082018939,97.05995026534602,17.556922307151133,72.42431614933079,0.0106629191796184,0.012113667503125737,0,0.0032489875843266635,0.0040183755047641535,0.018403520319298122,99.79811701680596,71.73820138904901,49.74493921296445
306.11265818764673,0.590841002870043,0.08675467640010458,0.08887587576756953,0.4956801034820674,0.014112988848576554,0.3175624877161779,0.6860619102641644,0.010137090252237281,0.07664667133123483,0.4572749690937817,-0.00045292979259024173,94.05202084739459,15.897805075466696,98.47466567272,0.010865671076680404,0.01241655827533095,0,0.009357553255882516,0.009217587130363646,0.015278145336662987,100.49155804968196,71.67152716692478,48.46109397690215
306.4618069183852,0.590007405943416,0.08696580347955164,0.08787074124280006,0.49494207336581,0.01415108946772218,0.31832538975698926,0.6733629493913892,0.009660338870358446,0.07616235104538453,0.674514948512657,-0.000577094868760264,98.33140098815666,17.146094370746074,75.71614070300873,0.010270916836920878,0.012081669857051114,0,0.003223883388860996,0.00863770837881101,0.01684107261575791,100.47910130803736,72.29020816173357,49.59884460244287
307.1985107402434,0.5832969894185848,0.08348630875356278,0.08708585541381844,0.5552834636132954,0.014208068213355771,0.3573102933252959,0.7258090869206897,0.009909612105035166,0.07686311763042722,0.6962760942843313,-0.0003219291616838327,98.28238097468825,15.943378502396662,73.70521329645477,0.0104317693426627,0.012962933752512484,0,0.014154810415954192,0.012015392508237641,0.016494512731677808,99.29485982103387,71.73902621023667,49.03735156439881
307.82348696826523,0.5942782385197511,0.08273256259792909,0.0874695960843131,0.5494897806056843,0.014047454457374542,0.3591368344386149,0.7555618928129757,0.010226967364582885,0.0772183273127733,0.7201026352007004,-0.000546155419852663,96.26318635242968,14.646882297817474,87.99344566362247,0.0109768054668805,0.01542820763401222,0,0.008128206391003843,0.01073628764274233,0.022662550140814513,100.82023809268313,70.77000255819839,49.52612530198289
308.46242914551664,0.5970705003302658,0.08675836410848785,0.08761266391868118,0.6039456725120571,0.014673717577052346,0.2897064912212626,0.7133711097179256,0.009956027348736754,0.07702631236648767,0.726759105672555,-0.0012830869164149122,108.84323653962822,16.83071959844068,75.58013322590065,0.01357251989684016,0.017762077276653306,0,0.011105241331175304,0.008597231320077961,0.01922899478751948,99.95709884090529,69.86736817922831,49.51846114817593
308.95472885585787,0.5993251984241499,0.08691575544217,0.08704145879847663,0.563504761349934,0.014548886197620523,0.34017164872854233,0.7607802450336331,0.010385600075241745,0.0767274648305473,0.7342023918347309,-0.00046642462257853935,110.15363236339881,15.980704511016537,83.0429294677671,0.013703841377707535,0.017277949192620722,0,0.007557308170558223,0.006267063011134311,0.0053114817026602,100.12054259531838,71.61724182369545,49.72910443099536
309.6739752411791,0.5958192768320264,0.08604638825245575,0.08849858118446945,0.5903118084033511,0.01464328654872978,0.3439332363162904,0.749386264172017,0.009940158921594036,0.07654847647174465,0.7362265367213341,-0.0011838396707694035,109.94842990573375,16.887309985096326,101.79776265181175,0.013514104032802794,0.01560436650682102,0,0.00635120718408793,0.009268794116729333,0.00461670676507222,99.84451190802986,71.23044778652462,49.75076400047508
310.26054510881977,0.6025716371069582,0.08670306764049145,0.08811090462781089,0.5867678120316268,0.014607869846379726,0.34157614880823467,0.753682698014242,0.01002313333067437,0.0770544039007318,0.737380774061477,-0.0012025647682386799,108.47841824969595,16.557096204797112,81.83425068465425,0.013575704361491437,0.014254739108688077,0,0.012443613200121367,0.006991526081933308,0.0033390307020867184,99.1709991392239,71.65491761027467,57.04781638129381
310.89250431145643,0.5948759170599643,0.08690170009019649,0.08815608359011098,0.5953444672894304,0.014474099121069858,0.33673031399462433,0.7530508457832688,0.010035271052022577,0.07668956100355001,0.7385039974609263,-0.0011169868143142997,108.35765897141691,17.21684050374843,92.91944108378206,0.009209915987204342,0.015673767896472787,0,0.0013607645617464475,0.00660294843093366,-4.385469072953289e-05,99.44397480069581,70.84912434203783,56.8854480609621
311.4162274075641,0.5991637516605347,0.09995056056863118,0.08821587894339283,0.5935532008898072,0.015619969460912094,0.3347046952918762,0.7575114084769332,0.009875870385398102,0.07609960755583244,0.7299108847839398,-0.0012960659316614196,114.14492402618794,16.157250505279617,92.11644731612134,0.008765862979330819,0.022445890020287986,0,0.007897288599589165,0.00272832124280083,0.0033629683997329586,100.34595492542618,79.97712649810909,56.676222810617915
312.0970674325041,0.5804532597259408,0.09976553374750613,0.09023004966114845,0.5231011346856198,0.015453724680731884,0.3329376000772125,0.7478634872977733,0.009626935633129203,0.07747462085239336,0.7224048994426482,-0.0012324709454426405,121.56261897633142,16.490455151105753,100.42005111112033,0.009221004418344414,0.023037390787750234,0,0.013302650772240219,0.003718277160425879,-0.0004622352501733205,99.33462141621636,79.89089913788666,56.44002266601662
312.68712878745214,0.5828540054159856,0.10016432604139007,0.09307670710170479,0.4797406180071859,0.01472500588948631,0.2977542136771552,0.7131274801282999,0.010430593288447126,0.07970088575432267,0.7355696957024687,-0.00048691465386371975,100.52458588787319,17.13403868672476,93.8023432430727,0.009499527715833993,0.019807384510763196,0,0.010644542880332314,-0.001375440338850311,0.0027134545920719415,100.18126671079492,78.73127853748377,57.585233571961425
313.3225794773962,0.5628716787970743,0.12685224303769244,0.09382465585833709,0.4917943891245423,0.013953592837377144,0.30183973938088016,0.6984521864258306,0.009824306513552466,0.07966938308380168,0.6994554350964894,-0.0009617925649596426,99.4015748211024,16.489662366309773,89.99755375580497,0.011503384118973543,0.020222227484955106,0,0.012439297146557428,0.009461804505699556,0.006896122177172016,99.88894402111696,78.18394800251163,57.283281526669285
313.8532855481186,0.5781670276372143,0.1266092369661178,0.09487800791536057,0.4880673635857767,0.01453264064980412,0.3010246333819975,0.7102774687867117,0.00991186352696019,0.07964032009744687,0.7061577945950723,-0.0011781899984929002,117.15065001983595,14.489859817864827,80.19614020222974,0.013233024481787254,0.021778004111489623,0,0.01211132694810041,0.003227797419791591,0.006908255096775994,99.53927582339914,78.64726881534236,56.77120996159246
314.5341255730587,0.5774760966326905,0.1274919661039599,0.09863209122192061,0.4552240057506806,0.014566899931370666,0.2999799881480512,0.6805769139071908,0.00984500376428317,0.07977948276396556,0.6620031787640606,-0.0010080308102162789,116.8829371830427,14.887253526191719,90.36752090032287,0.010706500874195387,0.016071270430152693,0,0.011103512977528686,0.005309282693878965,0.006484208815114587,100.28198579263652,78.2923106687214,57.17463526282781
315.1416443645436,0.5945592218618893,0.12699480497430846,0.10142365238674758,0.45171385949479154,0.015280357657202735,0.32219991226303696,0.6917405727005969,0.010049016166702852,0.07974163383280858,0.7351834575160348,-0.00031323612908089863,114.84794218821507,16.081966354278485,74.76561366063228,0.008642092432361618,0.010236724693054559,0,0.0031417589071928024,0.00971448040063451,0.004552049393856393,99.99214024675655,78.73196556030354,56.84884047805118
315.72821423218426,0.5792806113279895,0.12734581180360607,0.10249773509860605,0.4343908142291973,0.01527839095814687,0.30076148724898927,0.6616377018110301,0.009996798696274902,0.08074696502209813,0.761008669225754,-0.0010778188154902492,114.84480192773788,16.712273798103965,76.6446924516471,0.008912331817499623,0.010385525800961526,0,0.007058203757335521,0.0022276891850757916,0.0015840431168684596,100.58853488125384,77.70821519636594,57.14117082568544
316.26241179021406,0.5951154163530797,0.12640608832012498,0.10188628220312737,0.3836273280944042,0.015460435300848476,0.27381757754183006,0.6893326445403255,0.010089459678114773,0.08002186266799326,0.7433489536080364,-0.0010082629003483454,117.43209455768226,16.49380333069243,85.57600943754942,0.00834386573764646,0.008472891349433784,0,0.0018142919954392467,0.0048536153553363475,0.005184700464298642,99.61182852067762,79.37879365074913,49.12698093889104
316.88389653092855,0.5814710115806574,0.12649077220283392,0.10536858527793876,0.4386470698952652,0.015549029770497705,0.3265130189836744,0.7009881294614944,0.010218443614134648,0.07997849914460572,0.7600008784019922,-0.0003855627989175133,116.0171114116965,17.19409976292803,73.88598321062386,0.00959209040655522,0.02086710492337026,0,0.008177414612462224,0.003444985987843408,0.003548349257945752,98.88539253175347,71.8768095553502,42.42983667541717
317.5437876320243,0.5792690441267523,0.12682677758686448,0.11109640386948312,0.41944727609086485,0.015351374608330451,0.3266624230156215,0.6893857386408929,0.006422746709400457,0.07987900545586872,0.7415331508902603,-0.00046924484952123825,116.78768846951328,14.83900854449007,93.23487508782307,0.010661299168489553,0.02104477078155371,0,-0.002024691953071518,0.0050991065288597355,0.00735085263046471,100.3694117073567,72.09083840143886,43.37342994932343
318.18272980927566,0.5810014609026839,0.12320207403366834,0.11488163223648705,0.4567319395092476,0.014367469068618943,0.27335378881250033,0.6615781451481357,0.0063486323259041915,0.08065819210538597,0.7278517181770051,-0.0011143879201328875,116.59023307301673,16.05753116090172,84.71499653938356,0.011186035136818064,0.021514880860927003,0,0.0017040513153426776,0.006881121625876809,0.0005985157050939474,100.90434941670671,72.0628300868483,35.91915850949104
318.6470976211578,0.5795591069816046,0.12381148253764364,0.11380042051284131,0.3972780259337524,0.014409936711437457,0.3114097806000599,0.6921488363078143,-0.0002145967399712161,0.07995833625655524,0.7195849613921939,-0.0005720165814976387,113.98355665193513,16.801295952099323,81.95201782059793,0.00975940046770816,0.02121772955736773,0,0.00789325598870002,0.0028937640351782146,-0.0009117522770201569,100.08551910616569,71.83899070459879,35.079279682792944
319.3558695445569,0.5839887709122379,0.12300488995036468,0.11431525073488326,0.9069773514812702,0.01444471329912294,0.32583740155008917,0.6800854349695842,0.00013250624225831826,0.08045634033673126,0.7080228221661058,-0.0005300216814714836,115.5851400414534,14.697404312628558,75.7826055361561,0.009811443604737903,0.02419757303584017,0,0.0078038111986967066,0.0020187920473739,0.002489614819808649,99.72899046152715,71.0830491851296,36.41976348967181
319.9564053614271,0.5953473114420347,0.1199118617804264,0.11422971631508447,0.9880288567066895,0.014365967588657791,0.31239649556234167,0.6626976357247304,-0.00015067654221073516,0.08003852058659829,0.723584530707965,-0.00027358114160106975,123.26898294941915,14.190573259799784,89.53992814115546,0.010151245038221105,0.02495300637258217,0,0.009508830486752433,0.004693460437270968,0.0026838627495607394,99.57813724031207,71.23460134537692,36.51507923697219
320.563924152912,0.5853722697986533,0.09292364648616475,0.11302670802775305,1.0465805568026563,0.01353593973225334,0.31451749008169894,0.6614939804429789,-1.5424393462884375e-05,0.07992611229216462,0.6830291167155136,-0.0006867434139810231,112.92838246584483,17.52823758858512,72.25274672699086,0.00993373613397896,0.019440539895893165,0,0.011808951628386969,0.0011428315575999068,0.001757566581257441,100.1946440962047,71.34075516067384,36.33889983530873
321.0876472490197,0.5838777185942918,0.09060790133018455,0.11346973718762288,1.0403749912309006,0.013597393606997667,0.31064512393860716,0.6809928979306673,-1.6948467041123502e-05,0.08036016542225302,0.6968597572696184,-0.000784507052149972,118.0954915998514,16.281801963058573,86.17682095145224,0.009333070639006841,0.021792217697317085,0,-0.002542380775331536,-0.003073898750990056,0.001348852891251022,91.6456641758516,63.87451830855435,36.910971721422264
321.76848727395975,0.5827906310804055,0.08290220935805016,0.11458984992291668,1.051764582880985,0.013548957204936271,0.2734216335056418,0.6703219054545196,0.0003623272975168172,0.08014982207418778,0.6833454634080407,-0.0008062213823161037,110.2241633038519,15.584104295375298,67.2688040407025,0.013948100022195742,0.02419604174020679,0,0.003947463732181775,0.004953832013346806,0.003046953962170989,93.14778567695772,64.38179222994965,36.15586413802237
322.37949755275207,0.5852853528190369,0.08354561159572026,0.11369713844630049,1.0649057008928553,0.013307068488797083,0.31056784800425213,0.6724649205925127,6.64581850892315e-05,0.08044445236225395,0.6751790727212402,-0.0005787246269988911,106.84280273134921,15.37365630624298,91.37468365775572,0.011183641679793112,0.024254228379282886,0,0.01114196375190364,0.00021939030643624083,0.0014052834060891957,93.15339933347144,70.47679154196027,34.54197247991494
323.00447378077394,0.5817493733830102,0.08342500576714512,0.11241542489975309,1.0992225269161702,0.013421351964197987,0.32488215859477176,0.6774717036584348,-0.0002580517144290855,0.07980928482225298,0.6730811453742661,-5.015671988494155e-05,96.41540302248333,15.029709269526451,78.97265872233845,0.010244027761752542,0.02472487871268442,0,-0.001050656671806512,0.003498912782225583,0.0016705785943761527,92.64583768784192,71.114827553994,36.26385945277585
323.4932820038078,0.585148983150818,0.082863840790092,0.11245431089966727,1.1321908408320003,0.013516367671602587,0.3098620793111257,0.6620479471772924,0.00013716276414671197,0.08001120951749988,0.6575359522214077,-0.0007290437310658833,96.00523813888788,15.893796076208448,85.34973869998737,0.010829779459913973,0.021553076679076858,0,0.0061540860576410695,-0.001230425900337121,0.002771181203755104,92.69349529334418,64.60325192449609,36.662523691933
324.1880879779774,0.584960840158563,0.08008266595730215,0.10895466076028762,1.1256417105118461,0.013053140280995912,0.3099039290914363,0.672135061227034,0.0003051740989064557,0.07957129448566834,0.6578914064152454,-0.0007472401944340505,98.21257912274551,14.987114408523427,93.5486520726294,0.009637855547553918,0.019639438514380304,0,-0.000999059514981534,0.003857427782865005,0.006658970779989989,92.82096007722058,65.54539559109334,37.169288095846944
324.8270301552288,0.5963478239836921,0.0799661909365358,0.10229623505361995,1.1361470341851767,0.012998194067330812,0.314952725018322,0.678563248484318,8.760250846723244e-05,0.08009712908345214,0.6718633969802008,-0.0004393399294951209,89.91221076638122,14.422664377143027,80.07612493956626,0.010880475239977233,0.016630896481392893,0,0.006365169609680682,-0.0007826016180040572,0.0004843723704996551,92.11726752011397,70.86070932323373,42.94807996769063
325.4170915101768,0.5818765034616443,0.07959384815002693,0.09910700748864401,1.06981985940671,0.013252772411562135,0.32448296602169147,0.6645857022962193,0.006782669731125862,0.0800984531369099,0.7303561970161495,-0.0007341662949763823,71.62251944742017,16.15255522811913,91.08973941873103,0.013411258186053578,0.018317654729564054,0,0.005654136656060999,0.003270397965805424,0.003775309632598052,92.78105174102943,71.98326888336732,43.01253541597111
325.97572947935834,0.583578816652978,0.08066788138178112,0.08891593003627932,1.1058729555745874,0.013388482801249206,0.3251542111584741,0.6737349423141531,0.006509831226335395,0.08090348224332161,0.7548992756565338,-0.0006545723664117644,58.046913490661304,15.964208682983331,97.55437784908936,0.010309932507792899,0.018413209718972093,0,-0.0008229851098352035,0.002655365892803858,0.0006763893984399064,92.94137421478715,64.4225776162907,43.48433457053714
326.6565695042984,0.5621436758831619,0.08001627535004728,0.08527742691911992,1.1185008575089175,0.013483409273787906,0.32368707141628744,0.6778622127383843,0.006629028584910833,0.0797900663839192,0.816483866833546,-0.0007059394888734996,62.237635334310504,15.880801901361947,75.39406721350217,0.01053825442113347,0.01802571759051386,0,-0.0038084822216900033,0.000702505401729339,0.002104400534823259,93.51535473181109,63.423442928702286,41.56134337407923
327.2466308592464,0.581663025606968,0.07967710711008553,0.08490387638137328,1.069382671003992,0.013651636692040501,0.3162157773061832,0.7035183629355252,0.006102262930131115,0.07923972824667178,0.8453330447089982,-1.9041395340425242e-06,65.33385808928817,15.380521178217075,96.56197103762365,0.010729197259363695,0.020091890743431363,0,0.010214694112361679,-0.00505562646837689,0.005436503864823123,92.44886865245765,64.93583535549895,42.94211009911769
327.8820815491904,0.5647301693759904,0.08033232683130492,0.08472816120120953,1.1080174575194417,0.013410150517443325,0.3557578334623014,0.7024244340488504,0.006516396286507644,0.07970204899103799,0.857650395388876,0.0013419433436406654,62.399758089595856,17.07551208074111,77.44460315084667,0.010410332271738232,0.021368295736899703,0,0.0059390416223921785,-0.0015617022406428705,0.0003138593711175656,92.3115015218672,65.0322503276339,43.24948543282966
328.4930918279827,0.5650795931370731,0.07688680698286661,0.08404513529665199,1.138839543563759,0.014171867242635484,0.3597911642760758,0.7241382790618681,0.003347012374991377,0.07966520577941046,0.8887270082479402,0.0013493669205977394,61.85104180631756,16.00546865080315,80.54505440029389,0.010654552715180584,0.0203997618460392,0,0.0009899123054878858,0.0032334832462789765,0.005945439654810021,93.81865877598281,64.91176756090012,42.62626162399019
329.08315318293074,0.5670544526401405,0.07602806897392717,0.08507908607957969,0.94718145464552,0.014642143363556714,0.4066476474176759,0.7448802337645223,0.0034151973426460995,0.07999114199808445,0.9216224641182379,0.001085619763877587,62.96323662264757,14.75922846095234,92.00111590215077,0.010660398273522786,0.021037987427629874,0,0.002503920169050434,0.0012984291676910692,0.004632794378526233,93.37143371317086,56.879349335388184,42.270271102547795
329.5649784313498,0.5717067893348127,0.07565959342693238,0.08321651887144954,0.9935540980641504,0.014516396767242416,0.4073804901914198,0.7487362634877405,0.003504268481245342,0.07984621035000197,0.946752772231114,0.0007304597244607058,61.177404132900165,16.19008313913213,70.7685295441945,0.010377504596310502,0.020449491765606884,0,0.00480826989468644,0.0025996894035632823,0.005009574199537481,92.66868923581859,56.94611162672822,36.31284767352177
330.2877163039784,0.5751031111535544,0.07613188888206035,0.08126114670639842,0.9367751639029419,0.014514991899226469,0.4038646698089798,0.7426270575523428,0.0036957774895076886,0.08027819116051853,0.9289202228869408,0.0007366045573906781,60.53003742572011,16.41265243514157,108.7797330822967,0.014347845208109038,0.015371776057336002,0,0.009330079432812867,0.001540172582245486,0.006492262783502862,92.93293428981033,58.62279883965529,36.04733238420263
330.8812691462338,0.579523938012315,0.07593611289738914,0.08118981846483161,0.9578383779345941,0.014498266831845512,0.3861679149139099,0.7419769737163289,0.0033890860251214205,0.07959648398172088,0.9447119814360213,0.0007148258212686011,32.704453258352416,16.8250185231249,70.5011147217771,0.017140260589819736,0.020802195623158357,0,-0.0029145792500002788,0.0017168036254142267,0.003327440938697041,93.09314699888385,55.849086996525706,35.447823363566414
331.48180496310397,0.5714844705117594,0.07747506996503248,0.08129177770253593,0.9742408007816314,0.014477295684953167,0.4023893901209063,0.7541540104650715,-9.562440266783075e-05,0.0794664118567626,0.9381181464508955,0.0011281590162404566,37.235054837762895,15.50988408267563,81.61820270167189,0.016732299843438044,0.020015723020274642,0,0.007566064741333108,0.003779240433533175,0.002849520864757979,92.83532501922075,56.10094899540579,35.958429472573236
332.0404429322856,0.5726761013281649,0.07383279656763866,0.08162791011685235,0.9472450452227487,0.014779014114568261,0.40284405750510893,0.7452308885894728,0.00039132389367477893,0.08675678916327961,0.9295408394192374,0.0010998752144319804,34.55817303231311,15.384077542084139,80.60419868747155,0.017148961760580114,0.021550503010253103,0,-0.006096435585069126,0.003540597048003427,0.004728796714210397,92.19297553049228,57.62664222491905,28.251738102128712
332.7003340333813,0.5806359796335555,0.07376451562874392,0.08033959352796602,0.9538876733911092,0.015533863640085695,0.3867661284353208,0.7682321175782769,7.603973576649722e-05,0.08688648694141204,0.9345503651977048,0.0008481322956499702,77.45285570324774,16.03473432414406,100.65806726109209,0.017598952172601937,0.014276385910815655,0,0.004691532073578412,0.007747476660629346,0.007063966049292887,92.94033089766853,50.279294017651004,29.67219448145003
333.3078528248662,0.5826016574466985,0.06978644709290359,0.08050089746691669,1.0366582592719318,0.014620463122696954,0.3854334525647359,0.7389963202616283,0.00015168826029986443,0.08612833856488868,0.9195795970063746,0.0006525892051768301,79.5179977480933,15.45030648537968,78.21661706749023,0.017624039083228862,0.021179316299394416,0,-0.002747976196705772,0.008104805283141425,0.004519548599578464,93.05689887697234,48.72120243009912,27.675343465696738
333.9188631036585,0.5806063394982809,0.07052494013934944,0.07960239145779431,1.1414569084722248,0.015431507159727423,0.40282481030467826,0.7388252741418585,0.00023541759807127173,0.08740438075206813,0.8977138368796299,0.0008959760043139797,79.88218250500019,16.14235934316885,86.90371144373812,0.017408053441040402,0.008192786155259563,0,-0.000915731546828634,0.005729287336204642,0.002200539828063693,91.8595707447631,49.7297926794609,27.77737582601254
334.48099256014746,0.5811903844075741,0.07016864891300105,0.07997522361484487,1.1729879597251103,0.015635575158518784,0.3865493876774882,0.7412803746969764,-3.13675902376862e-05,0.08682601102928011,0.9005724246535783,0.00011139662262434863,31.98578163106516,17.037994501485517,103.30624991114271,0.017353249553828266,0.00835453728728124,0,-0.003160635653640783,0.00886062697180082,0.004232590735477101,84.9798465392356,50.74901562164668,27.606552316191706
335.13040919932104,0.5828189544412277,0.06955036049665962,0.08062664019779824,1.1926679923674095,0.01576129666931159,0.38828154493738,0.742579982872705,0.00024270983979367408,0.08708414218943729,0.8149434988015081,0.00013746969730402608,31.617657076199183,16.59886587881856,92.72752555329711,0.01633832919726005,0.006311490309133651,0,-0.005213794526421352,0.0004991786012932898,0.005152933473723816,86.00630154162675,49.184366937384596,29.137696106705995
335.7518939400355,0.5961765610527267,0.08033411477232598,0.07998031467499275,1.3095542282218111,0.01549913980730613,0.38998182151198946,0.7548363134378763,-2.5348975635439017e-05,0.08654476032908331,0.8253417608223725,-0.000939861747639359,-61.67658743492991,15.383351621945799,88.896505438352,0.01097066849605428,0.0062823121971915495,0,0.004200163707820843,0.0131189770924848,0.0013542470860233163,85.6028765395671,49.57859264949353,21.962333981117546
336.38036165536477,0.5824443123670875,0.08014649060941458,0.0808314789656801,1.306669872531531,0.015757820421357344,0.3869804047733788,0.7407897575391049,0.00010367842147465912,0.0870179321086318,0.8172948929468361,-0.0008841301842570935,-60.17377051842303,15.683343310251113,82.2209669776325,0.010640564665917842,0.005741607581778604,0,-0.0005762554725512441,0.0075912884961788826,0.00741650557292302,86.37197071975007,50.78101566545177,21.77983047277792
336.9529655737758,0.5913242430995176,0.08054751992026107,0.078854584167215,1.481417125754373,0.015628238891318393,0.38492818056050254,0.7972077084436809,0.00010167393077647343,0.09957074993078074,0.7932046752525171,-0.0017509427820244145,-75.6528105332516,14.789662232015155,91.17248286278227,0.007349531823736,0.007218861495914325,0,0.001517312807135616,0.004419156741532303,0.0028301618207701904,78.69868066557555,50.83744805532456,22.22326358479458
337.60936518756415,0.5931347544593408,0.08044873854548083,0.07995922530467384,1.5143416914303838,0.016116668870000062,0.3738444308407915,0.813020677003124,0.00010980951745447794,0.10043935846698317,0.8282107843994654,-0.001738787912803581,-97.23439948041243,16.907896032763986,92.03811983304888,0.007056365139017954,0.006740412305330537,0,-0.0022471983391608406,0.0022123301979113576,-0.0015164145006553078,78.3079970238804,50.02859562149288,21.031620672399608
338.19244356789744,0.5957187037925602,0.08014787646427891,0.0793156431620177,1.452292322533527,0.0159726638351272,0.37351046217241757,0.8170738548894113,0.00011941552553207973,0.0998285775820119,0.8060089208256457,-0.0016081724375995538,-99.78901064446576,15.85232334418818,74.75216137664675,0.006768339528883815,0.007209177463356006,0,-0.00029362454422917315,0.011753935237977756,0.0009210897229855082,78.89062067319145,57.00551932381909,20.246138727752438
338.8278942578415,0.5919573660062953,0.07981061147718214,0.07868421309929334,2.0790082339091565,0.015972299905994598,0.3485367776039745,0.8205821567736508,0.007029646044765389,0.1002830838577629,0.807584248582947,-0.0016627770881746343,-115.92056401350789,16.14213881190283,87.86586791078503,0.006422978568923289,0.00758455566830942,0,0.004309140040557685,0.0031241502848353034,0.003024881887150998,78.7973333637767,57.63213192577664,21.87290110955062
339.33765140471957,0.5932993099653503,0.07963516527555,0.07911784970554646,2.104430848429843,0.015984876413007807,0.3489016811089475,0.8015493663343537,0.009515640640462456,0.09924056863160681,0.8260803716520639,-0.0015273125007480575,-113.61141766597012,15.355383052559937,95.17053271536611,0.006162024445228556,0.007339990366494354,0,0.004237641020769388,0.0026004720006376613,0.0008039588777090535,78.1397382142573,57.22379322992017,20.201330997516216
340.03944035350395,0.5867120851204578,0.07958158904770565,0.07933578802956746,2.0754932679793323,0.016212103578620147,0.3556231585667008,0.8206886691664147,0.01001999306670296,0.09961633465421679,0.8208027066969815,-0.0016832096291876512,-115.34001992348418,15.65054231912029,82.79796389076095,0.00632313354300665,0.007863448916613995,0,-0.0037368704916749124,0.00019862311065656137,0.0022387968616872523,77.8093035884016,57.57415459337359,20.746640645028123
340.6295017084519,0.5875808590401294,0.07999833261095371,0.07899518203438217,2.0684518891804404,0.01619989490012483,0.3489853264225621,0.8161284164597336,0.010037060536593086,0.0997740985781221,0.8154903346342578,-0.0015600016373071093,-113.84220134910039,16.704738690950716,102.39824012514228,0.005173720908713052,0.007978791353543983,0,-0.0018051510599392028,0.009019821946342519,0.0010992888507282744,84.89410089158997,55.91278942475171,21.125476364765582
341.25098644916636,0.57440515045643,0.08319256072803095,0.07903125862858758,2.0668692752240583,0.01604713698867195,0.3559526477664092,0.8117822876758022,0.006466487203449276,0.10031263525240429,0.8067847242920613,-0.0011570872919066668,-119.37499126528601,15.375646897145362,90.20937505979234,0.00474270950258318,0.00808998730862529,0,-0.007105497923091035,0.00905266494394899,0.0005815100082028108,85.80388360653382,56.32883027131374,21.78287104694396
341.82708185488485,0.5854443252875975,0.08392821905587629,0.08009709178561968,2.069594068794823,0.016128794133466247,0.37303300764584746,0.8256004755506093,0.009868526269084618,0.0998008925335622,0.8334522983225314,-0.0004748179172995746,-114.8139642488186,16.97872448770169,70.57154926304435,0.0063830780776693245,0.009380847254089756,0,0.004865736938876299,0.00869780622793115,-0.0036638230473712715,86.5635307695049,66.00164513090202,21.688646216988907
342.48697295598066,0.5774786401704916,0.08316395681209915,0.07939102287207109,2.10264092457777,0.01615269584516107,0.373971229034922,0.8300345706017592,0.006812591788981627,0.10009534796510552,0.8553892806519237,-0.0003748088867845038,-116.82718062167808,18.170549135651058,66.98249249181524,0.006061573235805703,0.010957346649296892,0,-0.0026347833165708294,0.01263539832917617,0.0020328161467011623,85.59211552444687,65.71091597201062,20.78296964022135
343.10147472208035,0.5889444086524082,0.08372830940469865,0.0797902870065919,1.7026708267299313,0.016169267849843613,0.37288483735903344,0.81668772738471,0.010051864733024211,0.10025341935222905,0.8277337425153187,-0.0008473768924955123,-118.0458517409156,16.409477691928764,80.36623421425611,0.006311871779590722,0.010159406959172418,0,0.00614069594638166,0.008780451871177854,0.005246161168846002,93.07311674450361,64.61159264852556,20.861529284434802
343.7055020262579,0.5758887055954933,0.08334775402352212,0.08144094299674468,1.5803132894770757,0.01625412203329307,0.37498161961185705,0.8264794664820004,0.00992843041092587,0.10038201869146889,0.8867375297348475,-0.0004984239482330591,-115.45212822921117,16.839911588493646,91.91355171517847,0.005878448411334654,0.01126434989982868,0,0.001453851769608598,0.000948907098814478,0.0026221050872607472,92.18511195343294,63.328071752766895,20.832959282941047
344.23620809698036,0.5895785316810427,0.0831053919698546,0.08192596132705664,1.3787986563114316,0.016224906393593544,0.36133862323386357,0.8175605650003258,0.010152528099527647,0.10046940157293477,0.8648177575062945,-0.0007578438870546924,-117.0898746997379,17.159179725775882,104.33982709881327,0.00537345682960511,0.008844222565234506,0,0.0064081631260292345,0.003803577308305437,0.0003590780106513896,92.68378165489192,64.03479572696519,21.699936178424764
344.9205396092278,0.5875640842789173,0.08666032699036305,0.08206924038617061,1.2791904352340624,0.016277737291853264,0.3591056199251474,0.8245716916280673,0.010217780204417206,0.09920308673182979,0.891085245367207,-0.0009066193218953889,-112.39678821253028,17.60495720652959,99.85514970945776,0.004933038732102743,0.008797008308169513,0,0.003029735091324686,-0.0004813555838302317,0.003887851320152913,92.45050004159665,65.10386064898076,21.322296939381243
345.5245669134053,0.5851855690909027,0.08689562561313749,0.08227745757644121,1.3086665740690773,0.016428026922456464,0.3669888429165276,0.8343873940504265,0.009987274740078923,0.10035029350414588,0.9414130342806396,-0.0006110917495246994,-111.21805041926166,16.60453875789226,91.1299403820164,0.005183596186643629,0.011217518061311178,0,0.009855030913372469,0.0022992483685305713,-0.004701346142361701,99.56937415338474,64.00639941906995,29.162711825823976
346.139068679505,0.5783353614949817,0.08662131769290463,0.08342948779230386,1.3171852099313701,0.016204292991602413,0.37064354346666534,0.8245084954424681,0.009913555478349888,0.09983900586290259,0.9372742440698256,-0.0006398259860793555,-108.60547454002644,17.367423098156568,87.70431311586464,0.00501041532325372,0.01330342102669198,0,0.003578144332428624,-0.0008252874592489462,0.0009638482622733205,99.59641710977897,63.81030965555283,27.754431243456576
346.6662832629201,0.5807132129519138,0.08341472052918965,0.08330325915051054,1.2743310024934609,0.01636043633366504,0.36061585577802513,0.8312705667966093,0.006573388472939031,0.10036334855650192,0.9375765329222424,-0.0005812541829197536,-114.82742884986868,16.2346330797052,76.82639352799406,0.005174222106313154,0.010261553239451483,0,-0.0034035487280596206,0.0014765013714334667,0.00018718387049964508,100.02472487278389,63.639750814451325,28.21936632568096
347.3366488259379,0.5872832765255334,0.08315354799394217,0.08274268744297449,1.1669828093695482,0.016216434612335063,0.36977804842638673,0.8372904397302572,0.006640106116157196,0.09965030319435116,0.9786313233518967,-0.0005565350150755921,-111.43030984029554,17.933658254453047,84.64333599351878,0.005303243706239643,0.010152599457167096,0,0.0005033042272719851,-0.00038612574893940287,-0.005624109246326546,100.09490755982839,64.49977801171923,27.278205983250462
347.95813356665246,0.5857307484901454,0.08364709700010238,0.08334689811131367,1.105904508636136,0.016360953283439516,0.3578974055968471,0.8177557316136561,0.006852162516083822,0.10009287016010011,0.943903788446224,-0.0007903183061053856,-112.09411684649282,17.44679859746653,77.92661392294967,0.0051075009863727995,0.006573334526718808,0,0.0069898520029871535,-0.0016632150577163868,0.0017988578897675963,100.68705891103491,62.861206345767265,28.785082630403295
348.56565235813736,0.5795844768112658,0.08334922165263177,0.08396962567684628,1.0879549446081365,0.015619037645313723,0.35407706699361774,0.7973607165989577,0.006295799153906852,0.09996076380555155,0.900269383214359,-0.0008059242291983408,-114.07914468820886,18.396565825710123,89.13878834762869,0.005473042405668051,0.010189993757526076,0,0.00536612185533393,0.0016212430158722509,0.0039153140322096885,99.87204326524423,64.09226052449992,29.79802943848627
348.9113096015685,0.5859165601975815,0.08319779616410242,0.08361372467161841,1.127775243042376,0.016105305442624417,0.3539012579201974,0.826911511099936,0.006588105886198983,0.10052709604031396,0.9307240147524057,-0.0007343722237358665,-113.03036187530564,16.641407315587088,88.39786977766933,0.006239614283087546,0.008260948994449003,0,0.003962277827594721,-0.0006370639670718798,0.0007555556231384859,100.12903985790578,63.48669538339198,28.610869914512804
349.66896234727096,0.5878096169290445,0.083694543534397,0.08084711283543244,1.1124331973890296,0.0163357937100183,0.3563451129925978,0.8206213592702578,0.00659411575337336,0.09994306508745929,0.9509948706424565,-0.0006201431342561198,-117.07997512464244,16.796795792219317,80.30150407608005,0.005068087235010653,0.010487750709108467,0,0.008646564662706564,0.003616892793772884,0.0030671881792509437,99.78414894630514,64.50453367587869,29.97630251278066
350.2834641133707,0.5872011115712226,0.08361371547375165,0.0820880578732363,1.0520256188990285,0.01632070556673658,0.3517856338884853,0.8149579012462104,0.006694575652748102,0.10033610297402319,0.9496979394303474,-0.0011815088468852283,-116.4020512074909,16.262441783742915,87.60725336539473,0.0055167030881799264,0.010033028179884062,0,-0.001505198349592265,0.0018270578146646834,-8.709116853539449e-05,99.40940033409134,64.93930308549255,36.85576207172091
350.8909829048556,0.5788131550726784,0.08019904803253267,0.08077357083189884,1.0471806052438062,0.01646398234801162,0.34712301219947883,0.8137312972800004,0.006531889836526044,0.10041998574036068,0.9574143558300876,-0.0010036162307273814,-112.44048127630741,17.519063259007723,86.95734860658011,0.005730235399101124,0.011727894408708153,0,0.014665960139727922,-0.0030937109601483093,-6.192887248069158e-05,98.98204869010567,64.21182881449555,36.357148737122486
351.4321634375002,0.5761003277932814,0.08018068466540273,0.07950413244804945,1.0362586082323122,0.0162733705637541,0.3487579081633392,0.8177196055900996,0.006108182673664841,0.10023757389710553,0.9545195502588611,-0.0015075141680014313,-113.47418740736298,16.844091639768653,85.94150421774374,0.005549544163492477,0.012312766108127496,0,0.002791850109950143,0.007843841145112695,0.004717625238544673,91.60642645127656,64.60950384774878,35.80532540901062
352.11998643705505,0.5860936753074364,0.07990784842818165,0.08011117588893499,1.0467217827116075,0.015802766832521912,0.31126343593411626,0.8038498260983936,0.0068697230897926355,0.09991338655303203,0.8811984455017412,-0.0019808785009475956,-105.57740827239587,15.56625211533939,79.20538800378749,0.006406578683640719,0.01240125361944088,0,0.011647180638041446,0.005747110446225569,0.003042415369278336,93.57021739220234,64.39772561077764,34.042367133289744
352.7414711777695,0.5860121531462413,0.08038750652121451,0.07913807133258077,1.0530109123537679,0.015828730132923755,0.3128216951324317,0.8092355362849234,0.006521760235414767,0.09972900601138737,0.8889372917124571,-0.0025119455508008197,-113.91922214630678,17.24385866400091,92.22093808043175,0.005680562510036585,0.012308627814408252,0,-0.00033304563152200626,0.0038038469984393564,0.0033785991853383366,92.22932044869734,63.16321418517611,37.24615498307521
353.34898996925443,0.5853928437811727,0.07940822849625864,0.07920753687449462,1.0321638230361068,0.015621116006890343,0.3091668794833259,0.8036453222288426,0.006675279508156051,0.09952663511928157,0.9151286393231597,-0.002456261939567062,116.22382909401323,17.218577087435666,85.3637883341718,0.0063273020989396645,0.013868803737218063,0,0.0035369135331461627,0.009202217339431187,0.004027203462310039,92.52643383625258,63.96019095097242,37.4658228396679
353.8552556288252,0.5846690340380863,0.07689952417974724,0.07954559601862514,1.0328802798450962,0.015465794451713274,0.3086897340610906,0.8104563112994644,0.0099858378293863,0.0829810747766494,0.9215892264079485,-0.0023789411318632207,114.50468000585059,16.84262530027003,96.20222489995075,0.006590669476349531,0.012544107166548238,0,0.004000110013025886,0.010704060841551405,0.0030505618431387487,93.00402718788386,64.48494886441343,35.07587643449606
354.5256211918431,0.5863527409950665,0.07905961087096304,0.07921934516454121,1.16536553795842,0.015685147398008876,0.30788102399886397,0.8107627614204949,0.010047083958845482,0.08321589660392248,0.9102244312012603,-0.00250478056002217,114.53535905453452,16.813252937814976,91.34763229858373,0.005994705762540101,0.023616246944616892,0,0.010179930546529823,0.010070264080285227,0.001156383856444441,93.09399452583074,71.88746465861836,42.93241811154736
355.1401229579428,0.5942298568011309,0.07962125036361997,0.0792329210283972,1.138880918175761,0.01592878065398369,0.3452896949673623,0.8097507945291837,0.01018820026689328,0.0831191075874188,0.9456736227838614,-0.0023800194267454052,112.55357360104593,16.624377114727764,80.77422180260821,0.006292676972201051,0.035035777898633595,0,0.00477288040525364,0.009895551502284074,0.00356259880465891,92.3052292967357,71.91074519369378,43.729275675485304
355.768590673272,0.5868885089460466,0.08006548012197327,0.079045305106163,1.1646480760209184,0.015935757744845187,0.3449221781045832,0.814786874162298,0.010040238779046445,0.08329215956801621,0.9209625116899501,-0.002141375383442792,115.5849382659141,15.508082927258494,81.61918328727197,0.005691507545495734,0.02365756124242989,0,0.010740099850112032,0.007692024405678326,0.006958932149117634,92.81744546161013,71.9556299444078,42.314946850751134
356.2818393074576,0.5850960597156197,0.08051991827884983,0.0794152109126989,1.140258868210523,0.015786983775595852,0.30549498302018285,0.8079218741006433,0.00992165695065882,0.08363940956118254,0.9351210151322801,-0.0025214321986432083,111.39421687031756,17.760415088176213,84.24290337668263,0.0062013200415399665,0.012332570933900125,0,0.0024584002923798767,0.0005828954786186854,0.00039959807926670966,92.94637604112133,70.0574680020451,42.95775493996104
356.9801367689345,0.588389654198664,0.08266576005755216,0.07987705414522403,1.1399551522365505,0.016337657592973964,0.3431391108456187,0.8106053905325457,0.01019753280386155,0.08284465055405335,0.9573509162213995,-0.0023906130542097077,112.28106869997572,17.260962779659557,109.62204197176945,0.0072421639457642215,0.018954931851931558,0,0.00026289825444567906,0.010537365760059276,-0.0007438858485136323,92.08084960845626,71.23442057220379,41.68116424481921
357.57019812388256,0.5914592843165,0.08225004462154399,0.08017522931606758,1.13716232761971,0.01676846611585848,0.34783173224228037,0.8281575621894917,0.009904115768286568,0.08353166096234681,0.9674748304160776,-0.00212479345285386,117.7820800978436,17.352318739903843,67.20714403451399,0.007509857535627099,0.03025946889561259,0,0.0023395292256731502,0.011096369997920158,0.0018027636556076435,93.01927963461557,72.37092070040669,43.78297793468934
358.2056488138266,0.5876234219858754,0.08309908435384451,0.07914386355561145,1.1567089903828385,0.01639170957811696,0.3417784255782755,0.8120106050916599,0.010388938803040681,0.0833632311360697,0.956123053827686,-0.0022177781499571093,117.59947405040452,16.111805520927945,84.96139200244977,0.007211973082817226,0.02574596759956151,0,0.012985270254331,-0.001030150953118608,0.0031360674424109293,91.84794055633469,72.2100629703879,42.538349788312004
358.75381232108595,0.5898054089545149,0.08353366760554401,0.07971270794994532,1.1725299539266019,0.016541123229160695,0.3447281789517032,0.839134302939362,0.010131051275870587,0.0827978442162181,0.9594844922855728,-0.001886110245156096,111.4445909497968,16.622743707422245,87.57361922989969,0.006166038581034691,0.017873090370999756,0,0.0011527003235307942,0.0007970705819419777,0.006126973836295843,92.43302976653433,71.2922123522626,43.00007682118155
359.42068639679644,0.5916324936290951,0.0834531783127268,0.08051913176407345,1.0844162408827123,0.016474853014358436,0.3615848775317723,0.835858213278819,0.010036551500967696,0.08361328399947936,0.956874539824549,-0.001375347141629719,112.60795327228068,17.632337375399793,78.68815916585417,0.006919564380470674,0.011821709137734823,0,-0.00235764331403524,0.006578658176655091,-0.000804547355169299,93.26401686843225,71.14307237315106,42.864535828091185
360.03867965020356,0.590230647370473,0.0832034752375825,0.08056382696594523,1.097403381134321,0.016621454616948597,0.3590701479913512,0.8323304703841865,0.0098592866293288,0.0829814536552597,0.955258820433081,-0.0015829279809818637,113.45130919469689,16.360075555704736,90.10018049191702,0.007107068881208757,0.009334846455558637,0,-0.001093293984030485,0.009021614329133235,0.0012541981194632095,92.1508551411929,70.81275149755719,44.11825593621652
360.65318141630325,0.5883887311252762,0.08385198304296547,0.08100718632623867,1.0581105391855774,0.016474490771065782,0.35908222118730476,0.8271427521285825,0.010140444848772858,0.08344605606045939,0.9681797936506193,-0.001643190969721086,115.62033111394503,17.38976245872271,98.39514095163437,0.0072270258631483095,0.009772583476564501,0,0.004689017971992589,0.002705097177213769,0.0003936598166406234,93.07403972429361,70.85718613251936,42.80143607397083
361.1664300504888,0.5885934989681147,0.08341098159052829,0.08181956430329437,1.0515220024114562,0.016798917645194752,0.3583820279654103,0.8366175440815847,0.009628449098650436,0.08316350421893083,0.9862860175783669,-0.0014518856213003503,114.40889715424932,17.191097178401773,90.90221445415621,0.0056649546171123975,0.009180863450058061,0,-0.0010594271035783542,0.0033762949651538593,0.004748259425974311,92.33952913242423,72.43382284966643,43.64080004895725
361.8577445373509,0.5847456068340295,0.08368681605742667,0.0814007358280308,0.815456820124657,0.01673615662488486,0.35979056342483084,0.8297557966804823,0.010082829570027622,0.08305728061668649,0.9702797619000474,-0.001827631593966136,108.56179323719168,17.678663226508814,75.64530358912414,0.005536531497952209,0.010388376630567912,0,0.00196453470169811,0.005205091645511419,0.0028563565247578244,92.8792352892505,72.41214119861532,43.7057068965236
362.4792292780655,0.5879409446050723,0.08309771640908878,0.08118886537283976,0.8234543274895335,0.016817663939384223,0.3586782532585712,0.8333648690771054,0.01018801832568023,0.08381138051149192,0.9795994983541952,-0.0016750222864002602,114.37724257768116,17.066574170096583,97.4581994344053,0.006311616899047618,0.0068724861767111385,0,0.003064765959794612,0.00853979941042456,-0.0012887466241483874,92.91432446232838,72.91869146559178,42.839881803178244
363.08674806955037,0.5855711093053357,0.08324415243103006,0.08158358454474854,0.8389385286345472,0.016856593814211594,0.3589639479334484,0.840634457169372,0.009903168395955234,0.08287911599040575,0.9675687498528226,-0.0011667123690511144,112.27146743728727,17.624606336289773,92.16587035200587,0.00639889933476692,0.006168058421155051,0,0.0077164587063870554,0.0014250126705831437,0.0027326957725027808,93.34473208043369,70.72353268457029,43.506660318953756
363.59999670373594,0.587348503368095,0.08011724104850203,0.08151057393197875,0.8427907328888835,0.016138232115738674,0.3623237584251904,0.8373604363142719,0.009847256277057802,0.08305688806057095,0.9205347748785886,-0.0014796354422653875,113.99794834519082,16.351386778838783,96.74787494072737,0.005783850018003204,0.007014895047224346,0,0.009914623930788485,-0.00013347298582955074,0.004248438257989332,93.18536312809502,71.01377917125873,42.02259122875041
364.29480267790547,0.5855461295523622,0.08010984690643368,0.08209342737718602,0.7931700735660309,0.01599023038917829,0.3639197257763964,0.8297011123771229,0.009928354292915248,0.08327915115908406,0.9216094427189985,-0.0018493482189939627,110.35029941760477,18.078365897933097,87.63951555740975,0.00583576201047146,0.006522460404980941,0,0.002241952391551734,0.0035651955661679348,0.005194395540693746,92.33583794267815,71.4632057615767,42.97020171943019
364.6474428959513,0.5930191544497412,0.07997104655505098,0.08101853116300962,0.8122494208276729,0.015983897827161208,0.360299685271834,0.8370284773554619,0.010254997372220851,0.08301019852864087,0.9333235121650824,-0.0017350482317124265,110.67093667195584,16.63475045104305,91.67659998725082,0.0063887617388517955,0.006517138476237538,0,-0.00019761303576312263,0.008620296989157254,0.0006576883297462444,93.1176118967015,71.29776950863888,42.56653729080814
365.3981126670391,0.5890846673807497,0.07976302055516439,0.08115019033846269,0.8655026956021549,0.016116084782460814,0.35801693631572407,0.839227800019222,0.010238442177792172,0.08329724591215364,0.9279924897001708,-0.0017421389930965118,110.6901022057232,17.105608097610347,90.78741108037609,0.006394861938596772,0.007783575539839218,0,0.014842608027652627,-0.006923244831890284,0.0007663873476454991,93.44609066204004,71.06381439470027,42.87689319371692
366.01261443313876,0.5861296949063893,0.08037409027147709,0.08035033527886946,0.8500448554195749,0.016011720821526163,0.3584933343812071,0.8290013202963649,0.010113352344538981,0.08327674305873525,0.9318786292200723,-0.0016081728308858262,109.82201044729653,16.807584822895723,86.6806781544059,0.005833684133064754,0.008148912339704092,0,0.0029989908311135295,0.009795151911413166,0.0023295346207789706,92.82156958949285,70.84363285996031,43.37914338584965
366.64457363577543,0.5864195919944991,0.08023737855614684,0.08162547615114966,0.8169326100701102,0.01563041152675191,0.3552864347390793,0.832796151381808,0.010369812342124095,0.08352841619627722,0.9143292349677361,-0.0017732490948766699,103.02201188182224,16.65531446063121,96.78002951772386,0.006088732332795464,0.010500491552642838,0,0.007874873354351277,-0.003135733179433595,0.00556171758378958,92.48189754306634,71.01626789584544,42.30086034344963
367.17527970649786,0.590428194027571,0.08078845266789265,0.08068115077897797,0.8770791541592703,0.015617705550227418,0.35629912464273716,0.8308319195603558,0.010250837389586164,0.08326612348847989,0.907569914152984,-0.001564438423079754,107.7343116616923,17.227140922322775,100.46258398008206,0.006400929057300779,0.010582886413881323,0,0.010987412461492646,0.006109587320562882,0.0025593266404306397,93.4614358913842,70.9951125687759,41.68866596624787
367.86310270605264,0.5893197796750158,0.07998570944416165,0.08029169009287863,0.8252125593927843,0.015588514295027925,0.3562429443983229,0.8275532590128066,0.010221694600095761,0.0833012539025904,0.9101946131705807,-0.0016481073571722408,102.53223283021009,18.02014872285541,88.58654461437683,0.0064165212184595834,0.018726495667341494,0,0.010008541393494389,0.0007306127887476057,0.0013696855137245835,93.31715480633075,71.37657045239402,43.80149207736808
368.48109595945976,0.5920944321119991,0.08005080775966271,0.08077984814653742,0.8625226091989148,0.01584570927617586,0.35513188754543656,0.8304239376623118,0.00985871572306661,0.08308031766137988,0.9308896240002638,-0.0011314241230056818,111.84170824917747,17.60733816813317,102.43369157016701,0.006847980778707444,0.024215062995773314,0,0.006327137768938229,0.006264135584225089,0.0018929002319681696,91.95973458194864,71.94063614822053,42.16614053713228
369.09559772555946,0.5870911930506771,0.08003099496034329,0.08075509231262878,0.875263217396976,0.015568705886110968,0.34896105547872547,0.8017533243291342,0.01011279491804765,0.0832242069289738,0.9002250817793386,-0.0017110230056402408,106.92148171428515,16.472870078477666,91.90659101269085,0.007302476154730774,0.027214241530462546,0,0.005461960572920455,5.978804290595295e-05,-0.004203484369046457,93.30300074736373,70.69176216108957,42.34717816304807
369.65423569474103,0.588862206636707,0.07973403847307674,0.07970176522404716,0.9018192946659386,0.015922510140244144,0.34439756060162197,0.7907267305129282,0.009760139858294799,0.08020121984806836,0.926148412561131,-0.0017610333903753926,108.45445273143274,17.364453266589837,92.39909703158135,0.006084460499868825,0.0276223060993796,0,0.010059430512728024,0.0030909644170438524,0.004734557948917863,93.34245403494529,70.05225824039393,43.30813261836908
370.31761828314404,0.5901758309024343,0.079789987522742,0.07940784634151303,0.8723671979301149,0.015748349776465456,0.34812468625821064,0.7992428871855564,0.010011099809001566,0.08002090372690092,0.9120030918122293,-0.0015472615549400848,109.77262414884864,16.60263488437698,103.75638331533027,0.006206552915453447,0.02966693229824076,0,0.016161363399060574,0.00625205202193678,0.0045854534795854406,92.27386119284219,71.33222578749086,42.16440977514288
370.9391030238586,0.5915970192689177,0.07964827654908047,0.0802501918603827,0.892944303447573,0.015566010357456514,0.34448415104309044,0.7923267051039466,0.01007384116138018,0.07973870330707515,0.9356605229408486,-0.0011510082474366712,105.82113038876474,17.299900585978737,77.94338406522205,0.006446120398089052,0.02384741270200786,0,0.00761866646616053,0.0032052838160839705,0.005032274880969626,93.02302776348333,71.05715056213167,36.22983864831944
371.55360478995834,0.587882168474178,0.07943180709681781,0.0795874780855224,0.8989329377738893,0.015494923322948257,0.34196033654772257,0.8013413007611927,0.009753422555901513,0.08048070624504959,0.9115686581278204,-0.0012409831001753157,109.87068549249084,17.17793493341371,92.18805920441301,0.006644607576897944,0.026879090609567547,0,0.001720920651513044,-0.0016457525866890458,0.0006578716452585781,92.93957592253702,71.80009298023298,34.89736002811532
372.07034491145123,0.5867052025031616,0.07917938050077987,0.07870227524355573,0.7921666845141502,0.015575405102899731,0.3484395649957778,0.7942028107156192,0.009809488305989152,0.0801571527923206,0.9216858857585781,-0.0010040614112342416,103.75065382442202,16.92560146380606,84.73313847046784,0.007027866809251086,0.021519159414330403,0,0.012492115409026014,-0.0019510123402932777,0.0001983713701683631,85.53896299716999,71.4125545706993,34.023277505718625
372.7616593983134,0.5870298172815243,0.08069132750219914,0.0784758504119207,0.6144923384245237,0.015225049840085353,0.346621026976033,0.7915289373257379,0.010101143829713133,0.07945766253667527,0.9045457793317846,-0.0013049664762717578,107.11600532999466,17.148538652052345,94.97979093461034,0.0061818958160420245,0.00707902316507062,0,0.009036664084161868,0.0013743716598166211,0.0010364701485773185,86.44090771187797,71.69330568703462,35.663908742691085
373.3866356263353,0.5870725073037064,0.07944854520509578,0.07893804296261206,0.6488956490799397,0.015331659430890515,0.3536887875347283,0.7888606052586242,0.009902508665458292,0.07969644173636652,0.9099385217564915,-0.0006254685959616276,103.14277290313589,16.490412708076125,80.37719830687301,0.00688022077414399,0.0066811668035992,0,0.013859427078052527,8.75418980835407e-05,0.002082996101689134,85.44404518846831,70.72027736025369,36.18049206339572
373.9906629305128,0.5868959134932453,0.08026039632686618,0.07887435283685076,0.5913039841965078,0.015076073915915327,0.36508494688822424,0.7922367526155109,0.009771808334410147,0.0792914723509733,0.9305424144373657,-0.0004556430811262357,97.08970204669883,16.010894118233058,91.39931462046546,0.007746118927195252,0.006715276218922993,0,0.01049773262433169,0.0012438253666511563,0.00032977959079124306,86.11735647192117,72.54046830931209,27.59030643994951
374.56326684892394,0.5870479772357853,0.08010429675004188,0.07870934235442081,0.610936197764949,0.015219624248731215,0.3502814651786996,0.7774345199558002,0.010270584805833064,0.07987375170403538,0.9108050003614794,-0.0005678103607172133,93.56469712106632,15.840491557817174,106.1299338363214,0.011245254443471247,0.006839720489405876,0,-0.0005488069566534841,0.002164090688876619,0.0019680583214726427,85.3265816792543,65.32857070923168,21.756624151104383
375.2301409246343,0.5864961240161003,0.07998158556396313,0.07829503161460996,0.5798750755911127,0.015195497565576383,0.3492759157561214,0.787507816794414,0.009754550478162125,0.07977531279192679,0.9095645243573888,-0.0004852886141294032,97.91553883916883,16.004062073669395,85.98418616262566,0.007717033371519709,0.006620720418011901,0,-0.00022023424625622996,-0.000468612149396622,0.008781970899552212,86.49004924127878,63.30357580251907,14.187178521910415
375.8446426907341,0.585361507800171,0.07940526904698955,0.07884060648150244,0.5873595251853734,0.015369358317868044,0.3639604080386686,0.7853109000234965,0.009827200103799949,0.08034213206419165,0.9083182631610536,0.0004820104417854137,90.99088881827959,16.72267583566689,81.61339896472451,0.008742650903951868,0.007230114432907257,0,-0.0009405773747698559,0.0018861070054374597,0.0018299192167186061,86.34683542583744,65.14670663930673,13.881182988095523
376.452161482219,0.5879628756605791,0.08021779695812065,0.07963870569109291,0.5375786092549385,0.015377885654963943,0.36540340741823757,0.7771720812338759,0.010222956955750012,0.08056734495335399,0.9180935103628376,0.00032928898832701003,87.81727988501532,17.59310877829505,92.81673302671933,0.011454245682890147,0.016813889649893526,0,-0.000457413026831065,0.0005081272076187589,0.004758485797026532,85.32213502301884,64.97218792085866,13.20314390380274
376.9898505275563,0.5855545102683497,0.08003581166955084,0.07856515011484587,0.5305525991215541,0.01521372012692402,0.3645074137534447,0.774013123954241,0.010500186783408179,0.07997905250275,0.9279860306273009,0.0003207237043532149,88.90427090341393,16.438442717952015,98.55538140474077,0.011863030515132785,0.019539565733381753,0,-0.0016720133838852543,0.007575884481580162,0.005671698696294627,86.21019010547548,57.80462429371631,14.686666199886465
377.6602160905741,0.5877920980139881,0.07979716826512749,0.07871069422484676,0.5595331295985204,0.01551650434486036,0.3702412291896029,0.7715926808310263,0.009930003330964221,0.07906247890178807,0.940239225009813,0.000663506474717761,86.42535567127669,15.520485531357224,104.10050622467345,0.014670845984683323,0.021580219474050012,0,0.00384245130591716,0.003590828968234182,0.005058823611621849,86.1395932906801,56.30502581091069,14.382641272780528
378.2817008312886,0.5851081863581221,0.08031386000080547,0.07909251950524611,0.658814606613994,0.015141073698594385,0.37019578912216766,0.7844284877986709,0.010271283700717474,0.07648434967944298,0.9271259325127292,0.0012976748241908549,91.4858402302262,16.93016016674763,93.0647077280971,0.014446929312196816,0.022018955180406485,0,-0.0019141565409444019,-0.0001865920130592288,0.006419799766689559,86.12563039920869,57.2808523973485,13.430347069578577
378.89620259738837,0.5863654754987898,0.07950165425872391,0.07918662056888968,0.6660151337633269,0.015303987797182134,0.36508116473591484,0.7793456632862967,0.009572982224540004,0.07678246081170255,0.9603053249004996,0.0003607587418870592,94.68518681836663,17.175668548445547,91.90175219588014,0.018195877507778322,0.024862498336858312,0,-0.0009756453381116782,-0.00025001562099349114,0.0021469192163041987,85.402340304395,56.710347437511366,13.843876847418874
379.38501082042217,0.586623994107729,0.08058434059381922,0.0782674053582754,0.6240239483257047,0.015620025911436033,0.3634394386528076,0.7930581722870207,0.006136238262710055,0.07661938390293514,0.9515596836753755,-0.0007351300988087344,96.79987779142598,17.449668051415998,85.02945647010998,0.017749104030388846,0.026772824801824996,0,0.00440532666948939,0.006992756849145341,0.003150011813289779,78.3763123124885,57.30656863251473,13.625612087191254
380.06585084536226,0.5878559593820095,0.0801020416202777,0.07877041517051238,0.6359408775430557,0.015307173841772806,0.37310129512251833,0.7912383774044335,0.006887856714430019,0.07732783774250207,0.9506421856241886,0.0011591947558137518,93.53243307334088,16.68731295271046,92.63037861904992,0.018108268790906698,0.026292404350336175,0,0.009808269892327123,0.009651739625620742,0.0048153773801480676,80.04223632343619,58.34732662134069,21.67485418728013
380.6838440987693,0.594175153228134,0.08049012098011567,0.07888574343338638,0.6124728590955257,0.0154495125519132,0.362279989191729,0.7973226331039086,0.006999844271597107,0.0768225586155049,0.9334195090658578,-0.0009150089095006398,101.2056170441682,17.360127756492336,100.22043053712058,0.018074495331494134,0.026450389471442116,0,0.003707501518931562,0.0014184645038410593,0.0037156367559871683,78.40935391502963,56.59292894809277,20.065454924471243
381.2983458648689,0.5891035963597318,0.07978276011471283,0.07867888821868359,0.6365017974085722,0.015484571721799947,0.37309464891850347,0.8019410394690073,0.0066025033795691504,0.07632001761814357,0.9454827080580732,0.00011943685661210957,99.73279721862411,18.13127329438608,94.1403925038773,0.017785679645280314,0.025549017497308868,0,0.009563549212135045,-0.00848365058336123,0.005919611534470246,78.55879351297379,63.87818446496863,28.043294794408954
381.8046115244398,0.5856160323901739,0.07975336038850757,0.07892908137300435,0.6183189609929579,0.01561922023464442,0.3718257009940953,0.8131758652729538,0.006836772307359572,0.07686435128165807,0.940785251899362,9.697529598047112e-05,103.30258186958885,18.60854546082895,95.67923417914967,0.01854732359648361,0.026839454788113084,0,-0.001970592675372056,0.0052533796700681016,0.005445843470051556,79.09707436895967,64.81316392542531,28.259925569231903
382.50290898591675,0.5869392226175678,0.07975323034444082,0.07914461597677336,0.632910211765575,0.015487124470571486,0.39258664979364133,0.8168413409712877,0.003328170628127505,0.07688852290480973,0.9322464418206783,-0.0006784065639227621,101.58200574763046,18.226726822236625,98.30661931861064,0.01797073143640384,0.027972833581200555,0,0.005399066424673065,0.004562498956377729,0.003554993910569053,78.90809105577918,64.4663487731281,28.287040829218473
383.1243937266312,0.5835426415310231,0.07679152018524671,0.0795738251456801,0.6415784681449136,0.015610757996914358,0.40857159492375883,0.8241607155527363,0.0003701665011811262,0.07650212896036683,0.9212886935441368,9.949555240363973e-05,99.32178220287454,17.53841230420678,108.15597122773352,0.018310922123717297,0.027943206227092468,0,0.0045474684211198445,0.003886104473070821,0.0009513651835420666,78.06402333767018,63.969031338637315,34.721212631882516
383.51893179236566,0.5885596788964796,0.07621864005956777,0.07887608018368703,0.653196631956822,0.01544527037287586,0.4080055349019163,0.8705161328885932,0.0034874642156916347,0.07654600909515982,0.8507395219059349,-0.0006384248850303325,99.03027523256901,18.23427135238887,96.91115384986813,0.019122662277815342,0.026340659403513097,0,-0.0008418508887915203,0.004090687656067474,0.002166897814031148,78.85413003606445,71.68646375462302,36.14984954858235
384.2556356142239,0.5849209275689206,0.0766401568114338,0.07867721133328218,0.596372435325786,0.01666393130010872,0.4350071775509223,0.8779076445801028,-0.0002463750205944444,0.07659138860063189,0.8535808018437503,-0.00109260165463529,99.74865498299096,16.64749343672858,103.43734523465235,0.019613153119238814,0.024295216048540437,0,0.004170950272361607,0.006933328389393791,0.0038761128062024274,78.41053949100197,72.1353291651336,42.387240349847495
384.86664589301614,0.59113502504589,0.07721211995834813,0.0784991403951519,0.6103029490573448,0.015439009406881954,0.40492628703830225,0.8656360758559997,0.006668443184883815,0.07933434302994413,0.8332725218642965,-0.002164310177466939,111.78970029822086,17.72100092104178,94.15039046395833,0.019542550784427598,0.023804397685601296,0,0.009473071054995966,0.005715506646061191,0.0055049316619844415,79.15644360049,71.9616573315586,49.26404799755698
385.4811476591159,0.5933544449544877,0.07605419013702068,0.07849042792315374,0.7148600071387827,0.016874287712802066,0.40265315378495925,0.871650018161605,0.006911522368442899,0.07963388884176094,0.874825042428195,-0.0027314567778619694,111.8960283407561,19.039394081827577,88.16788683971042,0.018495007811469844,0.02015581230663097,0,0.010541214698641018,0.005214710511702455,-0.0008484549242448987,78.00807437893037,71.23978249956447,49.775985670315734
386.02232819176055,0.5922368755869335,0.07686759200416077,0.07880042388054831,0.7140234462630132,0.015591194060667963,0.4077365954758767,0.8717713714743025,0.006728051575420362,0.08020892410200595,0.8456409036126209,-0.0023046335224207763,113.46836570732164,19.978622577087574,97.1153971177068,0.018303269396828734,0.015060971276154014,0,0.0025244195596264988,0.0036939272348014253,0.0027623563619792414,78.24755201125936,70.60188115386445,51.46778436099556
386.7066597040079,0.5972961421576855,0.07686385182226374,0.07785389840667462,0.8235827005001027,0.01590078604451444,0.4055762752282777,0.8741284631113249,0.006746520774572605,0.07988471007092633,0.8184514599174558,-0.002330704707207314,111.19911320361427,18.633726154786924,109.27671508598027,0.018301984521905255,0.024268113358114365,0,0.011227003205412957,0.005452247593570904,0.0036915560198662704,78.67128797442322,77.59941999451082,50.4164583906997
387.32814444472245,0.5938952628123877,0.07689859245378136,0.07692863029780612,0.7512539118563895,0.016199898384924374,0.40704838989895015,0.8652903474963,0.006501480966342044,0.07958943426659149,0.8605380284705628,-0.0011863637831192283,100.91071860692023,19.302034282066522,94.13537102968293,0.01824579216269115,0.024989764501294597,0,0.008513430059001901,0.01049809298861638,0.004139116095034575,85.85640716960606,80.07494747010038,57.14939558507933
387.9635951346664,0.5848217922014113,0.0762196842887117,0.07779482514750807,0.8753736371243442,0.01600464224355357,0.40513959002961436,0.8080692162012135,0.0067723000127136645,0.0797103521542933,0.8154193824575947,-0.002465420539421263,115.82229332784355,18.22923238062233,87.89711863670698,0.018756972277026277,0.026543651646320162,0,-0.0024596128157273163,0.00840191786096909,0.00572349492895167,85.27249347760815,77.30146991216058,55.651555547730865
388.46986079423715,0.5939159994272952,0.07668636313127318,0.07814384276237984,0.8787829249624906,0.016011908669447045,0.4025360277047297,0.7995884735384052,-0.0002320450785884334,0.08020411432307,0.8142843239817847,-0.0012342428229813475,98.92836785125628,18.27756819329299,108.59655374918374,0.017515252163972855,0.025779633150643844,0,0.006029143455468742,0.005233561624993525,0.00012611817508127038,84.97758106046355,79.87149388980515,57.85044501113763
389.1402263572551,0.6087786892399609,0.0770950427600431,0.07749071191957152,0.8914651394903039,0.015919394271361412,0.3710780092597177,0.7822960556945204,0.006599113465882188,0.0734828423233037,0.8098205260012133,-0.0012254266491803732,101.34812608329395,19.72707363208696,104.57260749634551,0.020559518877569852,0.025198157710890904,0,0.008090539806464368,0.008460396099631512,0.008626891296955295,85.38773725121732,78.1517278288957,50.47962921234502
389.7791685345064,0.6063567749618614,0.07702077389136945,0.07762965709685642,1.0601725425500075,0.015319575009865237,0.3546626135903601,0.7740662534992037,0.006566467958865006,0.07345512725387972,0.8212405434712355,-0.00114213536139721,100.47181241741424,18.682261381693618,102.53872911258746,0.022844397509060182,0.02209245623027865,0,0.002121986588211386,0.014530596652521932,0.006630275541026754,85.44459389754277,78.34239864803651,49.508497302307525
390.3727213767619,0.5937879922132995,0.07689643577188547,0.07662821424519499,1.1262786674011573,0.015875195298459193,0.35233963620796205,0.7784305139106228,0.00015153429947804015,0.06628381855349412,0.8187460032668027,-0.001215518134429762,95.7547776232354,18.920789693185576,100.75958895177592,0.01707112685921101,0.020459187434634995,0,0.0015285318666187356,0.005455677268674131,0.004952803091812609,94.45100655353225,78.82967368827671,49.41329050459923
390.8894614982547,0.6029676354513092,0.07589879725435848,0.07740019013970711,1.1271548242517027,0.015375232801677229,0.35282805599347694,0.7778416438304658,0.0033838541689827266,0.06602173056391651,0.8156053281982419,-0.0010815369746396812,104.71671737285783,16.82909893881923,106.05392291848842,0.016771168531378985,0.020856677048486198,0,0.0037323641915354743,0.006542328099373449,0.0030539482562368693,92.896276341084,72.24349834844124,50.326602657452945
391.57728449780956,0.5852120167022137,0.07679462879896798,0.0779083558198947,1.1288095493557297,0.01600196459931581,0.3576427212291594,0.7937830556813762,7.469967357485508e-06,0.06659517560978866,0.8292545745855701,-0.00019585468262719826,100.38753960924105,20.630713458815798,91.02307251520759,0.016269987551221627,0.022796290119062593,0,0.010339182124210797,0.01310738563021922,0.0028535149823864436,93.58843173292686,71.1321302170556,50.01266204140504
392.21622667506097,0.5863490756895057,0.07673274674118785,0.07741881785897628,1.1321238691396007,0.01552344198219136,0.3527320826241232,0.7756386536442019,-0.00017366827237923395,0.06655160382672266,0.8132112421179943,-4.291966188100155e-05,97.47158116071428,20.516684851279432,96.55808998720939,0.012199015974655,0.018133487585270044,0,0.012901330026978762,0.014429315631176168,-0.00011873665673284815,92.8162235196851,71.24224661728285,44.09236553551628
392.79930505539426,0.5863940053950271,0.0767437623093747,0.07792589053319213,1.1446213964452445,0.01591044657046977,0.35503966154336,0.7788785250291248,0.0033586760275303757,0.0669761856110542,0.8207155206412606,3.8097162038573326e-05,96.9956387689976,18.618178637639467,93.56520989243725,0.015779379670757095,0.021471447012687432,0,0.005678483933352585,0.01805211470570617,0.0054824734237861154,92.21727623250291,70.7430155710511,42.597059523099375
393.30207922765766,0.5668155789072268,0.08393956917136693,0.07775392168958667,1.1180111650222737,0.015310204508498314,0.3554585977963913,0.766632394516751,0.00035125172933526977,0.06676906202437671,0.8161925362404231,-5.968517043318316e-05,89.16278641452705,18.348123781158478,108.12973261460185,0.015979633775744576,0.029031405446243178,0,0.014210650598070652,0.03670648445805797,0.006752162227617032,92.36745641244013,64.7082865302693,35.18725735307957
393.93403843029427,0.5872791346887635,0.08677283517926519,0.0775577558848433,1.169466592707989,0.014868256818499124,0.28891432976380393,0.7670905285768369,0.0030741221353901465,0.06644870396174525,0.7906946910287818,-0.0003674057591892105,99.74293158411672,17.793465372029797,104.74024023575481,0.011819179544632144,0.014932101888519045,0,-0.002774538218403377,0.031154623178681437,0.011208531365893941,93.06791162364789,65.45054261730122,35.15029755606093
394.54854019639396,0.5855329271022387,0.0863733453052214,0.0790191216954492,1.2759208916909177,0.014458198106113523,0.35490626805696684,0.7680848198140231,2.014971026788275e-05,0.07003597923742734,0.826188099561895,-7.902579474746762e-05,90.70041867828142,19.483152421816218,103.81999888931036,0.011602232172568486,0.01423539702167978,0,-0.0008002970582580487,0.03677511041822887,0.00606040924459968,100.08801717939231,64.33151921727836,35.86300861515002
395.1036866782681,0.5848530830634505,0.08738430310692816,0.07967019488357581,1.2702524540398508,0.01406857445679311,0.3335010409273857,0.746823957195401,0.0034898347673370032,0.07071732345789124,0.8081699690788977,-0.0002513781093245094,91.77453486681293,19.390169009444257,91.73807644467823,0.012661192686328517,0.009297705943269058,0,0.00165212188147745,0.038304065179323554,0.012935793131553072,99.77746799676497,65.61715268385169,35.60930569917539
395.7915096778229,0.5662688191364946,0.08649371741707265,0.08032242264020675,1.3160146378097999,0.014339193407337542,0.3376086758888479,0.7499264912907292,0.00018441695186941442,0.08011284330489517,0.8191832213150868,3.364032246000512e-05,93.32652940373858,17.627017018572907,103.55997391475591,0.009839641039049597,0.00923356766211135,0,0.00700336323504265,0.03769055946712734,0.008312161166202427,99.91808394268294,63.31830322814623,36.58138724742435
396.381571032771,0.5679096126239408,0.0860118033178174,0.08153981937676973,1.3385103627248145,0.014292559631713027,0.35873653762650026,0.747477727030287,0.0032280326181184215,0.08039224009572539,0.8323337441772803,0.00012174869712077917,91.67212566900757,18.162201879885398,99.21542755737912,0.007677554704397117,0.009356147773689826,0,-0.003153816437882737,0.032882283607780324,0.0097537399825728,99.05124110593727,64.07705957527199,35.98452440183607
397.01353023540753,0.5867177423438443,0.08353501706711357,0.08095759833035122,1.3345977372418203,0.014326416383084316,0.3549363465333301,0.7543214755448236,0.0028287234444785416,0.08022008451663779,0.8067292449106773,-7.907908239008737e-05,-15.258103875169665,19.64282235825915,117.83515227462831,0.007364733049690679,0.010493330970889374,0,0.0016948438441992816,0.035225085166553864,0.014438237581242581,99.3321525577792,64.79557052962744,36.02874411968598
397.5267788695931,0.5872901039608253,0.08349009634896401,0.08162635278352968,1.3730802475071533,0.014391912519570156,0.3338210040398872,0.747035489588022,0.0035292987898575537,0.07959982729198165,0.8401193243238141,-0.00032087708450411867,-15.48963195412463,18.518482878085372,109.65570250817538,0.008112236324618431,0.010594492683844077,0,0.003911786124237846,0.036057165798521404,0.008989367475191799,99.64756795353678,71.9465237165692,35.872083026167275
398.22507633107006,0.5662409224062024,0.08348110678650983,0.08210870790459816,1.4660769309200326,0.01434173172782396,0.33515898551383877,0.7522030628977093,0.003565910910784448,0.07941335818573653,0.8320561545416297,-0.00016680419971742773,-14.466309850781942,19.09737275399165,103.31287968775374,0.007677121022584875,0.012316817155797983,0,0.0064135726704154915,0.032823419656691846,0.00764234739221241,100.32199718555022,71.85109226777865,36.351192375130616
398.8186291733254,0.5663193752365612,0.08318001877595514,0.08209993362355153,1.4948068322810377,0.014210913080635507,0.33688399681209064,0.7324892541638899,0.002961804931952318,0.08008865493489553,0.8496449788256563,-0.0001345852995942112,91.95994068238772,17.605067951022242,92.01688149560262,0.00976496087290897,0.009607589305936743,0,0.007196532803482574,0.033930615301125636,0.01198685994976001,99.5470370429181,71.31522906934335,36.02212138180127
399.27601401059286,0.5675189375240692,0.08365107239955726,0.08189157074057868,1.5805015993449536,0.01428006278754358,0.32581549577547325,0.7277798939949744,0.003352619614953085,0.08006017999842047,0.8369038926576771,-0.00023414801751391208,105.05607307279519,20.18778986908553,111.50557133031606,0.009792155226319892,0.00970073392161769,0,0.006412013361044197,0.029924580301589575,0.009586055405192593,99.58809553596772,78.66612718692939,35.99038613856244
399.9987518832215,0.5710242825144917,0.08331775767208761,0.0817057875166047,1.5811000559562218,0.014175555763144635,0.3342669715450283,0.7490010031815416,0.006452855153502774,0.07639800256847581,0.8638795168603783,-0.0006204130239692168,117.46341000993456,18.332059659077522,94.46948989977024,0.009756453413634873,0.011184997762851126,0,0.0004082996948953071,0.033548285871795404,0.005525768517410732,100.15224309599692,78.30864361924976,42.1972959402842
400.6446770350876,0.5663843907542033,0.07977079723160668,0.08214280963213894,1.6791496331366955,0.014502249285940764,0.3349184692775978,0.7508804348223185,0.0033896736180052734,0.07755865093921642,0.8644750134294675,-0.0006735017266807727,113.7343193629962,18.60529830405183,92.77307231468235,0.010380287303009725,0.00970913391385962,0,0.003847155764059123,0.030150213535018528,0.00846439686597053,100.13825202057471,78.57725417001508,44.3090462805202
401.2347383900357,0.5700199872399293,0.08261030608434589,0.08124995503938237,1.6914172453768221,0.014389428967461067,0.3258971967598886,0.7143630888422873,0.006741995036297391,0.07693763971464461,0.8732965265507016,-0.00039292171849368514,124.04131780405636,18.481921122165264,91.38810933660564,0.01098336804947374,0.013390269472714093,0,0.0018534499636269882,0.02741493937556873,0.00884166528801871,100.09109485510744,77.64168926522562,43.677299223563004
401.78290189729506,0.571872616775638,0.08293159407299519,0.08114003504733104,1.7543218257036142,0.01427156277144293,0.3126944516820724,0.7076830157332855,0.003450031738963158,0.07632047238557653,0.8598967980529376,-2.9713235751664262e-05,133.87887668538647,19.30751548122786,102.38270470462486,0.010872828229288117,0.01865389743475658,0,0.009495030697040927,0.025550533184343617,0.010645598161316239,100.71700712924942,78.03003749076915,43.793075817166546
402.46025043492773,0.5706952169786325,0.08358139297814714,0.08205039840535251,1.733980934257322,0.014213639044836733,0.31394190559125795,0.7092398624977071,0.010419026463382839,0.07687389228133065,0.8639597070591026,-0.0012081868787246135,125.29445501318119,18.03154413780468,99.99201707601387,0.0162894192669367,0.019116520100302223,0,0.0056749765647028175,0.003820724855177497,0.0020021142250424215,99.99577832181947,86.09271521277121,42.28652642708565
403.0572947644905,0.5703212227021627,0.0833552451182768,0.08223662255939648,1.7347183389897818,0.014167729611546635,0.29481283649561685,0.7038311559873922,0.009795283202505316,0.0767045699085298,0.885632395565425,-0.0017639028478088703,128.0354660396778,20.145228719791472,120.16609500224085,0.02157284147192091,0.020297704036492788,0,0.0014605269102379204,0.006946063321447366,0.004176336467208762,100.44424811830308,85.18706816255752,43.065029028182956
403.54959447483174,0.5695464515757042,0.08312978649758947,0.08271793735764112,1.7446004591396225,0.014363199519599603,0.2953923048467173,0.7049852919522273,0.010296805358679254,0.07660573150765196,0.8868096035713678,-0.0021621174863105156,128.17587069500098,18.215993699968124,97.82982400519151,0.021998735897238508,0.023340545292940686,0,0.006635716630066077,0.004130316851052722,0.0019337906933798725,99.69530501963031,86.94444940478333,43.12536331803937
404.268840860153,0.5712342426363327,0.08707158286210992,0.0830392597436863,1.6950325069758794,0.014017274412942026,0.29535578811383906,0.7034999376844805,0.0068323228710232085,0.07670366966404304,0.8903050748696494,-0.002105672463733696,131.7759621952418,20.82635597677737,95.04958667486358,0.023659116303158718,0.022127550085892997,0,0.00584957041479147,0.005570564602922445,0.0026030110229016685,100.33900316094903,85.43504423503313,42.30761639937439
404.8658851897157,0.5889260767950055,0.08311409381745818,0.0839801003478563,1.7726464224179346,0.014051951036169472,0.29104465598313445,0.6892653011938926,0.009987112848850418,0.07673718825891922,0.8756267974510418,-0.0018341257468762356,125.43243076180052,19.73270363446503,99.96537200529772,0.023951201026909792,0.03333596592835957,0,0.00660754807354575,0.00499587004102218,0.0035094609292685344,99.39433843406249,86.90501642224197,42.0720675597892
405.4978443923524,0.5900796125922664,0.0864779560684156,0.08696668979604007,1.7477586223571653,0.014011877344908772,0.2976733133170833,0.6924490089612081,0.006758253313492016,0.0770119220922231,0.8691900294811215,-0.0019193336473245128,121.70325399383066,18.00851972677965,96.55002632466288,0.026136319296423197,0.045414957291277556,0,0.001267968327147091,-4.8948627531536764e-05,0.000958188262264491,100.24959323722238,86.35687114850073,42.42146357332192
406.02855046307485,0.5903406758394556,0.08641197249505389,0.08873588574937306,1.7395833242933971,0.014164405321807301,0.313920677955882,0.6970325796244858,0.0031463921174071843,0.07691457613372116,0.8871982357634214,-0.00022381349020953936,119.77777715865044,19.92472898774579,123.37847495861978,0.027382239008606816,0.03428381244797412,0,0.0086961168050728,0.009164125456290952,0.0017598038172080377,99.87462048019333,86.73648502899893,42.37553347044409
406.691933051478,0.5884555419506164,0.0835580988568009,0.09059293125775691,1.6660243622535842,0.014156483729397465,0.31301057494607304,0.6841162631213378,-5.378505734292903e-06,0.07671299995221294,0.8801204373632024,-0.00014350336996293855,120.31433967000525,18.232874421183414,103.5668163154438,0.026727589657009013,0.04457576418281792,0,0.013251457690224809,0.005056010581092514,0.0013367419718335572,100.05974300737769,85.08088902318657,43.03364432997485
407.3099263048851,0.59095431041345,0.08686156435928674,0.09103710983817478,1.6749283121155594,0.014339894301896848,0.311958665405868,0.692145302816961,-0.00015316809275379035,0.0766064127071897,0.8986461388517294,0.001111322334101477,110.1771950842991,18.65968147996522,93.99101452363963,0.02652978354016479,0.041436046973990524,0,0.0015311100747101743,0.007629872115295672,0.004881270786925928,99.09517357656469,86.12594107579895,40.59205011174903
407.9349025329069,0.582762835358817,0.08265049354293305,0.09281104703416941,1.6174396119642156,0.01415515689120944,0.30762939327540034,0.6906364483222343,6.038766164272977e-05,0.07650646570945435,0.8827097067736811,-0.00017948266928860838,112.41061403752747,18.57089627195578,114.37919121969452,0.032127953346722624,0.040794911141387086,0,-0.002716146141345418,-2.5574924920493923e-05,0.0018147470747398341,99.54366348081855,78.35253486903112,42.82987168591698
408.44116819247773,0.5901036037103179,0.08325189712914835,0.09510705231123721,1.622683316537784,0.014133732184882841,0.3107401735120806,0.7182595743193835,0.0036642957603259824,0.07650232436782935,0.8769617406419716,-0.0009242945841054693,112.59288781811983,20.65527072924058,98.81717694794422,0.03229626313744825,0.036213861257394966,0,0.008371791664014645,0.005147985053331682,-0.0011325851556984786,93.1280552123031,71.25396126117963,43.404222829031035
409.1220082174177,0.5871289719195438,0.08722675464917612,0.09468604783796213,1.5934674426037743,0.014640864447575924,0.3176731914223129,0.7576966159069837,0.0032395463318978996,0.07630519235606893,0.8834346015414885,0.0010293550314162262,106.70575520715009,20.502064690848353,106.1339930861402,0.022653468604089073,0.03539100528672038,0,-0.001487637521519966,0.0010426130207475482,0.0018465362547341714,92.82455076236712,70.75120498715309,42.12221097457579
409.7295270089027,0.5873046677834788,0.11993856491300381,0.09592684435863899,1.5840114401611134,0.015023034802987553,0.3186620584153323,0.7662364132273048,0.0034124856181492035,0.0799160484948418,0.9247855139475119,0.0008654118022923084,111.90871782990924,19.67576612157199,94.65523857956046,0.022505767986262682,0.03497637571654217,0,0.008646272024630867,0.010785925355990992,0.010860466164397908,92.64184063796824,72.15630745941695,42.65473935302488
410.34053728769493,0.5883896632356929,0.11669480066090257,0.09782065737703577,1.631199926034861,0.015088040760659201,0.308899928841226,0.7614145152201142,0.0034332515706429964,0.08016379721660011,0.9241991026433994,-0.00088497202906539,109.72441564883476,21.01158461815287,92.57684520735752,0.02203119008673734,0.035206784239008665,0,-0.0015781507793055922,0.007732822277438634,0.005115264702853993,92.49993999161225,70.89959603115035,42.569621200555865
410.8817178203396,0.5857438065288576,0.11703276242485042,0.09828286250027997,1.5856420987296211,0.015375283432519357,0.3092007449027918,0.7688837030324492,0.0031167606078930502,0.07992337290977405,0.9555287742099318,-0.00087645606677287,126.5934556317021,19.725490431594057,101.11555487773943,0.018942183185440234,0.034888917502895946,0,0.0030534403021539305,0.005293272178653141,0.006440837033265225,85.2682686021596,72.61635395492532,42.728225184437335
411.5381174341279,0.589173617717139,0.1195567119649346,0.09865311215949424,1.6022774643682147,0.015725661225713172,0.3103920684630919,0.7676200934833065,0.003528581981469537,0.07992353549492046,0.9332625658882805,-0.0010033790215557969,130.83997834925339,20.320843763218036,124.12834014926395,0.01777585230967422,0.022780665322599744,0,-0.000569628531662258,0.0150398565222156,0.010657626281149222,85.5960154072968,70.99048450101755,43.90497784823719
412.15261920022766,0.5881256630346177,0.12074038915461945,0.10005009197195609,1.6376174010617572,0.015892717622484405,0.3084080597873617,0.7835239734543101,0.0035101157584532428,0.08036945139738277,0.9340811475781917,-0.0009622959274702165,132.68633264874654,19.620321413827934,107.77968022070519,0.016035435516820396,0.008098165592408947,0,0.0036795540349123935,0.006342641005242308,0.003042258718321195,85.2996057334048,71.98368652579052,42.5802060972092
412.76712096632735,0.5814463848482171,0.12002670861445935,0.10020117337768018,1.456828408828362,0.015577471626821384,0.3109929815406788,0.7821802462129198,0.0033795029407954857,0.08047263193634882,0.9130614140358465,-0.000882182206922328,130.92657250161528,20.041991609704617,111.40247333797755,0.01240012323578841,0.00834779685943525,0,0.0006624662377198256,0.006178573733729927,0.008407731349546383,85.86236457176975,62.930098378600334,43.416214361397195
413.2733866258981,0.5871547111400526,0.12319313124653217,0.10325435285706602,1.4310421161263134,0.01587069243225134,0.31663808243329317,0.784690192688153,0.0036222752763240516,0.07963001371001242,0.9236626295980944,-0.00025587763556051324,130.3239403089702,20.721539668146598,110.63459425227946,0.011114338352429299,0.007131508220792447,0,0.005686831736124125,0.0037216979159017537,0.006030008326106615,78.68957137170158,63.80031064626087,42.84539061150483
413.9507351635308,0.5861350589164961,0.12309159603296668,0.10394340594500304,1.2734629592639384,0.01581825539125383,0.31831562933260654,0.764002425835924,0.0030712803519627714,0.07936146394858318,0.8920531195292924,-0.0002029830831693558,131.77085408478905,20.42303894654145,104.98865054103723,0.008791063384629,0.007163968085109064,0,0.004745839251444827,0.0009345229653300122,0.010419059356898741,77.96382359740993,64.70780268591129,43.48840002632652
414.5931688280895,0.5851189409999916,0.122873904671596,0.10511792102208851,1.1374618851021658,0.01568590571411004,0.31719131923957405,0.7557368197539438,0.0034220159932984635,0.07974220642648182,0.9007644715525246,-0.00019854894812627147,132.5422212427689,20.477615003957258,95.4202457121623,0.00825218963625056,0.007579519037373721,0,-0.006354099317623237,0.011839939851059965,0.004674808680798299,78.2274660134511,63.331969264194775,35.444299067404806
415.1797386957301,0.5841556895501995,0.11977499460315394,0.10744592067400144,1.1034367465577901,0.015725169667659418,0.3424702591522775,0.7551874328242966,0.003776093459345142,0.08001235761519437,0.872423727782275,-0.0003581143440562337,130.29116365211024,20.235275599816735,90.46634261672645,0.00784915493361074,0.0059309047580731085,0,0.008252953625297656,0.007212856146790131,0.005135309753455013,78.96296409840144,63.527499496594324,34.63377971344668
415.686004355301,0.5872237430376246,0.11694828796745714,0.10811031567554549,1.0065091923399367,0.01574019907350447,0.3464046741664362,0.7611933742251502,1.8621090850109303e-05,0.07959254383740097,0.8625621130428022,0.00013269619774370972,130.1016517990297,19.366899754598897,95.77169119182673,0.007377946820803531,0.005184151797993902,0,0.006603179393854738,0.010772999423936763,0.007740233416999066,78.54136725211546,64.93106123914812,35.95997249613488
416.37033586754836,0.5874794208456854,0.08661972936029627,0.10820944769307161,1.0483945008100894,0.01580591178747867,0.3427417871050673,0.7638048814489983,1.8417395114819575e-05,0.08014477019366405,0.8748496759641834,-0.0001566898754127602,125.4563606612979,20.22427329328523,107.59403441164436,0.007211152047153803,0.0050930148406327464,0,0.0005315546391782937,0.009203791655811982,0.008026395781470073,78.8417973232858,64.09308182180037,34.87997925146804
416.9918206082629,0.5891702099804343,0.08310182071187792,0.10786103445483927,1.021012813696371,0.01578769958955295,0.3435571212405439,0.7572187335294406,2.369106316099908e-05,0.08000118109652114,0.8433986187513874,-0.000359628396203795,129.45289659849286,19.055689518543186,97.81338734399549,0.00768307982492048,0.005088478055948588,0,-0.006852375210710006,0.006463509741060525,0.004316604174545141,86.06807453653289,64.52309489831812,34.583347890222065
417.59933939974775,0.5811262631287777,0.08335373505208103,0.10869182955644302,0.9795704716959254,0.015326095605553997,0.32116647873434423,0.7692354964189173,0.0003635835874909993,0.08013120620103588,0.8302794637210503,-0.0011871102071335001,120.97162929792223,20.51841680198672,107.16580572487366,0.007851360515617321,0.00634879985293592,0,-0.0010337145974097747,0.0097994446166145,0.008799784730450094,84.8077810733889,64.01673109098377,34.31900970662952
418.109096546626,0.5817468417715422,0.08342934215901912,0.10876774793977943,0.9268908886332672,0.015023867457208337,0.3432611694823689,0.7616576993048808,1.9919798415866583e-05,0.079714944362349,0.8198324820050789,-0.0001810907399313978,105.70835625881422,18.76646457275116,115.69524024714917,0.007873635495330818,0.009046362237152125,0,-0.0008378318035569174,0.005212760294118993,0.003609142581935419,85.93148366505224,64.13419040646595,34.53472628408047
418.8004110334881,0.5850845331269817,0.08016883334608872,0.10835622545991021,0.9723805714796531,0.014935325452947897,0.3454526420344977,0.7680453950557742,0.00015234656747276348,0.0804825322609764,0.8274024233717183,4.563237303339084e-05,100.98036481579284,18.930534689577968,111.42104683611592,0.008612619925984668,0.008627544663418528,0,0.0012784646307933568,-0.007655725283746589,0.001073347961118834,86.1017298608029,70.74592393912432,35.73864911501249
419.41491279958785,0.586749472527425,0.07637366462245106,0.10520868198179932,0.9891113905162249,0.015288066611613397,0.3454564469086563,0.763319560586241,0.00027373627165155114,0.08014137084751453,0.8179961524523683,-4.576900344421323e-06,96.79619480881146,19.84767677867653,118.55102618929305,0.008256631664184817,0.00863903169883428,0,0.010688262716912391,0.0026593745994072373,-0.0018458071564323654,85.89875083960501,71.86832289544338,35.23775370861297
420.02243159107275,0.5791023001592859,0.069551664083815,0.10082024038283473,0.98352499791651,0.01475391978834128,0.3440747271977191,0.7681857032119107,0.00030042972131958355,0.08000953379477396,0.811155119099355,-0.0012129025467653134,99.03969850576732,19.71795707439694,103.302004421404,0.007504538449039409,0.012835008151566464,0,0.00342483368406104,-0.0010271569355021445,-0.0012825269206412737,85.50004029295339,71.85392069390683,28.11471356571826
420.5252057633362,0.5776387786215501,0.07037941005522846,0.09726025664575273,0.7532297216542875,0.014948839990455348,0.3219521073663648,0.764636337501141,0.00033750500212654963,0.0808227196404381,0.8242100362271887,-0.0013104246767491768,107.7795014363747,20.602082288877604,86.13931636370286,0.008074659985097574,0.012558330953749062,0,0.011834399382957743,0.007273599831526213,0.0008551104694564438,92.86659378059558,70.86851494497597,28.274740536178914
421.2095372755836,0.5799272713013779,0.06962868720748655,0.09185195733750606,0.6859386858968777,0.014888327791718555,0.342010028209751,0.7939817122115016,-0.00021310754057022644,0.08055496835075995,0.8120907575806507,-0.001052909266811175,99.37308999562286,19.824363883752145,115.61151258960248,0.007488696319315584,0.016507952837459774,0,-0.0016453555337526513,-0.00018154576884544388,-0.0008151272350308773,91.85884133942483,72.32888205239587,28.822867311647787
421.8310220162981,0.5812677680986298,0.07001323302417164,0.08642150454697153,0.5975603826515542,0.014960364738788761,0.3698289829698302,0.79348208917842,-0.00018660890595740027,0.08021607361517452,0.8229274604599754,1.7761674605266514e-06,93.37664709017491,19.32609082570341,98.04298895445046,0.007935322194240849,0.015163309852091784,0,0.005888979304188899,0.0006965010211757506,0.003408847300027696,93.37330787368617,71.86997888499859,28.029659440753782
422.4350493204756,0.5784856381414548,0.07044654568440456,0.08142277965264166,0.5612800155854225,0.014794622906271185,0.32236203302304384,0.7778563317326246,-0.00010553835026715285,0.0797602558783069,0.805488339093845,-0.0011197395573577641,103.45818512320761,19.541617260709838,99.77679355335304,0.007972002152008856,0.0172227152029066,0,-0.00534959307481123,0.0056400414614338834,0.0025392461359003255,91.84678524049647,71.41518624858524,28.364697690229217
422.94131498004646,0.5805647098887099,0.07015914694684067,0.078833171755813,0.5368087456063931,0.014647078769862862,0.3236319836164195,0.7738958095829389,0.0003268860508132632,0.07696853570846729,0.7985787640087453,-0.00283577102882749,114.9007594130844,17.750341273403713,81.19805605930688,0.011771661949526406,0.019028991739563874,0,0.0026613053662774694,-0.0035104070028376586,0.0007862724958544818,93.3646798433719,71.41233512755703,29.586210571806294
423.6431039288307,0.5766303972407354,0.06991134056439734,0.07395666340163304,0.5346140803086805,0.014711301753009753,0.3715377686977004,0.7828300054018665,-0.00022723061810510186,0.08071693415097225,0.8116053382072588,0.00011561216055242139,95.53898776878296,20.234923042989184,106.22098822138011,0.010822882768875969,0.018105344613674322,0,-0.0011930032025565728,0.0024781892240503603,0.002163902337882511,93.02260248957148,77.8132659192815,28.70391894836726
424.23665677108613,0.5775043809349654,0.07321761086295497,0.07250809552752384,0.4995727750889815,0.014063156207189521,0.3696314381375886,0.7714500350649478,-0.00033352785530890104,0.079604035123556,0.8264040832300041,0.00025038533259732435,93.84492057572463,22.291903818332074,114.12132538251913,0.007846342972056986,0.016208823292357892,0,-0.0034034357287494672,-0.0020542578172729046,0.00011776048780247133,93.21401039958293,78.24455316510621,28.163758464519734
424.8441755625711,0.5746776113209258,0.07313509376326578,0.07094440989705691,0.5038210723206772,0.01399808004344665,0.273998271511793,0.7226320616736776,0.00029094053801534045,0.0802355620421769,0.828299395565607,-0.0022446066464298967,111.84001061527735,20.463302735273672,106.63689112783774,0.007968338031344975,0.016371147361185293,0,-0.0009089821090520838,0.0060755884021338686,0.00111532682565423,92.39906637553823,77.77469326504077,28.921309582844827
425.3923390698304,0.5763496623867025,0.07239940222624831,0.07234255745242306,0.47248211712636506,0.014004845861348125,0.2765327256986553,0.7198537611486907,0.003689479523438856,0.07955212924839597,0.8463559517337331,-0.002024449080171079,116.14351885937805,20.965832188111214,109.90881035655045,0.008757232175625327,0.006220071379469448,0,0.006551543563491986,-0.0019653820722919115,0.0030491710092680267,92.45991111806524,79.15744016251345,28.055662740603236
426.0661961201557,0.5794352650681984,0.07370690430902113,0.07163530587411167,0.4981327329924261,0.014000689700912748,0.2669215089114024,0.7248544123374625,0.006840543031404471,0.0803520934524732,0.835271183134862,-0.002876594033277152,132.38532069969636,21.109004817290806,115.73284428400774,0.007932248934228817,0.005415610927925508,0,0.0019409105551707255,-0.0027246118736905995,0.004712721609334544,92.83528596127853,78.89101324857032,27.75681749051133
426.66324044971844,0.580387524585195,0.07659964502674076,0.071618678881319,0.5187886689353405,0.014008783887272964,0.2744892953471419,0.7134702557387167,0.006485929239426119,0.07944177153048981,0.827820855631975,-0.002097535379780641,127.99896927767927,20.179862617397337,107.47212151564031,0.00915049359562735,0.00577961188723202,0,0.005691641586624776,-0.0023333949909102084,0.004384835442407047,93.13224900252496,77.34561689838735,35.02956298701845
427.2882166777403,0.5724621565131515,0.07693744751525385,0.0727172681049895,0.47188961718439904,0.015215448133472035,0.29511763308763433,0.739197363402224,0.007052699311349792,0.07973951348359529,0.8289146870072757,-0.000919046885766943,127.54148167855536,21.166474136972795,97.24338705702858,0.010601642605940006,0.005583861901753371,0,0.013043609926176643,0.008719659812876271,0.004825257762041004,93.01660335779167,71.51147917442303,35.70833242154718
427.80146531192594,0.5805438949939072,0.07654376496047358,0.07224901241969883,0.48122220296794344,0.015103538446734718,0.2978925659606572,0.7411315227396486,0.006922411970063345,0.08020777340589995,0.8465263192336463,-0.0008440641062392377,127.2946560511403,20.328205312168134,105.71907298828158,0.0157386342589843,0.005833319631455143,0,0.0038333057933200186,0.0022252454487563817,-0.0038488248306038446,93.99132951256087,72.69080805210359,36.33045561493936
428.4683393876364,0.5981559303730093,0.07353875839685577,0.07205888850890725,0.4719972217607334,0.015456623984082821,0.27669314673669865,0.746349156199138,0.006464339394986978,0.07989147463619316,0.8623649178773833,-0.001979265714255165,126.09643378614683,20.848240063545138,106.82292141654239,0.01620058912854154,0.0049956959509696065,0,-0.0011437499152576842,-0.0002849379811149166,0.004802009962629163,93.08831164167277,71.94996688150141,35.3612242791283
429.1072815648878,0.5972404839291335,0.07717306875507642,0.07297801902717999,0.49977015545605036,0.015749551961344248,0.2965239527944347,0.8007734809870777,0.006501141264921807,0.07981914547548606,0.8768194806711448,-0.0007019271633956237,124.43944329512867,21.005794537085578,107.0088938446942,0.01643186840156418,0.0070565507614741355,0,0.0023916828682080146,0.006561707782042429,0.0030362688265790673,92.5300799123681,71.09580247976247,34.73325436590417
429.69385143252845,0.5801216050818072,0.07793540477628383,0.0740185633924766,0.4860992684237777,0.01552847271253233,0.3648129164873223,0.8079565444215053,0.00671336627609146,0.08018357931013162,0.8679144318354953,-0.0006983429078886635,119.04585625240449,21.327774726558644,112.89189778354172,0.01899043397829557,0.004930443907100633,0,0.0009296346470155556,0.0015537216755440453,0.006034137817530054,92.93261433615967,71.81510171579816,35.67561971253464
430.2839127874765,0.5970766585889798,0.08045251344943966,0.07865824464406772,0.5188146664835092,0.015592290512860985,0.30490573768217255,0.8161573194893419,0.0067618525723861,0.08010185809801815,0.8806765035774535,-0.0016661156154429346,127.89876694062232,21.24893204675087,115.71934637345808,0.019735627543177946,0.00603817013777546,0,0.0018660080215957802,0.0017399063614117463,0.0028184400426857817,92.58337049691865,65.15281639363783,35.53215158801528
430.91587199011303,0.5902579697543575,0.07996356895089897,0.07886908920669215,0.4812716446105836,0.015572012086411029,0.37266772827113015,0.8073510933328765,0.006312052984654941,0.0801049476228292,0.885562515387084,-0.000761870637171878,122.587566985451,20.03269011036131,119.53771167155514,0.019779460375822747,0.010951500468310133,0,0.0034120092306200375,0.0059202751381254295,0.007546494235335598,93.78230063818424,57.002622874160004,35.96876538168192
431.54433970544227,0.5989278230872305,0.08038517921435533,0.07990713063188654,0.4910156230059097,0.015978584567441743,0.3736260383579231,0.8242689969534331,0.006546264097835157,0.08082205511593668,0.9186845453353113,-0.0006145518733036783,132.61604546352694,21.098290809841295,112.47621557313867,0.026140637571311246,0.009873672462137436,0,0.004756478386297775,0.007570518075009049,0.016433542285119944,92.65282343866387,57.84527185649577,35.33623116320185
432.1518584969273,0.5913516439298578,0.07977872807594051,0.07993512221008262,0.5499538118404348,0.016269589372485745,0.3066421141964567,0.8286854492735845,0.007092595584282253,0.07995483310591071,0.8953500245338493,-0.0017624976162665985,128.84316243938255,22.542014757426454,114.62378292491222,0.0256385592241404,0.013894608180607414,0,-0.0028428971806989793,0.0031402991113408333,0.015103438735899541,85.73335222368662,50.918870099028965,36.466251915943936
432.64066671996113,0.5870953436721534,0.08006685743080824,0.0802707584840215,0.5210824346685152,0.016888948865322072,0.3055713440383204,0.8217082495463236,0.006661816895117813,0.07987534348668954,0.9366125167859225,-0.0014843486108778337,128.01450597209777,20.252750496135167,118.72359609502294,0.02631741741133145,0.015001767884880335,0,-0.000747484786396174,0.01423490305450597,0.00918883523324998,85.92298658330401,49.87715491685371,35.84776419271129
433.3215067449011,0.5908522439239531,0.07990919282963115,0.08081542905489253,0.5628250298861776,0.017185120973398495,0.30632765793999306,0.8223326476570914,0.010119639350616267,0.07991049336618433,0.8927643196709852,-0.0027818096104503575,124.61402607347934,20.71451053155071,103.57648775454983,0.04334266240798146,0.02884118579251891,0,-0.0010277455751463338,0.012379573606720776,0.01052694484705058,85.23192883903496,50.04675912535499,36.2696334111724
433.93949999830824,0.5871927005616573,0.07952556883068809,0.08219826253248025,0.5676987638641509,0.01611296327326108,0.3058255298827837,0.8226687885459683,0.006496627171592514,0.07994111673147938,0.8962698879598483,-0.002693335349337966,129.1679035815672,22.098588325479597,112.47011723823465,0.026249209920304287,0.02916842174832409,0,-0.0005148928213237355,0.0086180972122853,0.011526071027362991,86.24355835638502,49.64405698692788,35.23715202116718
434.5644762263301,0.5797404106064705,0.07992435830062292,0.08300705014814297,0.549298268518705,0.015671407346287226,0.30499763607569325,0.8086752357318207,0.009742128715984812,0.07995409022177828,0.8491225105248399,-0.002902810507577127,130.7928151693359,22.402881784650443,111.17904590815927,0.019442911732458122,0.028687360181220246,0,-0.000201623665659326,0.006986993410760582,0.013023168035015607,85.95580540082167,50.66886930674682,29.239511523998516
435.0881993224378,0.5738418019622153,0.07960976988198565,0.0836704929871264,0.5325692310097117,0.015587866042485599,0.3042475568542015,0.760737211331557,0.006393710970149406,0.08029451988460887,0.8218836905888388,-0.001519677432149754,118.96727032778433,22.176960517996324,109.13059203973387,0.013668202722460871,0.015192433180235719,0,0.0028336680720643147,0.009215843023545485,0.009197557126570697,78.01902142177521,49.07487010327398,28.54462343366403
435.762056372763,0.5778617577651926,0.07972782718190158,0.08482900835024194,0.5568163701470222,0.015600644212862155,0.3069142789941313,0.7600271216517379,0.009692570863134837,0.08040756378400228,0.8270676572578196,-0.0018610796500067586,118.06641968605432,20.784008557779096,113.48497551428602,0.01901055848448051,0.014327400529415448,0,0.006296689406374645,0.008954062604986547,0.01020332985665013,78.80226189472897,49.703632904003946,27.193099054873933
436.3660836769406,0.5848102068953097,0.08039835306678828,0.08378327581153575,0.5742734178057266,0.014497958151442673,0.2759134479326778,0.7406393516834571,0.010429849810107254,0.08004715356274263,0.7607500651775803,-0.0015037886310047593,118.7937879467513,19.84874110862488,101.97052663232317,0.017439313983778938,0.015331756668327902,0,-0.0003282396728872066,0.010897715855136218,0.011303535229024646,78.34272372876138,47.89862506750742,29.736590795111873
436.95614503188864,0.5813592440938032,0.08026253709344341,0.0842916557103994,0.6279182802021912,0.01469079957331494,0.27595366527806325,0.731770916279862,0.009801946637146682,0.07992332390311944,0.726583464378398,-0.0018526097887594844,119.58358882598587,20.969525989328787,114.71232156145288,0.016834037171789325,0.04090787784445294,0,0.003428040823203539,0.013538902377241022,0.012965750798179366,79.46419651589316,50.32587206247817,30.629484766971718
437.46241069145935,0.5820078905221227,0.07671018821099249,0.0845623593348838,0.5994061885621162,0.01430614367833399,0.2669218140657087,0.7385082309463864,0.00981574488265283,0.08029197537011071,0.740795384525383,-0.005363711022693714,115.71166800081647,20.653968397765755,118.891356126375,0.022246123041069377,0.04196445802236969,0,0.0004407309051658549,0.009721923210858961,0.0182332782602622,78.93769294661071,49.50601429371242,28.759916622397636
437.8988466048824,0.5753072571508798,0.08038578787384845,0.08389921313510591,0.6484960026462809,0.014547363163040526,0.26540423472412267,0.6999628936719815,0.009733597595567271,0.07997348487709989,0.7335336219495907,-0.0027070660788391563,121.33667656104575,22.922059011682247,113.35436961499506,0.017692007516170075,0.033771035326859,0,0.007359415373894984,0.005036584385546353,0.017732335228401015,78.84446573964817,50.10330552790472,29.007846167513755
438.64951637597017,0.5829554885271367,0.08013557842101639,0.08455619684426305,0.6330689056166736,0.014339078956143092,0.26649649162690126,0.6993592453141385,0.00979615642916416,0.07963995738620479,0.7352090088140604,-0.0017128846386542148,115.1845456513361,20.832605913901624,115.6846398157618,0.01814081752344496,0.027691100453673533,0,0.005353563231040315,0.007336756938598607,0.016379484126441322,78.71883797050627,56.77663568989356,28.90646162318141
439.2605266547625,0.5767837418423457,0.08005057889304502,0.08430189460585086,0.6343869031119022,0.014516833150123653,0.2760736087422864,0.7408030714795921,0.010109061638674222,0.08017874721497588,0.7005278517923897,-0.0015978978708898616,115.6311495245625,21.013269835331744,87.03029943543766,0.0174120566735093,0.027593604139889382,0,0.009733215510942845,0.0058054056018598706,0.01676830329252104,79.26568874209858,63.46618596942201,29.789390665903312
439.87502842086224,0.5757791223757569,0.08000527476589978,0.08281939291041504,0.6953320425110459,0.014431610287493412,0.3229946321809846,0.7391959581185752,0.0066916264770620765,0.08027836441827282,0.7123588851254208,-0.0010652993214118804,102.57148072337289,21.73423000782219,97.27379805857329,0.011067041376593,0.02678644984194067,0,0.011323465489832023,0.008941999135971358,0.02015404709556566,78.40277570707794,71.82208765104667,28.94281012425776
440.48603869965456,0.5761578081579802,0.08007541887150949,0.0818740244196667,0.687067212153921,0.014994349555493095,0.3356536275248112,0.7518235216188615,0.0064815271546728205,0.08007527552397903,0.7275462688423412,-0.0014224263581223146,103.84254801010738,20.643377545306993,119.68544556160059,0.017205190906899565,0.021403582282938555,0,0.009834514620478987,0.012306440608781475,0.005023782002716421,79.04430699098853,71.74197326582312,30.263011384186306
441.03769369422133,0.5851938025515869,0.0798527754590468,0.08210784002730237,0.99519761856874,0.015545639070876208,0.2788208290177936,0.7626001457290391,0.0068208715236874546,0.08003495156011158,0.7178297054797438,-0.0017721457767766338,104.694556744258,20.81962592978719,104.55345126287915,0.016826457463260558,0.013178326994535671,0,0.00875443879403846,0.009590352315943039,0.00558379540992208,78.63080155638787,70.50120412346938,28.22710522772985
441.7185337191613,0.5849468528248264,0.08032489370153596,0.0816457534563736,1.2042641959287579,0.015262319489674358,0.33463924144392226,0.7620391319961757,0.007058626869984783,0.07987706978731227,0.7089594474363461,-0.0016997620348722362,105.61054899443901,21.65263049224855,107.39549231788759,0.016659188642636324,0.012131618697562607,0,0.006839832028125598,0.012682838633247562,0.008030118385877293,86.00860347480585,72.1948613486458,30.121819793450307
442.31208656141666,0.5827828256979739,0.07977668913594933,0.0795634620243489,1.2378560417721063,0.015644631303607888,0.3327872550681395,0.7719875128315924,0.007111743004483194,0.07995778065786761,0.7068930922418775,-0.001607652440280061,103.53939901517079,19.632264772776363,105.94112881586474,0.01416026048376181,0.012604115088664053,0,0.00439075787076624,0.0035656150210482186,0.0029428463183235358,85.13883767566618,72.23258650136756,29.684070515517615
442.91611386559435,0.5793240974560764,0.08002372212979011,0.07909687173834547,1.1974670329310042,0.015337012475176603,0.33738334332794173,0.7645246189164591,0.006840759884282545,0.08041448688850122,0.7054268506055013,-0.0023896384768839047,108.40990991566248,20.871419133675232,117.42576552584313,0.010494403301407754,0.011943793181207104,0,0.007104613579903123,0.005591923588136968,0.008804961051387306,85.15538775278075,70.82657441420027,28.867451408575445
443.42587101247244,0.5773687320438291,0.08008784070901598,0.08018034915234906,1.205483237503694,0.01573285392782319,0.34866371443273186,0.7986786076439326,0.006982421465099133,0.08056758024229525,0.7001553773778758,-0.0010540841628273304,109.84845274499251,22.0452032109484,98.95206756407158,0.009102689637651784,0.00840578996674266,0,0.0036894262287754335,0.00012537732465040322,0.00796355795666303,86.1009319155004,71.62863954129735,29.08744185544615
444.12765996125677,0.5688990386909849,0.08001300742208982,0.07899733733930313,1.2616999479841053,0.015730950345385564,0.35372943779814897,0.798250844810809,0.006806414024724555,0.08010491567584721,0.7044091070033329,-0.0008517363830282411,102.60005256524103,21.36078583938682,114.5742613339946,0.009721460950925543,0.012235279164203493,0,0.010677857363982895,0.010255247854209696,0.007844343492237355,85.41815890669862,70.94794389899096,29.35405080979502
444.7212128035122,0.5738999930932345,0.0795351117427937,0.07950710531708591,1.3285920035432608,0.015574341595960614,0.3515951103387105,0.7988295618186877,0.00688222228249589,0.07995417810622941,0.7119677892853444,-0.0007315248836069431,107.16414513356628,21.2794664462764,108.19875616396403,0.01131733976450379,0.008806443626547276,0,0.004374310840616024,0.007123608055537153,0.00924137868419161,85.57054562176006,71.81363135786822,30.586961899833298
445.34968051884147,0.5672620369138409,0.07971534190680994,0.07888244974117678,1.3195499916677589,0.015476076561468453,0.3514539544088459,0.7758466661212561,0.006942209438172879,0.07998941125137464,0.7015740752512779,-0.0006129895494982607,105.34259584680481,21.544006756796637,95.51129892461691,0.013914976376116656,0.007793280615770278,0,0.003794260784311794,0.005194845394411701,0.007925931700681009,86.60325979908586,70.78128604954694,34.94029855978152
445.8175398180309,0.5753168269475114,0.07960335240691276,0.0787758457367817,1.3680726961873868,0.015670616542162008,0.3511949424310445,0.7753887282614386,0.009993672674424997,0.08026502541008101,0.7147424352437656,-0.000673258096331359,106.87969620338153,22.577721364763065,112.65776394514774,0.014214712577685777,0.0077806554643885485,0,0.0037603764456667437,0.0041185076049771036,0.006776799991434626,84.80152149463063,71.96516641496767,35.5177807600456
446.53329471604485,0.589566895902817,0.08026150685185644,0.0791290915377697,1.4862767054435415,0.015448060438782054,0.33027403462920696,0.7724199324015381,0.010089931991287748,0.07940095476767144,0.7079714750226048,-0.0006445945238262153,111.30384280671097,22.401771578031877,122.51517467535487,0.015080264157964525,0.00825852264223012,0,8.392148060157832e-05,0.005879444946244507,0.009567199002091456,85.76592156605574,71.88585332985868,43.90759924063778
447.1233560709929,0.5912948206359966,0.08023574206873922,0.07878199198136057,1.4622852415548677,0.01557409916362032,0.3285609382169795,0.7658946089779947,0.010092998338881321,0.08001286799842247,0.7085842904611415,-0.0006961666063305128,108.11881530058973,23.735245032052326,100.3182236386003,0.013580625692676561,0.00896621056881795,0,0.004747380463635722,0.0018844398732233338,0.0048065811417702595,86.77362909696744,72.52230710443227,41.72016783007904
447.74833229901463,0.5672627367978974,0.07954353507512837,0.07838599235167165,1.436429359856058,0.015438992705442111,0.3359744007141137,0.7699872410051972,0.010013891678661381,0.07989591880525616,0.7380174223392999,-0.000699191489171674,109.5218844279268,23.015049964095315,118.05586204401959,0.009002430000814634,0.009265445443716854,0,0.007850694505545394,-0.0021811278603450918,0.0026582097680486073,85.82322324973111,71.55697220824513,50.45994179362739
448.24412349666335,0.5894699682780301,0.07996138602423866,0.07938598842277886,1.5288961016123404,0.015470577368976963,0.3303555083644845,0.7739192550577704,0.009693921610444198,0.08065668345708348,0.7172470507707353,-0.0006867786808320328,115.14348065419368,23.78248321659239,114.15456947461216,0.014795366112158906,0.02613933954901003,0,-0.0027991633542567233,0.00038386413873636857,0.005544390828187019,85.90715930814935,71.82546226379247,49.55161777946851
448.93892947083293,0.5682946996639847,0.08044107987400811,0.07968188920988158,1.514425012014169,0.01552014061579457,0.32015920728790953,0.7663346045172901,0.010050386205763992,0.07647886729073096,0.7599434808322982,-0.0007350188312945244,119.21163955842725,23.920131440032005,109.02272270999403,0.016006496412579715,0.025735195540532954,0,0.012841430730532464,0.0007556540964477818,0.010454369260835063,92.70638786432947,70.45937635105098,50.151265523664684
449.55692272424,0.5710630056538459,0.08032616992729781,0.08124717658889326,1.6223579606256056,0.015476786573225244,0.3188672811657174,0.7646812707185786,0.010309650545735507,0.07308521012888249,0.7672473328127672,-0.0009600326513292037,120.90090294663389,22.79285152565647,108.92337223831694,0.015828404635307946,0.03377422706812281,0,0.000690997144660789,0.004130480708849773,0.009604401118366085,100.63659241632651,72.40030607805674,51.09706849013264
450.1434925918806,0.5739111207522358,0.08062225020956665,0.08135016232623292,1.991034236153134,0.015633640639364434,0.31951784958965385,0.7653175240487843,0.009760348717615495,0.07346982397110344,0.7742400112784124,-0.00031189606584024513,115.97236674069231,22.875514718285036,95.5135566518674,0.016350552472336532,0.04093944737423236,0,0.004882777188901346,-0.0018152194883123427,0.006304238923897738,101.00374421564311,70.55196371362848,49.65447503373359
450.66023271337355,0.5725913167064,0.07968479883911224,0.08131477755820254,1.9733067554665809,0.015612499949594363,0.3184256923856259,0.7485733118571449,0.01026436175140814,0.07351519172015548,0.7739633823433426,-0.0002904222707955684,119.44182819993733,23.170608098808405,124.61273020255707,0.015019233603557268,0.03587419989555053,0,0.0032479487891522735,-0.0007530506797014131,0.010399290240737191,100.29864663101041,71.78351309749769,50.344330879167266
451.3550386875432,0.571251596962191,0.07934367114530796,0.08430178108371843,2.078690888451091,0.015612148279414078,0.33013646463380475,0.7665767231687255,0.009956229280687307,0.07717688820983448,0.7669405898543632,0.0005495024752969128,109.50459940015261,22.171504721160716,115.50425700179065,0.01486031307718322,0.045845007311354026,0,0.001739706585102176,0.0030304972437887015,0.002648920251470726,99.88864555500474,70.38561820902788,48.99678057730018
451.95208301710596,0.5737470934130908,0.08341914834205036,0.08452317481626892,2.091719256866372,0.015697769741293,0.33730221428685975,0.7931570409424571,0.006652638766764892,0.07695296688869309,0.7855459793197288,0.0016700747927642628,96.84865677250254,23.97547791383022,102.66504642660442,0.01503332379390538,0.04522234369046165,0,0.009378996408614095,0.002050356268520416,0.0007714144402386014,99.29148096446474,70.71187096692654,50.359813371787276
452.55261883397606,0.569817585019219,0.0865052844546106,0.08413261405173329,2.108317559272316,0.01588963141739363,0.3329904287342384,0.7889834344269328,0.006418155812683831,0.07672145568398837,0.7845064904256968,0.0002776342750644682,104.63573414539498,22.60583993123136,110.73598613478691,0.013805284725278763,0.035955713277956367,0,0.002492135600869934,0.00941653872928484,-0.00021229813384125674,100.13897094485067,72.50852705067159,49.31904407972396
453.18806952392015,0.5700267782691141,0.08263722880115865,0.08508335907974687,2.0933334695513675,0.015601589541269457,0.33613900711599687,0.7842171722581786,0.006603750438327323,0.08054131329892007,0.7851743808644603,0.0004940830982932961,99.2513571702498,23.384022535848313,121.03975157996007,0.014643694803971385,0.026131857707209473,0,0.0038339575103080526,0.002624564999885378,-0.00014746415797987694,93.27026284020292,71.9675246084579,50.65505759418706
453.77114790425327,0.576080863325514,0.08660905107911189,0.08475550984733737,2.077164558269711,0.01592992364739102,0.333106674922146,0.7766499956014946,0.006614794074557678,0.07938373553325458,0.7696897632534875,0.00041608787889216536,100.53614447700991,22.00202046648581,119.55894864373778,0.01448006578623383,0.019057345361590237,0,0.005884371753883955,0.0006922882797849098,0.0032625429966417078,93.15777069267743,71.25920711276947,41.744232379331216
454.3193114115128,0.577442471820114,0.08301704278139077,0.0849356111778936,1.77618255224541,0.015878922981216317,0.34048878358395795,0.783263405858937,0.003192316606987733,0.08021348784675601,0.7811328517960335,0.0005753055821340921,96.21778732500862,22.604585931280777,111.85710679634636,0.01660748558978569,0.018005204054731796,0,0.005623520780568902,0.001044043120804728,0.002790294088415207,92.73458849845262,64.09262359608111,44.3556296187677
454.9896769745306,0.5761974490918108,0.08308424484261306,0.08569785428733775,1.4099686343056226,0.015740007822664395,0.3465041390633548,0.7569784442392627,-0.00013556290885334923,0.08006148424626104,0.7728831440566424,0.000566721721169229,102.45977127309702,22.661469820796743,102.82934540770604,0.013529535119187178,0.011475177106695244,0,0.004261218024047198,0.001079625470586672,0.002854008755130883,93.49125855474348,63.942803186139656,34.593360150355984
455.62163617716726,0.5782081559910913,0.08293304088254128,0.08460653512301344,1.2616169802541926,0.01581753224863366,0.39258253373984764,0.7670355447767696,0.00016658583633303946,0.08006128924516737,0.786317447774989,0.0013133775264568873,94.92771988503418,22.491445609265607,119.29130117874725,0.013892752189612513,0.010867852238789978,0,-0.0048921047456841026,0.00815467947012833,0.002628643234622501,93.02376802077899,64.74125785512611,36.15293156685085
456.10695291289375,0.5817619302480959,0.08674365510226957,0.08451152429539617,1.2000805468087758,0.016294083818800813,0.40676755000207265,0.7821627649757884,0.0002480793926308428,0.08007983406154247,0.8026353383404555,0.002489382404430752,84.32477253981058,23.615661172612164,110.38136291277124,0.015403304526730815,0.01478467661332664,0,0.0004522978596916091,0.00696319588139053,0.007057199403003343,93.1576052901987,64.23021345083063,36.088859040586804
456.7982673997559,0.5791258982564429,0.08603530423198409,0.08395351030285483,1.1802055486154204,0.016637093453790053,0.40576496820205,0.7784650730376502,8.654559762199717e-05,0.07974268490322058,0.7968066277649771,0.0025342457225174804,89.72084823650492,21.83914762028813,113.54211927775981,0.01927442235136375,0.018280384909612857,0,0.0037660957691138153,0.0067730940185619605,0.0034905156142326977,93.18301354295416,64.31853065801384,35.487281383959235
457.4022947039334,0.5813493028532625,0.08666087150108866,0.08397979545833112,1.2110763275626069,0.01633392844622316,0.40925704940639585,0.7920917859671548,0.0033202475981503393,0.07977970607164869,0.8016261052123189,0.0012877074052435374,89.31821455837395,22.257739370984755,125.92239384767186,0.019471442457597552,0.01938233457909403,0,0.0014961787636190555,0.003863486554279941,0.001343387697051445,93.2755947440513,64.50696862799295,29.700978665124307
458.00981349541837,0.5808627984662598,0.08674379164846586,0.08154757160709716,1.1689974654525943,0.01647189159065262,0.40414523349066445,0.7811418649898917,0.0032348559177169636,0.07728564416733141,0.8140668890919422,0.0011232732819243985,96.47283544369161,23.070511259935326,125.17448103284572,0.02001744294896634,0.020127866852092648,0,0.008248302155787758,0.0067125709392905596,0.007294079742341027,93.12722170621925,64.13491219329796,28.61728273998262
458.5230621296039,0.5817243435521967,0.0796831886495497,0.08071270331534797,1.164862156301411,0.016581527832246333,0.34988867669884066,0.7901582849151724,0.00333380171454328,0.07660232490633496,0.9020640070030653,0.000476017243005123,107.48668258219999,22.470617605991833,121.91050624063368,0.019532671256452448,0.020161849338072486,0,0.009637588361920562,0.0041779415098635,0.007957532657681744,92.39648119638453,63.940761684146494,27.945961824874743
459.13756389570364,0.5793644054076659,0.08014496856452479,0.08047414995659403,1.1500600017847438,0.01623372248961378,0.34473092787475346,0.7809194337317604,0.0032312043850803605,0.07740140956409208,0.8966697535314558,0.00033017027575453126,102.44474593146512,23.38698546022711,119.39104929833003,0.01984124394390644,0.02467963623016233,0,0.007740399238162433,0.003216629255008918,0.004793693702828052,93.61185792907813,64.94510057924118,30.58238352354505
459.83236986987316,0.5803819159332018,0.08005737075265364,0.07997516754817718,1.1357465697968772,0.016329724031377574,0.3765060895588923,0.7879560483807699,0.0036670923510122282,0.07668461346737152,0.89244514208541,0.0007218418058379203,102.3366082185761,21.84077541197364,130.99756405263417,0.015348287468374173,0.02235338134925118,0,0.002297345123983013,0.006399549689920025,0.004506436680008129,92.49125057658833,64.73060289671484,29.20924039243742
460.4398886613581,0.5779563494196778,0.07956247550671276,0.08001919063739686,1.1012514738034143,0.016265684837901487,0.3166335489484777,0.7871868773863854,0.002933664790206949,0.07662499724159559,0.9057404945417815,-0.0014213042553322841,103.49437653081358,22.767177928676062,109.26991107602193,0.015886214819613536,0.02146260303067439,0,0.004847445447479531,0.0073440779717812675,0.004099901546945046,92.78504426105565,63.88891376503487,20.748791547100897
461.019475554384,0.579402002067236,0.08004584974718745,0.07778166183473229,1.1285751643810216,0.015630850743293238,0.31743617141767705,0.7851442055665441,0.010164313798452543,0.07625098092668323,0.7949644615238711,-0.0014055648738261635,110.8899665094945,22.222271027422064,118.6935717084369,0.01415153176720505,0.01994014562141338,0,0.0067177843397872635,0.007249996370322257,0.009375842829018547,92.79431522368604,64.35135188644836,22.85620195362401
461.6584177316354,0.578406040360326,0.07998118304384724,0.07695745105847372,1.126321722257175,0.015534440522592544,0.3172412171145592,0.785238012008035,0.010064694210557343,0.07322675906647862,0.7222022946290816,0.00011354347562138197,98.25579984454265,23.778360282688716,109.71156993724108,0.013650278748006808,0.018372838512461756,0,-0.004964834618617676,3.770549894316442e-05,0.011300491808736851,92.77783711791295,63.523219592282985,21.403686792888735
462.26593652312033,0.5803577614011314,0.08058964712927147,0.07667785400325147,1.1573592070013354,0.015206213676768585,0.3170526391925803,0.7837836424006256,0.010180810891331831,0.07276992955657056,0.607854332039559,-0.0003816428884760651,97.71722348726833,23.182411296752285,130.1994484758338,0.013419031397381282,0.019576361598303938,0,0.006341856606790937,0.009115244365490797,0.017168366190239596,92.68881854804582,63.50338509439472,21.250861452344207
462.8106085430724,0.5788009884990859,0.07975629791748665,0.07662506412775263,1.143479258025922,0.015068875417450153,0.3137167745050966,0.7474795547086328,0.010148804480309657,0.07314204612367439,0.5714844741710811,-0.0021113442527155688,99.24222203878334,22.245441998695966,138.65661838341418,0.012663627880538911,0.01471110696997397,0,-0.0008861434718796767,0.009012886756924243,0.018111041172201952,93.01181303153724,65.34756298623111,20.709000673200094
463.4844655933976,0.5791024499001478,0.07966469647362118,0.07674975537949079,1.1628491119059583,0.01514414971936424,0.31176324010045614,0.7437039183818097,0.009764652568060498,0.0696427201403162,0.5852814215003181,-0.002130015143344649,99.5905139811306,22.7986569381783,111.79484201514771,0.01176784499558861,0.011599460140701446,0,0.010111759035539765,0.00716977493569382,0.01496498624582949,92.06723067315167,64.89101717162367,20.39988743898355
464.0954758721899,0.5806296751345751,0.07992826115880804,0.07596892306910483,1.1898442996523038,0.015310993346729621,0.3104139009818399,0.7505597097439818,0.009951206853268443,0.07005971245055441,0.5807696255120506,-0.0019529916783051003,101.26272332262543,23.312169604130148,119.77817874768611,0.011858543353539985,0.010857465161518825,0,0.008145175408467462,0.007459723609129,0.0191362454439684,93.16046851779682,64.19547814203571,21.649556720144627
464.7029946636749,0.5831220186056159,0.08026377003605165,0.07566008994032716,1.2446564139167942,0.015338930631037423,0.30790566215057863,0.6922137960142799,0.010139911791848193,0.0704072339855539,0.5634052227483448,-0.003257534635163223,101.18212722611736,22.603491473566667,113.19424566408699,0.012264148783699098,0.011022344611790223,0,0.0025414984904477953,0.0060485820978629125,0.02242312931966344,92.73699678126228,63.58431641613074,21.144212565973938
465.2686156074712,0.5847355114733873,0.08035319167873156,0.07632257328068613,1.3086255554450246,0.014753025787350387,0.31157742645190495,0.6943397640273659,0.01002327060121967,0.07035020437192518,0.544738910441879,-0.0009045617397596945,102.65168597663255,22.70880944235097,114.18832478297199,0.007912318065532113,0.010047094938776936,0,0.0017851739412189083,0.011568913499422021,0.019097512767634668,93.04825974911344,63.73275854626972,21.562805179597387
465.9145407593374,0.5804257925462193,0.08004278238438683,0.07647405331359558,1.3051522396900073,0.014505635057384718,0.3218865012803679,0.708249237360286,0.010029286176957145,0.0700663036642193,0.5548087998323358,-5.3961129379525316e-05,99.6529071851959,23.980822724526117,115.78390162717926,0.01158000779230974,0.00977212433796559,0,-0.0008590822368966045,0.008754343862427159,0.016302467480207902,92.92161337785788,65.72269880546003,21.271766372305812
466.53253401274446,0.5828350449912019,0.08031515907897392,0.07693536265267394,1.2737227500857256,0.014679841107782057,0.31896504790515423,0.699177720810233,0.01010897650095896,0.07016871811073025,0.5651593709540783,-9.47021148794282e-05,97.71954884467632,23.23996828371315,114.52361177585277,0.012580249580650462,0.009346972115066996,0,-0.003019457422691815,0.008023098250168732,0.011912660702622601,92.61564925912171,64.1448733128691,21.513470140438557
467.03530818500786,0.583694754359648,0.07952382843428805,0.0763605029167235,1.19612786593179,0.014356814829203745,0.3167126140394837,0.7026905936756991,0.010406596629758574,0.0704954357522051,0.5563094642325705,0.0006353075711378644,99.51163771488679,23.630114122447015,115.51361594771151,0.01296222630207456,0.012032792908245911,0,-0.0002500230797079345,0.003198279178434363,0.0122631410873957,92.72570013427716,65.42095091380561,21.2384417066666
467.7196396972553,0.5792484453753091,0.0793747524537337,0.07794308904182898,1.2453293883117802,0.014710371458228028,0.3567504540768734,0.7452747483519667,0.01040174561580761,0.07026372038007617,0.6186278263445598,0.0009074257090953809,82.83274549890409,23.364514282066754,117.34539872156721,0.011677779730469589,0.009894477384238333,0,0.007431211906909629,0.005954368252042527,0.013340269523499997,92.60240074948557,65.18004597768464,20.682015219131586
468.33414146335497,0.5770007322009288,0.08019459253147936,0.07791440741592143,1.2173426851954405,0.014913787839366574,0.36133062538793653,0.7489830659833423,0.010334463961099067,0.06997511981313158,0.6398251620703646,0.0006822485403616367,82.96986748151029,22.006448931212685,118.67703752274107,0.012599556178056876,0.015943647416781052,0,-0.003256284446541732,4.6361337962962275e-05,0.00872479575725383,92.11215378831733,65.61156450524072,21.305306367836142
468.93816876753255,0.5857177539243018,0.08069283755681148,0.07941079313207093,1.207944932275803,0.015105187161078894,0.3531492040049276,0.7485383069751305,0.01049244600505113,0.06996232773929269,0.7763079605927399,0.00048526943999447253,90.16093598126348,23.737690580415233,117.28697063383062,0.011843154906482498,0.01565779536325691,0,-0.00309565459284265,0.007345740886651715,0.013721927941995792,92.21318153282803,63.830236356480306,22.32321430998326
469.47236632556235,0.5865273674399861,0.08047043543943999,0.07857273727657117,1.2143541289543511,0.01504382124537586,0.36121353933932676,0.757424872277226,0.010083843900025001,0.0692873329827873,0.7704087971345676,0.000881021369401,106.1880860894082,23.23392158667505,110.87179379111554,0.013418000481921126,0.03290309373971666,0,0.0008514387867136284,0.003580341450103661,0.01127618079492456,93.35297769495264,63.37183369863475,21.822138725532295
470.14622337588764,0.5771365526136504,0.07948647632388683,0.0790715519290387,1.2066595648055511,0.014851127382951124,0.3631236900159259,0.7539782208412378,0.010153221649025828,0.07031300057838666,0.7745042658849335,0.0008345287079171253,104.32984747174112,22.745579645867252,119.59999933901828,0.011903028447380616,0.03207389606760564,0,0.006449300577282225,0.000542653772061241,0.009259223294457613,92.24717244619202,64.26372264899574,21.213254993625803
470.72581026891345,0.5765962513784824,0.0866486451960243,0.0816306613567501,1.169056089708426,0.014799754146548643,0.3651944288896178,0.7147607746829724,0.010340796644850122,0.06350297858323674,0.7845298150596026,0.0006721148458805672,102.2178982962379,23.77966298282311,108.13382244023394,0.01142626609667341,0.04361364047923297,0,0.0017770862618088621,0.008232361616385242,0.009274719367230356,92.50385066515473,64.57369359779081,29.429743242460685
471.2320759284843,0.5575829810475063,0.08688961901181605,0.08194465848410423,1.198497042376702,0.014584747063830918,0.3616892645815372,0.7285596367617095,0.006673967706336206,0.06262985128904679,0.769870651671738,0.0007441362018545145,106.11833521570888,22.043476210047263,116.99674237636927,0.014077321884943777,0.04403635744170958,0,-0.004730736314225033,0.0023831683620199064,0.004810873458727812,93.51089623951661,72.97798306612258,28.25530263594812
471.9129159534243,0.5564820437601863,0.08652765121973371,0.08326281169446544,1.220683620357503,0.01487095357819976,0.35764558639869753,0.7041057910353461,0.006642986950225174,0.06307903744976677,0.800192914530178,0.0007795395994016821,109.37645916769553,23.769358603501736,119.97828978679146,0.018170923817238026,0.04441882119356417,0,0.0049758820610272,0.0017409626797728426,0.003942195714433078,92.64222218505506,71.49605157208225,28.680487500896668
472.5378921814461,0.5577821120775236,0.08970437994560163,0.08632247949305559,1.201828348399472,0.015159331069548598,0.365441801837723,0.7193679985209914,0.00012392429839249702,0.06294416746215949,0.8132155159308554,0.0007468284275021004,117.02610649204945,22.809754743546222,118.40261018210268,0.017682979535257395,0.044879247849992546,0,0.005754227666169955,0.0073248842738650455,0.004221338325887097,92.77473892154327,71.67592052517664,27.453459577172552
473.1209705617794,0.5862346444032545,0.08977130685386517,0.08934653553251666,1.24779846388979,0.014810143694057474,0.34072302375984925,0.7008145557758306,0.00018031352944444058,0.06317795761307139,0.7925984458855926,5.0258106594694814e-05,113.70348769347666,23.009146559708597,119.80043584072858,0.017970435048564184,0.04365620483786802,0,0.002041007698194426,0.0051561475580947334,0.0009025439224131418,92.15431755641336,71.25602765606445,29.186732670813036
473.68659150557573,0.5569697052328845,0.08979693407206268,0.08973341778788127,1.3777272687986803,0.01431394215732466,0.31696380511231753,0.6828262328387996,-0.0004850180230554301,0.06361815787052136,0.7726492265415118,-0.0010794376233184864,114.14480075363984,23.727046889078526,129.62165996149398,0.018281676839627944,0.03351943718724501,0,-0.004573643424692004,0.007889319381457075,0.0022025095249362217,92.11002247512336,71.77692442427818,27.42401085955642
474.1963486524538,0.5829628757796216,0.0935424568820378,0.08937935131198119,1.3508800184125884,0.014124980401318432,0.3159767628253297,0.6878911934866081,-9.414574692175376e-05,0.06299368166296314,0.768220782906303,-0.001160746127287781,113.68125092582397,22.544365599182193,118.8915298193151,0.020301861374086627,0.03079787175841264,0,0.006423826403025213,0.003641788097944799,0.0032224169802775923,92.86829544696063,70.55842203197125,28.223909180335248
474.90512057585295,0.5860760852102179,0.09695828334015111,0.09062281033750527,1.3649835068044247,0.014018551684013515,0.320098793871758,0.6747987063848077,0.006860272371467179,0.06281365319296009,0.762687337526731,-0.0012717341779876856,117.41706273319146,22.731158489247413,109.67882427369501,0.023219370697389354,0.037496769238557784,0,-0.0016030544226776815,0.0011389468340730572,0.002613663370596664,92.7457408876505,70.73174283998704,29.106112897957438
475.5196223419527,0.5859408970387087,0.09026198997645153,0.09053814636897572,1.3509040431261614,0.013850571165634484,0.3123432821335009,0.6645177752937441,0.006519314577619583,0.06362244331229037,0.7612532036782291,-0.0009906640319220993,108.28751381889836,23.94138259220759,114.85979035478337,0.022919118341620626,0.03740749986541253,0,0.0041660385917684055,0.01010345268950676,0.004933320773660547,92.29029547213031,70.66721121369282,29.19111499090383
476.1411070826672,0.5768641502931934,0.08956305244635775,0.09153869701924743,1.3480224699006798,0.014058093940736906,0.31080607665936294,0.6666037784809125,0.006708600392652067,0.06299594844265122,0.7805103229620989,-0.0009077151789729294,105.89959124899565,23.085438827621395,112.49815426292908,0.02357427015245636,0.02601662080243448,0,0.0043420818847743495,0.008074602173346563,0.0026538227698681676,92.52037822817053,72.74695040508215,29.314761179818607
476.65784720416013,0.5780459936541394,0.08970819631137451,0.09165130360041371,1.3222285454041471,0.01419310133354215,0.31088479339316594,0.6411122446469221,0.006203908741996322,0.06368204331609452,0.7765244150414179,-0.0012100216436799738,110.60498055793023,22.80021596440937,113.08764143656555,0.023808565238832218,0.02524406213093973,0,0.00277925067623011,0.013966129088011911,0.002808701625675869,92.7242492173392,71.2351074044337,29.224542015331714
477.31424681794846,0.5814117753025926,0.08714322748016594,0.09149277675462554,1.3208178719678512,0.01317150265178687,0.3138025409054815,0.6616910884643434,0.00019109947829330746,0.06299620762872463,0.7910947450316502,0.00012437577080446146,113.92353626883434,24.0921162721327,101.09783586493381,0.022703543620798045,0.021327557509162105,0,0.000399469310972486,0.0035263714108391825,0.008340564391028253,92.8726650472236,71.17534705914733,29.791489801352864
477.918274122126,0.5857525424611499,0.08717639674301553,0.09111721847106846,1.3218715480381817,0.013832944051612808,0.3174054299681364,0.6738713600787933,9.681446171429874e-05,0.06289119236908475,0.7920510761875438,0.0002061218613614206,101.86052682327546,23.114134078908233,128.53521265878052,0.01901516460153385,0.01992829387832125,0,-0.0006676237897267267,0.0026221115468649265,0.0031306873915470045,92.95415656754489,71.26742353092571,29.72608164980616
478.52928440091836,0.5869138287003156,0.08725284616738513,0.09126318011401592,1.3186191522044874,0.013683254060738401,0.31717912299441714,0.6733822085198905,9.794797627369682e-06,0.06332224880942451,0.7938400048975405,0.0002179857024815783,103.98212209791261,22.27679939249868,117.36680042258999,0.02209385918380895,0.017271430947731987,0,3.06375286542003e-05,0.012438016527889811,0.0018151566637337664,93.1571487016355,71.32476460518585,28.087951952153514
479.0949053447146,0.5841249727607761,0.08304104388448481,0.09161503465081516,1.2857448809741348,0.014138270721169096,0.3120941704476854,0.6765712881743894,0.0064804091257933145,0.06327488586954555,0.8257065236731673,0.0002740624321017684,101.68809493752659,23.91606760278232,122.37803912402879,0.020283495214063196,0.011920800849327649,0,0.009357883964743675,0.004367392183468357,0.008049658144394886,85.77616872250087,71.1652865134466,28.325125042006242
479.59767951697796,0.5823455375149208,0.08675407924558369,0.09011514020038774,1.2489799351910646,0.014163751845701707,0.31610351398799136,0.7071225980661062,4.3264776627207915e-05,0.0630133882288059,0.8760059844764259,0.000577630199487749,96.87017792347608,23.886794146190727,116.37090472114642,0.018304988824072024,0.010321195064425094,0,0.007059595740545037,0.006121260194642226,0.005769808926535605,86.35527055420002,72.68399262784021,27.64946525305421
480.2994684657624,0.5937583038042651,0.08358790911406085,0.09066074924696507,1.2428529169656366,0.013940239946625682,0.318316758087486,0.7083861271682987,-0.00021752340897883686,0.06379742415256934,0.8595758423264142,0.0006154894267919025,96.0600845120052,22.962897373621463,118.9441857828228,0.015398726960045041,0.008585833440104334,0,0.006154306716684469,-0.005311452118485872,-0.00015756821719838544,85.81264048984815,72.73924799295241,28.849601764207076
480.92095320647684,0.5850950119653574,0.0832429325521577,0.08988832933247135,1.1450859685907753,0.013934118285617957,0.3130954467121711,0.7025699097046697,0.00011062862036897086,0.06303483891684951,0.848183260849912,0.0002960137222336084,98.37960474604132,22.151867463696625,113.18750774394069,0.011148607232788642,0.007776545334228911,0,0.005179178862414398,0.008335308462336407,0.0028177775926164408,85.98019999571709,63.92656908034152,28.540309363044532
481.54243794719133,0.5837875155687159,0.08325195014702383,0.08860329919652807,1.0867041390061865,0.013966582484562161,0.31525474602736614,0.7145031964170017,-0.0005130206882967775,0.06340893866608216,0.8495985283953351,0.0005206375212115965,93.9644034923594,23.565835522451955,120.96683287336245,0.0076707909976625,0.008858226959662057,0,0.0018550444153786246,0.0055893117730554534,0.007661661773706663,86.1525069509334,63.917640747801414,29.64764181286738
482.10107591637285,0.5930184216118864,0.08353432384729427,0.0903767717175762,0.9057454736928251,0.013881565525695522,0.3170166925240718,0.7100239266045973,-2.742697132306654e-05,0.06359954460889494,0.882905734084253,0.0006818956796632557,103.48315186636975,22.979365381852833,119.90200505709308,0.007296557819624689,0.007557191537505438,0,-0.00484679052098822,0.006696218101637878,-0.0018296417605569446,78.97286637870012,64.03360930214579,28.73897890153217
482.7295436317021,0.5945177107221831,0.08335704318661202,0.0889813515922698,0.9222028240103849,0.014152451808648343,0.31748759299735785,0.7182073145027241,-0.00012104564756750483,0.06295302867707958,0.8635677040618871,-0.00029723681152419364,102.8682291010764,23.185946649692987,115.68462646315248,0.007008316372390822,0.006799747551039522,0,-0.001612850932847619,0.0036766195714157076,0.0007570051003233315,79.63839391734012,63.35800947320529,28.38649379072078
483.35451985972395,0.5933342082765555,0.0832895302591074,0.08829444735303354,0.8748197976356024,0.014217203827429968,0.3259216449021991,0.7314591805931283,3.1942493504578416e-05,0.07390389771046765,0.8672360656670784,-0.00038365403419470857,103.44514615574624,24.372825090705796,119.77541297169107,0.006817959770791578,0.008363217731161629,0,-0.0015756593631874147,0.001725171785038871,0.0008401666367978812,78.87268380842266,62.95050573030329,28.924270638485496
483.9341067527498,0.5814782353513126,0.08304103212808898,0.0861685762588683,0.8591388967955733,0.014686649580046656,0.32170387571489545,0.7331754993011373,-0.00012962319426457886,0.07697598041987912,0.8868892461144073,-0.000568061956120416,102.94480797025423,23.161791935734307,105.27644912852612,0.007058412151271468,0.007890288500874539,0,0.002200246106796986,0.005053954213880469,0.0043182957534665285,79.76792910360945,63.984568338576366,21.404291963732234
484.4962362092388,0.5786497919770669,0.08279293138911703,0.08372727631715521,0.8191772338491307,0.014655697560611096,0.3250575457907763,0.7347269918161378,0.0003968837639823004,0.07708471688824803,0.9077186643860116,-0.0008250484735613017,105.07813824411281,23.723454082603954,120.48628027307723,0.006880020199005764,0.009226678644566338,0,-0.006875418035321044,0.0037649839218531355,0.006586188346899479,78.6748891403811,58.776972147738384,21.346832768203182
485.1351783864902,0.5796542395041535,0.08378307046161144,0.08378304525028127,0.8671229740653446,0.014693137950918395,0.32537935160059883,0.7315565467284844,-5.0814093601781774e-05,0.07711516518578507,0.9013260106556475,-0.0007354357360289591,98.5985973116231,22.841712001327178,139.51911989818058,0.007020907949741517,0.0077920190095081745,0,0.007061688320310344,0.005825104407435561,0.005565482265880177,78.1507457603558,57.872637994719604,21.17364849969362
485.7426971779751,0.57773255455753,0.08343760672343863,0.08395538379491946,0.8662415922238492,0.01569619703338392,0.3654586981860521,0.7782060480331348,5.164652291871733e-05,0.07698475425063768,0.8931946383742079,-0.0005390397879295721,101.20444707590269,23.718691117199743,126.1596329546059,0.007086693626891418,0.006805603917778477,0,0.00011758963694990425,0.004364996913595657,0.0018448647450353688,78.14234061296747,57.750398665968234,13.763157510854612
486.35021596946007,0.5778928691105957,0.08314531865044839,0.08387030439322668,0.886310380098263,0.01563867009128857,0.3674612938779399,0.7852418093927037,3.613726662528698e-05,0.07704653256115206,0.8904612944808408,-0.0007323566444701378,102.17940548187248,25.140602927914898,112.78354268091843,0.00782261560213498,0.007807460212661168,0,0.007314852067106852,0.004839972887247217,-0.0032727978583442403,78.99683043749118,49.58025289948372,7.804356712286329
486.9228198878712,0.5814699480957657,0.0836383351427495,0.08384615265568371,0.8815479903778031,0.01576808014043763,0.36135053491649793,0.7866723855181574,0.00033270179373814707,0.07700558952289575,0.8869804379165679,-0.000700212779855418,103.80003307287019,24.175162140357468,105.74819803919043,0.0073741568266965036,0.007014806540484174,0,-0.001465890097709331,0.015094044637934732,0.0017136308575454644,78.7334830747801,50.493539668411145,6.495588914537105
487.55827057781516,0.5787883852754466,0.08390252609325838,0.08351384187895255,0.8041617781040379,0.01601162934996589,0.3741399124935623,0.7890764447416776,0.00012259992360194935,0.07701377047090047,0.9043716179398643,-0.0003092473935010299,100.20672025189819,23.08498149531181,126.26573560295047,0.008288518911500016,0.006382906396662019,0,0.0023950712270279493,-0.0018377881222306778,0.0032433986006238733,78.38372965408507,43.67614528109765,7.402769844599407
488.1692808566075,0.5791937589474692,0.08319062326667301,0.08422043564449118,0.7883791235459259,0.015849362666285095,0.3756536158712747,0.7893450994383573,0.00011863206788885874,0.0764070751241117,0.8493388111236273,-0.0002703913241317236,97.75920888372042,24.70030663518911,130.8491468316911,0.007994207502390391,0.007284523514596126,0,0.008985473907976545,0.0075679850487942,-0.00032991728247733654,77.86203762226286,42.56165359298452,7.679552960221527
488.76981667347764,0.5790563547074099,0.0836438087638664,0.08306207574309477,0.8061977996203499,0.016153578661278395,0.371696967530656,0.7800790218963843,-0.0002984049332197878,0.07655456084226074,0.8853795169457628,-7.575434233319736e-05,100.85374899159213,22.518273437097395,120.81623718510808,0.008636906447626682,0.007609317421947801,0,-0.0008868162048454452,0.007528002863547139,0.004184600878861689,78.23620777061716,42.582630292153446,6.4309285401661205
489.2935397695854,0.5803390869981928,0.08355690510087715,0.08351518847275828,0.7812160272259947,0.016059029363674496,0.37246487604068923,0.8216490179703483,6.387136494855008e-05,0.07598705219770031,0.8705232774426614,-0.00041228364464301534,99.88701320737279,24.875618980850305,111.08584411369704,0.009576842763156292,0.007380217005085345,0,-0.0005260557283403935,0.001163161545494857,0.0008515335377134361,77.84699251762227,43.20327944973109,8.458320024161335
489.95692235798845,0.5772050219177376,0.0831267853385493,0.08218328653004425,0.7890155885826622,0.016152978916568944,0.3729166553102723,0.7921791241437854,-1.7017179418319692e-05,0.07712542227863672,0.8538699508829956,-9.193713795555605e-05,98.96225712017396,23.983579922341498,119.71657258075116,0.0077119084482115,0.007299140089549973,0,0.0011482943220812506,0.0008523887275023265,0.0021288057808696425,78.66222496215809,41.773459795612354,6.94887856962675
490.5679326367808,0.58452941902797,0.08043488987919403,0.08315026717285107,0.7765244886983552,0.015826933827277057,0.37409090721234417,0.7927046728039766,-0.00021932335470075263,0.07683263417048962,0.8584131359912893,-7.982597345117559e-05,99.84397118308028,23.79793966377923,128.82012266038615,0.00807677741362823,0.005785985722441558,0,-0.0008096914839578776,0.008866900643337006,0.001264144710956694,77.91462134837819,43.19352664308713,6.3805239810369345
491.17195994095835,0.5845236448039529,0.07941449932648781,0.08309598592487238,0.779145398623006,0.016039930742265337,0.37457116292117576,0.7943866746388307,-0.00024701113746736014,0.07671504602561792,0.8649283331768406,0.00024593850061951705,101.2356680721166,24.44561014122245,115.09898949951621,0.007808655097413014,0.006123828872161669,0,-0.0018072548778766272,0.0004817805324226227,0.0016256882810756627,85.81489806946006,42.51811556598571,8.268074255217641
491.69219154975866,0.578820529813212,0.07920455686742466,0.0825602883514892,0.7673892749428588,0.015842943664507836,0.3948993624395098,0.7887961612368042,0.00010126397036942015,0.07634229174337687,0.8749252285048399,0.0005987886333787713,99.54296953474426,24.813621457113964,101.65663919930843,0.007655255105901684,0.005985779666107709,0,0.0033847798332298684,0.006983806380660658,0.0041244598838585875,86.03347508869847,42.02360640312292,7.146423558232261
492.3625571127765,0.5803861571572397,0.07930371967317447,0.08292876070562062,0.7770884725068513,0.015931169215718802,0.3727788725652642,0.7913151182427582,-0.0004889744026165151,0.0766970320489374,0.8529950830024965,0.00017730432624533222,97.79888158004644,23.32863058061209,118.92570213260154,0.007240008941195572,0.005632549654800863,0,0.005587993068415753,0.0008628812313600715,0.0037174040836244083,85.23127756556809,42.47795873629476,7.349071272263788
492.7396377419741,0.5806989305211874,0.07990739685450315,0.08200576506296493,0.7681620605029117,0.015809137157732578,0.3750125595239048,0.7944540657162796,-8.159817290021577e-05,0.07656293003125596,0.8724094421965412,5.532970578395237e-05,94.08345751662407,23.33883955479335,132.53616306635618,0.007529995091565245,0.005946357710937498,0,-0.00043436247332957886,0.0070151093115690556,0.0028920658797249492,85.98299701107659,42.03811859268195,13.173823970176961
493.4484096653732,0.580606521937891,0.08057522233562113,0.08210986933672215,0.8295857589975079,0.01585531770382978,0.3784249213766517,0.7832237577769843,-0.00040674379237559704,0.07972896879096514,0.8723801593821028,0.00010156681658003159,95.2074976159502,22.770022488141286,118.02194932822117,0.006715305199119906,0.005433520668057697,0,0.009598204690904166,0.0012569384037926469,0.0018516702131578348,86.02995969753641,50.48437398846941,20.716395891847625
494.06989440608766,0.5812977381687017,0.0769014062187801,0.08067709251061782,0.7759709443085641,0.01561617820732602,0.3692595582128634,0.8026309844662366,-9.946156917055807e-05,0.07657126586214447,0.871470870469707,0.0002972327469565381,99.85904463650677,24.039592676726652,120.06108768560208,0.006813013971547679,0.005629387611195909,0,0.00540104470957178,-0.0011411239599386069,0.00023211252592746762,85.58349195436355,51.96179265697575,28.836781720301307
494.67741319757255,0.5805222167946577,0.0771874980925506,0.080045830730371,0.7953256801132962,0.015393002416325295,0.36684529141521344,0.7843230013398416,-0.0001515482685484403,0.08021006761037194,0.8857816781942399,0.00024997661842731154,96.11637227969987,24.6196701226427,128.68671554635742,0.006805530011333339,0.0055851512696675565,0,0.0026131161111198576,0.008047504689156845,0.00201485560002617,85.89237039965424,50.416392240777654,28.813440782996178
495.2814405017502,0.5788630592814107,0.07675848203358968,0.08024380667975602,0.8405125149477576,0.015360519789490766,0.3651515833908912,0.788138715920535,0.00031488963910786434,0.08003774360122416,0.8883306310235505,0.0001352638344903774,100.35644577284049,22.835418003772396,114.25112682480561,0.007022684685852868,0.0044464909892158256,0,0.0009189818551025046,0.005808508084601097,0.00368628606222328,85.6412641480052,57.95703915911935,27.909525060601197
495.8889592932351,0.5797098753872463,0.07653270860764334,0.07957004008050823,0.9121866274050014,0.015552515425558494,0.38884061197190817,0.7974219539451946,-3.401999458635705e-05,0.08042268514033778,0.915971089398704,0.000747881817158295,89.75766432398667,22.85674123837796,117.21205344086106,0.005900094509924214,0.004371192495317137,0,0.002980064362170852,0.001681759315890803,-0.0008461456808935401,85.95001764288305,57.74040675724187,28.977419539899707
496.3568185924246,0.5785881532874619,0.07707431851162158,0.07953223853273331,1.0654762528259436,0.015468510609293284,0.3865608130812054,0.7975587851312372,-0.00013858300852208832,0.07994949656086718,0.9076386957241054,0.0005898881177020971,91.3946438271663,24.749572079385544,104.14102733670995,0.005382804789888905,0.005897327941024112,0,-0.0003892953869906752,-0.0007294531631799853,0.0003425601832321226,79.4782125144324,57.22038939405152,30.334016827693272
497.05860754120897,0.580673733013899,0.07988886624503148,0.07965249021366466,1.1316056446815717,0.015466168125471955,0.3852347902128878,0.796292998683081,-0.0006367565779141874,0.07992715139183144,0.9245643752291103,0.0007683336993073813,92.1000156894075,22.612145262858093,115.27258018014948,0.005917726432028436,0.0056471065910032444,0,0.007982148010254897,0.0036384206752002376,0.0015222138470646373,79.04664914995331,57.60523816792014,36.380628826615705
497.69405823115295,0.5804187916385167,0.08006537796473046,0.0792853679817691,1.1408920544343586,0.015397405312209372,0.3552683418922391,0.7853828787605266,0.0031600562017340436,0.07994628962859307,0.9240541222440826,-2.282543133988159e-06,89.67618414144437,24.029037788378613,127.66293355656568,0.005492323898781368,0.004907587728671947,0,0.012315737070384948,-0.0028454262723782314,0.00419749086987484,78.51347164899056,63.93652094067407,43.85964123680793
498.03971547458406,0.5801790436999407,0.08001380274428109,0.07893427260937,1.208820056849254,0.015396667971080294,0.3548504927525387,0.7717597898780989,0.003304224766279353,0.07997090359627866,0.8538472417401968,0.00029248777401951246,98.77550059228447,25.014924853906006,109.49261815521342,0.005504868389323876,,0,0.004797860212906168,0.004602153660262559,-0.0038348298538231776,79.03500710559773,64.44652027218726,43.021149864118385
498.7868937583644,0.5798767139311377,0.07989104297718888,0.07971088226125325,1.2001627835442488,0.01520113249372526,0.3573091632441945,0.7749514891713233,0.003051903095414205,0.07946446758359266,0.8317224361166631,0.00021114235614481808,100.29115132276736,22.998950107560674,109.17793109933459,0.005264033093664142,,0,0.013276577155848925,-0.0004138809974606433,0.006763650816352593,79.36351891907312,63.53636289189595,42.54920781486782
499.3909210625419,0.5773495088983176,0.07951928219043755,0.07938049632722145,1.2084030705768363,0.015357121452830264,0.35630212996818544,0.7740890335405545,0.003333168721844392,0.07953160916289487,0.8300169849102651,-5.763009538265905e-05,96.3852479598119,23.515554317243016,127.49869816074994,0.005133759627991122,,0,0.007436248882947952,-0.0024467491727309257,0.0035591366713958305,78.6718097971845,64.27268822182575,42.48862625708703
500.0193887778712,0.5791718580960609,0.08057981244874708,0.07882425238208839,1.2214667753094353,0.01531364333203466,0.35848092389984676,0.7740052733142105,0.003356902402498749,0.08008717470140782,0.8331718083442624,-0.00012834416726085248,95.95221574945468,23.14937564844634,127.49082840696943,0.006330217185748449,0.01733760607430294,0,0.00796650294034984,0.0026246618560098836,0.001157149706987372,85.65472342300365,64.18243961195364,43.518998784989
500.6269075693561,0.5824828417878984,0.07963430543478257,0.07924885195697094,1.2198762948772848,0.015461055470316485,0.3868592714213226,0.7629671630731941,0.0032765271299305385,0.07978563329289293,0.8320781910748158,6.40732679338472e-05,94.58717626735219,24.52976227337898,130.70465116491994,0.005552788493110766,0.021943329951369363,0,0.006950642020673161,0.002733629592252355,0.0016447216734154215,86.15055491506826,64.71315685729425,42.30824141531024
501.2099859496894,0.578364097933627,0.07933122448968898,0.079276886630167,1.2222837780893907,0.01512537996240293,0.3561924244555663,0.7868287897894973,0.0038200341798764626,0.07992992809781174,0.8278363094919199,7.503907754958032e-05,96.22528986427024,23.983729885645026,131.56272714502512,0.006177396474838948,0.02152380411484778,0,0.008939570387604222,0.003793879992165172,0.0004272336538165254,85.02937520304009,64.55116600107698,50.178549133748554
501.7476749950266,0.5788623487257494,0.07983655339288227,0.07885300545967218,1.2426429525651888,0.015266728235134114,0.37868648012565276,0.8416910707280212,0.0030306281399709993,0.08034708730495718,0.839489795650476,-1.3649662690965038e-05,96.16318878794928,23.15735015008897,130.35611099396417,0.006606675435489676,0.016191544007778547,0,0.01728068276379281,0.000682562223818533,-0.004327380574239774,85.81339148994508,64.2445268371043,50.231744913254914
502.0828577765355,0.5781490283559685,0.07938517197683186,0.08100629597438769,1.247722801470695,0.015551840672320488,0.379756241187591,0.8349132338681455,0.0026360748924011946,0.08054655970217509,0.8341705592658993,0.0001772821186069764,94.25139657976604,23.422033956011916,113.67378686061923,0.008093938571882979,0.01732635652256408,0,0.008062778366076035,0.01113419624310545,-0.002639034341351548,86.2240596874353,63.51563190812102,50.93260952940922
502.8090871364716,0.5806330581202725,0.07951043092550332,0.08124119454258968,1.24658189261638,0.015381391215192705,0.3575574064938701,0.7859201502265059,0.0032809998600314694,0.07927215520052318,0.8615592553099873,-0.00011001092258889364,96.14365945154586,24.11585027064182,117.63010927768298,0.007209952082667838,0.017802956782181988,0,0.012054686094770098,-0.005318508512312766,0.006950903122618777,85.86035589315144,64.3394615119731,50.123587025912954
503.4654867502599,0.5573355770998695,0.07950196126169788,0.08121808305855516,1.2229918470903474,0.015848638781176396,0.38224360545131364,0.8079556380540128,0.003127625822196225,0.08003521034848861,0.857340257336673,9.794258454087332e-05,94.32559765639907,23.990951343611478,121.56478986600416,0.008027606705912738,0.011181440208631285,0,0.013668271038075979,0.004430388797677559,0.0009114855464312931,86.11971849244826,56.04720119902894,42.21471052170188
504.0450736432857,0.5596826117112161,0.07990031159579604,0.08074542560590758,1.3116900261171542,0.015740101457847634,0.380927584244622,0.80973182198181,0.0002686289783066578,0.07988789588164573,0.8592171956743199,-0.00012338926145105875,91.79744541807361,24.54725267964774,130.29916130690486,0.009275642367974323,0.01802140672537638,0,0.009546094080112318,-0.0024853587552173175,0.0034206745719119417,92.67079836866377,57.58777265102296,41.42285216336211
504.6560839220781,0.5768476541267091,0.0802444540352259,0.08110587055006208,1.3102012220288604,0.01593623763085439,0.3805349293567667,0.806857687743798,0.003516706826808977,0.0799312883697625,0.891181851925052,-0.0003080199718384323,89.34627061862429,25.31995263794086,135.93799600440093,0.006288006754534774,0.015132753063339785,0,0.014440262062052742,-0.0009710456563792372,-0.0013255359338795042,101.14136038054978,58.00796439895258,42.8126598121893
505.23916230241133,0.5771472103993327,0.0795224626901565,0.080625596468368,1.2752763263270117,0.015707184756626302,0.37930689508720866,0.8087278406637524,-0.0001862483425477957,0.08080635622786402,0.8714781200723347,-0.00046323063620526655,94.74924791880156,22.553027183255406,132.3223067182486,0.005866884868112899,0.014589854131548908,0,0.010944984686961728,0.004802303576902502,0.0038742890358463246,99.6606047381434,56.633684992359065,35.26561710466727
505.88508745427754,0.5788789478944055,0.08026265325598089,0.0803785259624278,1.2841673716033535,0.016099065033253673,0.3811256631614348,0.8276435925585927,-0.00010895468086516683,0.07980950132611828,0.8784044652444702,-0.00013816507030431512,95.18669011966067,23.68772193443113,128.52866069200905,0.008284535032431933,0.015473734712046806,0,0.008938253607740717,0.001377576387661989,0.003845605063680703,99.42087792412116,57.26997634319734,35.87473301923109
506.46816583461066,0.5785364513562592,0.08042771927748155,0.0801412416892029,1.3272215750031109,0.015593756742383764,0.37874960871825725,0.8127520979949273,0.00029557768931730174,0.07964006899081173,0.8736660363077247,-0.00033961623508371947,93.90314676336418,24.039734812323935,125.20840177289615,0.008617995259284635,0.014263062000916343,0,0.009223478541680218,-0.005451006135385119,-0.0002650227283584987,100.18354467550533,57.51054985807934,34.92561523567442
507.0721931387883,0.5740360399511152,0.07619705580388311,0.08115689831066929,1.3425038607339326,0.015922757085320042,0.38112166108049994,0.8100398731633042,0.00011851333719807244,0.08014832429878825,0.8894947740928774,-7.56908260072592e-05,94.3430038720825,23.505720623523285,137.100556994721,0.007856583099065406,0.01041782810371593,0,0.013426550757779265,0.002586915966336953,0.003879620454059037,99.7160558346253,58.613822440819554,28.74834674732969
507.67622044296587,0.5771790941541848,0.07698100081958001,0.08050609327496784,1.3121424636757144,0.015409184646601478,0.37841124914690527,0.8097493331115205,0.0002501956875314342,0.07958989961883023,0.886889422727639,-0.00012616108518353065,92.26253814430234,25.903348656905262,127.19724690452782,0.00722379988507353,0.006253097376969838,0,0.01261279290694367,0.0009442780299176857,0.0005857031930182421,100.56793256231603,56.99672402633343,21.188626236393908
508.17899461522927,0.5726493346051037,0.07675224631638587,0.07928182566107249,1.3059488595702209,0.015506343603842914,0.3452309143248276,0.8189802316168416,6.680176940950261e-05,0.07889990639592759,0.8877206491141663,-0.0006451963094205653,94.08869051234802,25.769988008655265,123.67893058606471,0.005061205061482706,0.0102081387187214,0,0.003932362706369449,-0.003206251701648058,0.003055388849277528,92.14749305613402,57.46773818825089,21.829502470179502
508.8738005893988,0.5731036035304056,0.07643629045234936,0.07911724574146703,1.365486845296252,0.015533146211536612,0.3452599244396337,0.8065264562063169,-8.005290834528885e-05,0.08005872334307693,0.9083394444542414,-0.0011896746106312992,105.67669982250584,22.558894351174754,124.28442175404814,0.005840450796236203,0.006958030707503743,0,0.0029232237941061966,0.00477862496056683,-0.0009540685793297593,92.67686374453625,57.769078649277105,21.405054292061486
509.50575979203546,0.5614571780669504,0.08032312821989916,0.07954215320712062,1.3913928471361765,0.015411794252447182,0.3461479930455722,0.8115378895999585,1.7372037568873494e-05,0.08064114580333208,0.9019286004473013,-0.0006135376529484416,104.99270155273787,25.18996675133244,114.802385110135,0.00593727800413947,0.006306971740198676,0,0.0026174681352390348,0.00015808838530233672,0.0004253981827357827,92.36514178998947,57.187073647083515,21.15710938561161
510.09232965967607,0.5733492792207125,0.08018732492141895,0.0789304006283043,1.3915328936560603,0.01544193129346283,0.33264310167436584,0.8162788387674994,0.00017253116453173998,0.08032484568738799,0.9010376618116884,-0.001470965891300602,101.4514198342786,24.267517249996008,139.08346849671656,0.005484986524295241,0.006571258245544108,0,0.010652598091662805,0.003985328651035014,0.0077967028325078395,92.8614332003013,50.187619791658726,14.955117755079115
510.6928654765462,0.5718557445913479,0.07961310328544999,0.0783063027724698,1.4521928546984477,0.0157586416669868,0.325934655309983,0.8169561245330318,-7.450208354611703e-05,0.07908066417606333,0.9167646237895013,-0.001540817334655905,106.02349298547514,24.84435402816146,128.9477414502478,0.006489813538728044,0.005530251615728808,0,0.00020874202935296324,0.0036828319001785594,0.004190242131757231,93.15452404962862,48.97178869432656,15.366681231127018
511.2689608822647,0.5727646579941901,0.0800066854088555,0.07826019815965625,1.4600814612725679,0.015849540386843913,0.3633249586976174,0.8277323541954766,2.6828842490534098e-06,0.0800323516991525,0.9180487434754909,-0.0006926474441035848,105.12549288472356,25.219675920896876,127.05143157816198,0.006412784771655048,0.006336724570169273,0,0.003971190309374679,-0.001892403724119062,0.003960083800106223,92.90775842859165,50.48232934857519,14.663096173176621
511.85553074990537,0.5734072932532875,0.08045197079861585,0.07809454476042803,1.4640083657494765,0.016001129658768317,0.32693880357999383,0.796940141144556,0.0035801631366635858,0.08015148880861055,0.9404076669902988,-0.001991979386898665,107.96496408832863,24.024229502127827,130.05252800830837,0.0064887764495697355,0.005443763451149219,0,0.00560369090143993,0.002028173135428995,0.0033260280057315346,93.12147736023245,49.73511950771399,21.830206948094652
512.3094240998654,0.5687890252522141,0.08003724381054148,0.07865718683888175,1.4792775738361237,0.015875560831047415,0.3284089803785186,0.7773457139056347,0.003498360608622802,0.080120320572466,0.9501888082637032,-0.0019571367409567763,105.00566037749378,25.079677547599413,123.5257988383885,0.0058321315420076176,0.006453148665551351,0,0.0029465205116668927,0.0029557565973320466,-0.002514932470685433,93.14413507669545,50.600695210630256,21.295214827160894
513.0461279217235,0.5707644545092445,0.07941099573189343,0.07815823101252169,1.5764972789063711,0.016044350968039276,0.33856090430984864,0.8016928938214365,0.00352889784357151,0.07962549414901125,0.9431169285146802,-0.0005509261811491527,110.65957612597103,24.176874530155768,115.53839321912264,0.005697771570887814,0.005015916738790032,0,0.0036890843839254292,0.006839873643762982,0.006595032358210637,93.06609554619752,51.42559336949929,21.693502041808934
513.6780871243602,0.57468280041048,0.0793489906017206,0.07914530321523115,1.6150752757650317,0.015840315028831282,0.3359199540733099,0.7902024529042486,0.003603706932806159,0.08021065026173399,0.9148092769774899,-0.0005921967914764722,110.95306081931012,24.551453149197307,118.22866034849332,0.005627162488207022,0.005590793524723738,0,0.0011315400242806408,0.00660631362662892,-0.0036559204916023816,92.55687241656602,49.351729951293464,20.526809255835424
514.303063352382,0.579707603496312,0.08009059878428419,0.07950180926865386,1.6334056412730733,0.015974605862102417,0.34538640945638044,0.8029228627790812,0.0034683006739038764,0.07977913598995885,0.9084625380149709,-0.0005211567002498172,106.1770982096941,24.577777573954023,133.35810274191235,0.006061832122666487,0.005477786430583467,0,0.0058918316469427625,0.0015031523768437166,0.0022863638768155802,92.51156563821415,50.17631540309906,19.058287770096225
514.9001076819447,0.5805860100243034,0.08025277259562252,0.07955590620649948,1.6218990027524345,0.015728986947423914,0.34272346763045514,0.7782710611604464,1.6101242903724103e-05,0.0807011604745372,0.9252373783185094,-0.0002732042501100229,103.77189586970314,25.91741988043317,134.9491346900433,0.006132736036168408,0.006477193348897203,0,0.004191786339212101,0.003699500782367306,0.00501998709583619,93.2914774870317,50.458362973597794,21.050010225421193
515.256239387298,0.579085689164297,0.07965768054906663,0.08007487639064205,1.6040101301894867,0.015417956367002453,0.3419932864522219,0.7767914014879841,4.480687138452453e-05,0.0796439943813197,0.9060930539411198,-0.0003339189067064225,102.06256255151946,24.202920408987282,104.05788424304191,0.005821336907239323,0.009378599452699109,0,0.001580003475838916,-0.0017413537088401963,0.002580541465195001,93.02382173130208,49.92625545923619,21.90111282109749
516.0034176710784,0.583225038230289,0.08665908334566641,0.08044018029035327,1.6192095089041167,0.01551090833856245,0.34153782938182053,0.7802993473388717,0.00042491939407972274,0.079490550749695,0.9089838493696101,-0.00032015562581725124,104.00013444931892,26.09527718028844,135.91484670143834,0.0068961766980188246,0.010097469575442513,0,0.0034128079552346257,-0.0015692207891303232,0.00034674296664347786,85.44348105441192,49.13401084346796,29.56989947621662
516.6144279498707,0.5848866638806614,0.08594472483461514,0.0801226838001916,1.5835053518264006,0.015200991127263263,0.3422074365239062,0.7745427933934353,-0.00013709391148832272,0.08026270165425596,0.8866873390198099,-0.00018998470844311437,104.95653247325599,24.246101042389412,126.91412344931739,0.006807476466826876,0.008838499995972353,0,0.002551186732993012,0.0004591893282885409,0.0035188881408454893,85.81393420610281,49.42324365199696,37.64505693397002
517.2219467413556,0.5843152491604978,0.08670156898665304,0.08088121241959673,1.5385194401402669,0.015571421457332065,0.34655425148961116,0.7803988226982828,0.00012947984641411731,0.07952948476513819,0.9058323851474761,-0.00023167192361702794,102.49504824804205,24.755190981036982,121.84018201319265,0.0059683034970888565,0.008998030239761257,0,0.00643170306093261,0.005783992478476203,-7.028259694523832e-05,86.55755145783304,50.70130564478435,36.126571033976994
517.8294655328405,0.5798211809462769,0.0870081695927583,0.08063583504312914,1.4648025115099628,0.015380660449131464,0.3365084967592105,0.7432831501882619,5.400979038194237e-05,0.07675071013159968,0.9043435903854097,-0.00028202266497188706,104.78304847408326,25.639997235642564,123.43414556468886,0.006305694510224459,0.007879504099116598,0,0.008999143911012452,0.0015000821258379037,0.0041094961686430976,86.28332746246967,49.57213128330087,35.725258984285674
518.2030546747308,0.5825563255297285,0.08718708799668354,0.08106733977527972,1.4842671845149051,0.015378493216446614,0.3389916154956372,0.7342145631235888,-9.167652479782662e-05,0.07597033383308459,0.8860246678115596,-0.00015946324946085428,102.81143348224627,25.076642892040617,111.18484210130511,0.006197815868777663,0.009033734270073465,0,0.009648350725343272,0.008391733083368293,-0.002256780372837177,78.85038037372397,57.715181448882916,41.834153457071984
518.9362670092816,0.5849806042016787,0.0869565045388701,0.08161429357088516,1.4709484307286056,0.015466855939255416,0.3478742751814222,0.7722484484526564,-0.0001982121370105582,0.0797502765687236,0.8962739796548769,-4.137049946678394e-05,97.64956987391835,25.866127118954903,139.0623223120254,0.006158484188994717,0.008204387070041104,0,0.008821222859488746,0.004754296936974787,0.0003625706843549026,78.00281321772734,57.790272267571105,41.067355767672716
519.5682262119182,0.5824001957723405,0.0867766735892727,0.08132582464479346,1.4398756912570347,0.015540930715207877,0.3463564463610781,0.7719947748590692,3.7786967028290954e-05,0.076820908962299,0.9034546989624785,0.0002247221374716281,103.12341884414795,24.127306777464234,114.46223237469877,0.0065314057378869205,0.010191811855773428,0,0.010077898349654458,0.002954629947178304,0.004375435194816274,78.34396235852539,58.53315125269393,43.27728603180522
520.1792364907105,0.5841426784202669,0.08654968213883726,0.08198714201952366,1.4828344311012585,0.015494518854903638,0.3428129762173692,0.7404933587493043,-6.863484819034325e-05,0.07987371552953261,0.9221406811429197,-0.0003986941333263506,98.07315306316002,25.38902621370975,121.02849699137161,0.005853795164916893,0.008634022210534434,0,0.00887685287471458,0.0035117132874131042,0.005222782005366509,78.793649084796,50.6269695489258,43.474560915132564
520.8077042060396,0.5865868345056735,0.08660872967561821,0.0808273681312348,1.4333540639974518,0.014309511286779276,0.31751990513360456,0.7457408124118435,2.0766646669006233e-05,0.08009791719146539,0.8624897754172791,-0.0002903363295939129,100.751605213629,24.693345644806968,121.47446965351863,0.0066790570436359034,0.0072729761754396355,0,0.010808314734110591,0.0033396323052186407,-0.0014392297958107944,78.88024881929593,49.91805639316248,34.37867887165843
521.3942740736803,0.5867986989629865,0.08683923366244997,0.08287455830933767,1.5089712528282155,0.014482534162583986,0.32991885457431774,0.7459376027497443,-4.554759050072226e-05,0.08031023827859968,0.8889430434600558,-0.00034603578899141296,101.64082842134549,24.636681231369508,142.73105144714242,0.005870428495318369,0.008124164551156937,0,0.012975632048162605,0.006175346659000091,0.003430395379798173,77.79352106810563,48.57275993844399,34.40567021006122
521.952912042862,0.5872675115454731,0.08745788178188098,0.08221569001728239,1.4801263211125533,0.014291697090473291,0.33235809750369644,0.7418749939413146,0.00022488801129047872,0.08000684816717318,0.9085940111182588,-9.631467939801545e-05,108.55153984407345,23.581720036625068,108.10295247619878,0.006826060209868215,0.008352587479040002,0,0.010913019195150555,0.006691290246652692,0.0004197261186988171,77.92637870045101,50.09809478312021,35.41781090132691
522.598837194728,0.5851281767195808,0.08614710980643007,0.08331115151236393,1.5141854658817921,0.014483996604282073,0.332244744440863,0.743582096133306,8.388049979410743e-05,0.0765492499861906,0.8954742478448088,0.00025866242602979635,101.7434603724797,24.604905161557316,124.17404719565768,0.006224026386461409,0.007589765641586597,0,0.011359558456336537,0.001976068967694286,0.00392158760508246,79.20451122077324,50.79060872923763,35.030487453180605
523.2133389608277,0.587532341853947,0.08689507715958814,0.0831630214212284,1.469703544929702,0.014434221463522155,0.3277552750434654,0.7457553518877389,5.891054076920338e-06,0.07668271041646521,0.8618024134609898,0.00025907271854334917,100.58866139821811,27.073447723477983,116.78181314500681,0.0066586901157464976,0.009887099936051228,0,0.01158884830780295,0.007064318722589718,0.0027787761190666317,85.23331732660438,50.359931784813924,35.92599164627861
523.841806676157,0.5892308306013064,0.08632293571598773,0.08296292315783767,1.5061896111500597,0.014540333624313844,0.31703585238639653,0.7440664868912527,0.003172204796964096,0.0764840797982669,0.8737609595026661,-0.00015191099853349198,106.07691162369366,24.231463004343222,120.1730241994167,0.006790339376180772,0.00937679505488765,0,0.006729093786266483,0.0016596610294131319,0.0010237824066402675,85.92513019712698,50.23054867843318,35.37816516134206
524.3445808484204,0.5902701876396477,0.08728345099311742,0.0830653983493142,1.4441143653821458,0.014944363932195342,0.3304593426606925,0.7393115390096439,0.0031726110992108037,0.07634488587665461,0.8883842218118729,-0.00036030656496768924,99.57052161885619,25.585422925002785,109.57774996686209,0.0059893518652963055,0.010046051752043523,0,0.007094833926866526,0.004609531991705279,-0.002804493948256217,84.91273993760103,49.44449129106206,27.18922561224926
524.7740337872286,0.5901733314404738,0.08673708349095383,0.08264971512331752,1.5057229557910636,0.015514795690609215,0.36002977360433625,0.7805850328590156,0.01032256157848558,0.07648251641085674,0.8712180323316544,-0.0004408198832733931,100.47941770059373,26.10226333945195,130.29725797600008,0.006261639426842653,0.009474491261312277,0,0.006931463113168846,0.004246261434574015,0.002992075499931609,86.3555094871533,43.34333874539499,28.525983629049062
525.4478908375539,0.5913173758907052,0.08224750162309534,0.08296550010802461,1.4881167487770022,0.015629031432290743,0.32626698798062903,0.7469457636718361,0.010162828075435554,0.07634100238226117,0.8796569482980036,-0.00084233193360452,102.93676540066708,25.25899988426372,117.04588838018817,0.006544759491833244,0.009177942333307066,0,0.007096707578103623,0.003952460293277316,0.015706202869508325,85.25379179871057,41.972290228279995,28.670686838299233
526.1077819386496,0.5870894097005279,0.08020088378730147,0.08282555208747124,1.5378337294180933,0.015331167299357155,0.3331552332967229,0.7573148810248859,0.010198163130938893,0.07674833545844748,0.8893994809621966,-0.0009553267950863367,100.67190860601536,24.17237126058992,144.18443412674569,0.005886180829363884,0.009878078079608091,0,0.008654152533932858,0.001168660414543749,0.02080252280313976,92.31729068236307,42.30268016300811,27.41384095118798
526.7257751920569,0.5920496889653523,0.0799199941266301,0.08244131398050486,1.4502746381500533,0.015469706527527808,0.36049930073849157,0.7691332520797793,0.009695390933226336,0.07653980607971442,0.8976575850249594,-0.0007986678195069598,99.99900531073978,23.816738905242595,121.24179479404883,0.006606835805062811,0.011149217597187771,0,0.004426106563844675,0.005179237537655736,0.01964421381800808,100.08277920123582,42.83576341724808,21.313935315981006
527.3577343946935,0.5853095142342368,0.08018665247007091,0.08239614148346062,1.4990663446866357,0.0155778951409848,0.35780266849441367,0.7771793314997354,0.010016117165675532,0.0765122883940624,0.8971717278143824,-0.0008027117110972762,103.13878152138247,25.480460134377363,134.59970613658427,0.006842268558414275,0.00969205561955813,0,0.008412856198696958,0.0009298507877474483,0.01674687126124351,99.68120034867714,43.073604025016394,20.39274133878513
527.9687446734857,0.585830116719511,0.07980339444555982,0.08214573615285642,1.476397524459682,0.015395970445747049,0.37070170079804127,0.8022326139638795,0.010409738715248383,0.07673562620794419,0.900926661846944,2.1663626691848425e-05,105.49827487934,25.86776909208226,137.33467081962127,0.006165513432516933,0.009874421095119905,0,0.000870036956827241,0.010335215533092076,0.017658190510906238,100.0134602442231,43.31864775212626,21.515057832735618
528.5692804903559,0.5868589895481043,0.0802690153651187,0.08198855054206129,1.4878882297438207,0.015668432310308487,0.37968049575482105,0.8025612573420742,0.010177508240950994,0.07676829628658413,0.9002016433714205,-0.00030145152846458925,102.11012274780298,25.120226495585,134.65166534629626,0.005608768768309465,0.009021369329383345,0,0.01053446187128642,-0.0005870962829470651,0.015127619087580138,99.58698131887074,41.24564703220938,21.031245736392
529.1034780483858,0.5882847820970569,0.07992609408492454,0.08089383893923255,1.5073661292323546,0.015456385365453521,0.37287788068582417,0.7970695548836684,0.010213858014622228,0.0766689258831403,0.8955711938601085,-0.00013434948968792852,100.8871959312088,24.15932565222527,125.90675664739264,0.006849575487991662,0.008399132559562747,0,0.006795069414825353,0.000797171118461192,0.013699674579010902,100.9585282259343,41.83742830674478,21.35686668696305
529.7808265860184,0.5866507968975432,0.08034317585436321,0.08114823874597922,1.4629667776798732,0.015700999416926348,0.3710987931848886,0.8032643177801467,0.01000431341831686,0.07652977251134738,0.8934969229347337,-0.00014726073943643463,107.55279188614904,24.130960196977977,135.75169351918717,0.006245418001325645,0.009186194542004028,0,0.0023263544262140208,0.006026219000275038,0.01802759345254711,99.26449640201741,43.267366945415354,19.563077397921855
530.3953283521181,0.581652841999027,0.07998105229997514,0.07970697728468085,1.4770871076376482,0.015437852224201328,0.3749851488897206,0.8075294136756299,0.009433401261873198,0.07656736609719797,0.8982258669961392,-0.0001753540278857427,96.30992002173166,23.71413013554632,158.99700159353313,0.005854920961153507,0.007984817199630017,0,0.0029475530607506384,-0.0014286037188783129,0.01728879318210731,100.39847617900676,43.17124652561441,22.477086484045245
531.0063386309105,0.5815033462819241,0.07993411166978494,0.07941394095885287,1.4995069100511746,0.015566323183453098,0.3696746908825502,0.7848386329752777,0.010029315104797092,0.07686999662897656,0.8919785770232409,-0.00019127463915613537,98.0811568849715,25.302950359993936,114.6974489609705,0.005685980189621583,0.008741861664609482,0,0.00219596599128342,-0.0029174198494660193,0.01613221757750897,99.89811019951578,42.647471434496616,20.282414308545643
531.5545021381698,0.5837461943172816,0.08014171689480482,0.08046678765579905,1.4749534829780049,0.01571139351543934,0.37191269113039754,0.8096875864045185,0.009897339499779209,0.07614981315980525,0.8801347614241274,-0.00013755510050680642,99.70610603947318,24.62990218079007,109.43952987926743,0.006709790697754,0.008951119744767191,0,-0.0009256061592034163,-0.0020014701236076267,0.01003867301287878,93.53189972140214,43.97807235620543,21.413772107119705
532.217884726573,0.5839069897285041,0.0802599183776085,0.07941390740408334,1.3658092775771258,0.01560602232114903,0.3743504314662317,0.8105169953409538,0.009506643732416588,0.07613135850217981,0.8916022023736349,3.132480430415548e-05,98.57169927984403,23.991715090653944,119.60347496208898,0.0057564274165231456,0.0076221390624938365,0,0.0018418982090877738,0.00532408755214751,0.016316156296980928,93.40651650250932,42.19055084542923,20.971009804764233
532.8358779799801,0.5853055451670628,0.08007042332775247,0.07966085576581933,1.3806774806008575,0.01566600104506571,0.3693347333605487,0.8023813278460977,0.010084335144810724,0.0757681085560265,0.9014648836343095,-0.00012992040963213914,103.47974840509322,25.5368836914414,133.3838814690541,0.0067465402945019225,0.008060570960945167,0,0.0024602882005587173,0.0022146926733107803,0.021423902472681933,92.99893247456771,49.73310551118697,20.493211485994507
533.4433967714649,0.5849373152160833,0.07960264899048011,0.07948963379513138,1.3812124916728974,0.015587363242727442,0.3533426549508887,0.7892412446296904,0.009653636798150749,0.07623515488740887,0.8868368747929609,-0.0003857078595017247,102.22426226388285,25.479030751372573,124.49318390542972,0.006545913683301255,0.008623815613546462,0,-0.004762750137150277,0.0027292420712527873,0.015102743835911866,92.07514738179297,49.58365702585146,20.675135750746826
533.8204774006625,0.5788382398958914,0.08072969289496361,0.08034583595356312,1.3153803961987751,0.015534400263831688,0.3674421916522315,0.7997723401990848,0.010182229328935873,0.07954320363419749,0.9030065938484854,0.00034882280108444004,104.66628370149111,25.116542364507513,120.76570702713067,0.0057405557954475555,0.006409953130300737,0,0.0024817206861877626,0.007878624675705354,0.01108341876226798,92.60063883882279,50.29276497712751,20.872804265076514
534.560672709828,0.5818198230839391,0.07989585416525541,0.08028063529593764,1.3044684307073704,0.01538674542335582,0.34928107460272645,0.7900473125343023,0.009922204745284106,0.0802259808205558,0.9079479862472362,2.9430818269935203e-05,104.96335034491212,25.40280937579285,134.55833638733964,0.005517530790796322,0.006922424031478672,0,0.0065583163372813814,0.000938963337244371,0.002753031187814439,93.27274884802935,49.54749947780142,29.196715359174878
535.1612085266983,0.5805701325812874,0.07999830755219438,0.07975144996075609,1.301595961024141,0.01564464464069326,0.3494371196562736,0.7616488645080213,0.00981465513042619,0.0769755540432767,0.9019473815994115,8.098646562109855e-05,106.49037686024596,24.421500767339868,117.06182366981407,0.005667863723649059,0.008466321605847356,0,0.011903933064787292,0.008535175017973406,0.005291282356062554,92.35677781361974,57.12876918496201,27.45641251920757
535.7652358308758,0.581145895110227,0.08041935679940487,0.08013698751779276,1.2931074372288383,0.0156506944007868,0.35108078602436366,0.7646682254750449,0.009778459346003875,0.07707018925227851,0.8935342374376388,0.0003892518378520416,101.85472545740708,25.330381482296495,118.62418712668574,0.005587813847642964,0.011586838071639823,0,0.005854545342054463,0.002406534421738581,0.0002574021088085584,92.27119208539881,56.451348869201354,34.727695375043226
536.3762461096682,0.5790283985931101,0.07991085655356972,0.08033467283878039,1.292125648194367,0.015222312659506331,0.34894645099942895,0.751601314867353,0.009518992398017082,0.07682305524378993,0.8882284829233988,5.660504039272916e-05,108.08056512187761,24.875760547973155,140.85564159405698,0.006919622314269315,0.011476515529630514,0,0.0021143634382430714,0.008660187230836678,0.006936431481637183,85.56071480563037,57.795006535104925,35.30832421852854
536.9244096169275,0.5762550276396996,0.08002391753222902,0.0808446601522118,1.281688150978599,0.015363691316534745,0.35343562476586454,0.7560533704767911,0.0031558111574592684,0.07927366068158236,0.8950079051741403,0.0001487184150339172,107.50175495813357,25.10349481954814,125.47892448196893,0.007329183066214076,0.010519441464123433,0,0.010569282319084574,0.0063632864327948045,0.0029696007433365804,86.26790176196441,56.968218030331144,36.04618120400326
537.6122326164823,0.5778505481989662,0.08038875231203965,0.08065894986540327,1.2707718827065133,0.015537638736242686,0.3656443676964597,0.7913122145815729,0.0033270542461206185,0.07979094434253768,0.89712664523787,0.0005656867800365385,103.91367273068546,24.768840485145,134.3423110194502,0.011615464554470612,0.012930049043435744,0,0.00832752406943249,0.004615538213421091,0.0013286058386959409,86.16966304387647,56.68671004513081,35.30235281469573
538.2022939714304,0.5764078865236807,0.0804688391389883,0.08062074255507337,1.2435703160062617,0.01554242616756702,0.34901248754604874,0.793146383835008,0.003546410344024753,0.0801175287167025,0.8889474945375556,0.0001653774197435356,110.19745026842331,25.323752780414793,124.85361083970892,0.011699223373717201,0.013306520182296885,0,0.0037404852924339685,0.0063185101787909155,0.0012544293013428821,86.63766312120875,56.79103103730908,35.14863357445566
538.8377446613742,0.583607290292595,0.07946049090822824,0.08075422844971795,1.2343557216005085,0.015214534117449061,0.34963208681633373,0.7832011258451973,0.0032962715391348075,0.08018348410863115,0.8671660264533615,0.0003889360481867591,105.48439086600496,24.654480110143602,123.90717456764762,0.012693184756863188,0.01378728847426475,0,0.0047643152811092816,0.005537175677253365,0.0029638063180847714,86.31376448693544,57.647500193860935,35.319453646149285
539.4417719655519,0.5851613602845283,0.07979976016366618,0.0801739009019408,1.2203658648444093,0.015416223180239573,0.36628527275242617,0.7857367179827515,0.0033890776955232036,0.08020478922794662,0.8324099260231324,0.0005547395151451388,100.66190304905989,25.63419291306066,136.11096340679154,0.01382549883838115,0.013871949866505966,0,1.520059409770326e-05,0.0019453675620664155,0.004470421500493,85.49753818114395,57.25906694621366,35.28407066222344
539.9410546505079,0.5917725552763716,0.079801102639114,0.08026845238008125,1.2106772766131255,0.015203248865570488,0.38321597510132055,0.7856263159235644,0.003551735649014096,0.07994610136927505,0.8329522114210983,0.0011765251132322598,93.5238375296296,25.65232622312985,119.97468358019687,0.018742298618759645,0.01714768611042155,0,0.002456017515741057,4.774376605390807e-05,0.0038568321565793416,85.7548711847857,65.48636164457214,34.800850621384406
540.6184031881405,0.5956168248077524,0.07988143849297692,0.08055108858095186,1.2572862658811306,0.015097483279277719,0.389242603635659,0.7796119568406384,0.003335777064720679,0.07973087086494576,0.8219672044570073,0.0018763134818019374,87.3186168707586,25.2556256948428,118.03183096320828,0.017775576997002086,0.01688494792887785,0,0.00882258481771981,0.0004669612822303555,0.0007785106524735605,86.70410473085686,64.27997752630573,36.567010287453996
541.2398879288551,0.5935864189334308,0.08019998896231514,0.07977178420383835,1.2326549279892973,0.015481371937835496,0.38459158472694305,0.7819869591102553,0.003173616416162779,0.07736241115179883,0.853210594324145,0.001773090063369842,88.67396136195946,25.456433322720006,134.4720979402398,0.018603110081693602,0.017961040862583627,0,0.009562431508488262,0.006408520178414641,0.005900127699393507,84.74765571356726,64.68694666447239,34.59542755402001
541.8788301061064,0.5930001320654413,0.07998835383551411,0.07896973162504019,1.2331967463851143,0.01721754620572324,0.39632245040474073,0.7926979457062606,0.00664140374681476,0.07674943753371673,0.8280431839028367,0.001807067601800997,85.63183854366501,23.861045067089908,146.42231895806384,0.018491481289654235,0.017060651339539094,0,0.0063079749636884164,-0.0003315807081351943,0.0037719304441375485,86.27145459772797,58.647470434062406,34.752168734723696
542.4165191514437,0.5853920954895686,0.08033073781276291,0.07943583938475479,1.2960347591959833,0.016870870621341853,0.39703872796663653,0.8065771713723805,0.00022057417224598431,0.07656848510066612,0.8150694239102226,0.001810205318149424,84.26774520757911,23.982350041368974,139.2571926512462,0.018380749784678005,0.018120113502625046,0,0.0046360696508291575,0.0014330801554268352,0.008210115667246293,85.45700949433684,56.92274620225806,35.2541038585085
543.0589528160025,0.5949454311858626,0.08066868826696337,0.07988388443145437,1.9680570852169317,0.017030007903775835,0.39998263873931583,0.8071873201550865,0.00015632763779867316,0.07705752655966527,0.7935630608867338,0.0017530222551025588,81.13858208361347,25.36193311943878,144.52539138010835,0.01840289336931198,0.015297168983151132,0,0.004587084710358587,0.0033151855030156257,0.013525256963580621,84.93848588014603,64.08247965684133,28.663684675344232
543.6734545821021,0.5934730093132106,0.08006888304028721,0.07961831099019309,1.9855202354590313,0.017345299832376666,0.397978816841688,0.8031027462684891,0.0001189229467324414,0.07659206287218523,0.7813911956835625,0.0018454936246011366,80.83735807036825,24.664513255458754,144.19005150314658,0.01789518312381852,0.01551059861247349,0,0.012108687873983353,0.004359015462418896,0.0075770161512225985,85.53232588755894,63.61296769149416,22.204559173434518
544.3089052720461,0.5868874113216113,0.08035817862070276,0.07893634163617967,1.9687094360527448,0.016913208352357635,0.3976668152289247,0.7906089633936378,-0.00010003810434342684,0.0767481325377297,0.7530383780922277,0.0019789505767099425,86.15116249454438,24.68991431222991,130.29502937951062,0.018169284769044607,0.016976236165154222,0,0.002447965060756986,0.008615152987281108,0.0072112077199374715,85.7616529750062,63.34080929804683,22.069833143324416
544.815170931617,0.584078216712325,0.07978423655973178,0.0791879161021056,2.2297503484988876,0.016011739173943943,0.40599920655283855,0.7816297628372035,9.111265814536644e-05,0.0766778036595837,0.7276289544748867,0.002309866712807021,82.49677728379476,25.492863190687117,131.47692796376543,0.01825201804456793,0.017375396927907287,0,-0.0023413250784584992,0.0037989593098875707,0.011839629131597796,92.95992827460337,63.55506610247217,20.83161408089652
545.3912663373354,0.5831549645302934,0.07994598281225924,0.07943679474715855,2.182599699016886,0.016132011941345024,0.4038555858269985,0.7785206698026738,-0.00021582128956882892,0.0765262195974761,0.7342323929581684,0.002236260732429527,84.50615615111576,25.22824515417781,132.36198336267526,0.017201468181394505,0.01750439912148245,0,-0.004906834382436079,0.011845922845079706,0.008263019116234803,92.94378779921011,64.97790147290449,21.762775657593952
546.0860723115051,0.5848793210254263,0.07995951292705829,0.07844292166939033,2.2099708928146122,0.015998501988080744,0.4170918991366804,0.8050642428245065,0.00017331429541554073,0.07982552546958493,0.6946686943461615,0.0020195926974131834,84.27308326467757,24.953992794028203,115.00412017969964,0.01649688167530513,0.017452057799791455,0,-0.0035994266338331485,0.011997314392054082,0.010739708165412637,92.53049772223638,64.30942630601241,21.2752678424026
546.6970825902972,0.5838383228920491,0.07979093028717946,0.07920766546337747,2.0202557147786564,0.015394617592291661,0.40811563224817154,0.7713940872369812,-0.0004521092784147501,0.08003488764048833,0.705958899860414,0.0019926245230820466,84.43182222245703,25.540071562010557,138.70972121074675,0.016790551284780447,0.012003358503648417,0,0.005870460893632598,0.010387832802517307,0.00865961678959314,92.98353572128235,65.18012132660051,21.503907194463643
547.3046013817823,0.5791250355796087,0.07992876473749393,0.08023277372479382,1.9929361887535904,0.01564617568628455,0.4021091197664032,0.7721810926676625,-5.9525680002754006e-05,0.08336160954706946,0.6860332596118921,0.0017757222818180615,87.80420930992456,24.274629184995163,132.22989774458796,0.016962425431237726,0.017244329137816674,0,0.0075494880104125806,0.0055241110447984965,0.007449686638815341,94.24822495297767,63.84457855263866,20.676263940994
547.8038840667383,0.5798666000877616,0.08044354238884416,0.07896207166107798,1.9968436426005012,0.01565751141008368,0.40967765461041106,0.7717020188980849,0.00015701410776081362,0.09293866559037324,0.6708556501681776,0.00208663414457424,75.69797330549076,25.516876174016673,131.04459433876323,0.01693208181965064,0.016507520255932287,0,0.0009999819257454723,0.006999407611907042,0.007332043414889174,93.74415537803394,61.90014121276923,21.932353040495265
548.4882155789857,0.5784216991781089,0.08009409981850191,0.08038800977789112,1.9599882995189122,0.01564453807330511,0.409374372830798,0.77074167352563,-0.0001518737511876739,0.09340381735167526,0.6775142782594803,0.002096659224788698,75.3752436788187,27.170063924701754,133.28462416444384,0.016856193142817725,0.01598397854576914,0,-0.0013121602326418842,0.0065116191624506655,0.010763242203125929,92.6611511797122,64.93218524796535,27.74283545237158
549.1027173450854,0.5785774553404085,0.07905561378698645,0.08056830256322117,1.9563209321767157,0.01547227923543425,0.4088590325289752,0.7733462852030352,0.0003006488798880029,0.09296182810623618,0.691886286206531,0.0018973101328933098,67.76208461534218,27.14731654583826,131.58911405562645,0.016380524073586353,0.011976421115870052,0,0.0006200810993183441,0.003979920204850513,0.0038899755227697094,93.65578604309862,64.3970052029358,28.06190741323954
549.7102361365703,0.5782028061962021,0.08072945868763948,0.07994961739234498,1.8705116746475137,0.015535591066228465,0.4143586547124748,0.7777196797290433,0.00015305981542983443,0.09364190295048161,0.6860060456847975,0.002466712883134937,57.545633307384485,26.061665343196907,137.46007154302708,0.01784852289134148,0.011479354771361595,0,0.0011548632939024277,0.0055127022038300695,0.009432182360600096,92.57282402985543,64.64257003541144,29.009720929932392
550.3177549280553,0.5790473484250954,0.08055059148937393,0.08067578588004147,1.7869405011525834,0.015279015569746179,0.4094615120147299,0.7721225188339534,0.0002519456253781755,0.08356328012624364,0.6697034254431258,0.001726720434610571,72.50986880781903,27.12634962774913,131.889933358362,0.012156848215368533,0.012476987467655168,0,-0.00047201886448858645,0.006387791946842702,0.00016382817280233362,86.33575995533919,64.31028210863819,28.559585976943186
550.8798843845442,0.5795311078420702,0.08015584847487134,0.0801773623011594,1.787641119270267,0.0156082264081137,0.40647734480742326,0.8030962285137356,9.9758854953137e-06,0.0832745625457207,0.7399075375516098,0.0010278502574235955,67.25536423743807,25.890161900730288,136.565722905254,0.017715427265964846,0.01227536140155774,0,0.00394449068863158,0.00356469093098867,0.005256465228398087,78.57009961774601,64.43280913627257,27.867396176947953
551.532792511025,0.579413846229728,0.07931355539452623,0.0809361441707361,1.7607214214580507,0.015668192625767054,0.4058927133441576,0.796336798049414,-1.5851027882296402e-06,0.08347483417148364,0.8071814911754327,0.0009830233169853008,69.2594750353979,24.755063886283136,140.34279430430024,0.011447813402455273,0.012033701586455127,0,0.00675961903698722,0.009563365572452086,0.001971859829837596,77.60977402702387,57.42719431637127,28.50960999424393
552.1333283278954,0.5795570609402666,0.07972031129460531,0.08121298099037161,1.7722388385177328,0.01564382199798247,0.4091641343401572,0.7978412690568749,-5.8234027127730324e-05,0.08339887876705687,0.7831868735523998,0.0011656834132727492,67.95336657543513,27.025644503846063,136.50826420413097,0.017410129197112982,0.01334000339197793,0,-0.002055014485628511,0.007653925334025907,0.008174811318260224,79.16243585114448,57.35381128368851,29.01270440382398
552.7373556320729,0.5804619292185765,0.08025062142648823,0.08161347562881058,1.8027819724184448,0.015730764833217892,0.40973427999018,0.790213705777413,-0.00011951538193546219,0.08335775551459974,0.8167964204981836,0.0014838165136384642,69.94703342723419,25.874847804467272,134.69100740548149,0.018412755556565557,0.011022815153123366,0,0.0012191236071100555,0.007994639385121741,0.004463357061311675,77.46301124362147,57.491475239123616,28.606554209529293
553.3728063220168,0.5810655749328761,0.07998786778858574,0.08090505667655404,1.795216196110142,0.01648395264809248,0.41490986261642243,0.8176013187392077,0.0002772352110481906,0.08325848506670605,0.8249263821080797,0.0015162729200627067,69.84580582874815,25.498166921197154,130.3010526078316,0.017803749509485163,0.011730675655775718,0,-0.007559065138755832,0.008830124296676737,0.006078938920915627,78.41977927186419,56.67429691714681,27.60984803342533
553.8860549562024,0.575369895970447,0.07983521035305757,0.08147298259024977,1.7422064816112697,0.016457853193338926,0.4130978807586035,0.8210088570286213,0.00035824828351523557,0.08303501700229617,0.8230111190909515,0.0016837725295232569,84.93328082580041,25.749683327553164,135.5596350538361,0.010822510985677967,0.01228799794298178,0,0.0050779156387023554,0.00949003363084774,0.005925471407205564,78.52078793110307,57.548629359506805,28.533424856865086
554.5459460572981,0.5776951904826495,0.08059367177184246,0.08140515916234758,1.6810984974204657,0.016111920190018707,0.39307460979113784,0.7934310933076268,3.4119329539958496e-05,0.08311605746101286,0.8039554573273345,0.001715559789801523,87.36377519168074,25.208077060906817,137.5286725993469,0.010440046145869304,0.01182381220655304,0,0.0014413117413506666,0.005268770921227734,0.0010319808623452716,78.92212199137128,56.908215157029346,26.436352997475012
554.9404841230325,0.5768562259706773,0.08015424578702778,0.08066772274039646,1.6444950530351807,0.015944546217631556,0.3898553738746322,0.7942731950489839,-0.00022502663652482335,0.0836139018499807,0.7975440536347912,0.0019460155970460807,83.90281556700407,26.55849852364718,143.6440236598904,0.020268625253915522,0.011952634670246976,0,-0.004848478565666664,0.002838435717988069,0.007843327179115313,78.94163516006883,57.90051471677907,28.39138582820909
555.6806794321982,0.5767662518643611,0.07966547965937158,0.08105502786040276,1.656470703447056,0.0165413256311937,0.4283166067009137,0.7970202081514618,-0.00020188922519296873,0.0833525205455368,0.7647193921242628,0.0018216184866330794,81.8482765186189,25.994717128637642,141.69384259922776,0.023093354401784207,0.013170428063458074,0,-0.0029155155052459436,0.002564504519053149,0.005234700288270341,78.94328795687098,56.98031838170927,35.5886110124147
556.3580279698308,0.5875047687863858,0.07972255551761875,0.0797141962127176,1.640451214664717,0.016331724358433344,0.37922391759185065,0.8035348817896562,0.003262247803076563,0.08325742277585238,0.6558419829290597,0.0016159755827954943,89.58108697146953,26.969383998389148,132.97945323017788,0.020608346318084114,0.019436173344212864,0,0.008606514493916844,-0.0006248525192142089,0.009473217563370044,79.62295589641448,57.49083540677234,34.33931284938966
556.9166659390124,0.578802759352437,0.08003874948322,0.07905209324006886,1.6522463180168496,0.016177624823805206,0.3804597630509781,0.7937494957484211,0.00022019875769032892,0.08362384308270228,0.6455005305779042,0.0016591381418992798,87.56687977417717,26.8409186810298,129.79776025333655,0.020311907785119317,0.012783304394065045,0,0.0023332216237274585,0.0033991099580940325,0.012075559888678792,79.46804063782484,57.21975726120223,36.152709241093106
557.5206932431898,0.5773851648908821,0.07980374689488731,0.07942792208991042,1.6335231396507743,0.015611917365722565,0.3715050701467091,0.7740014664909335,0.00019572237329338325,0.08328325974963988,0.5662368933615706,0.0018315434138512247,91.75560850773559,25.945654782924503,133.47570156269583,0.019741544905746852,0.013179002565630007,0,0.006876622458570049,0.005967363225308676,0.014988456849204364,78.92898180456395,57.1760563606222,35.05382818084099
558.0583822885271,0.5773606164644323,0.07999250210603218,0.07929293154298538,1.613636151537405,0.015604833150434207,0.36896725181743706,0.7787831834348744,0.00010614692179311078,0.08340656629771243,0.5990737890677212,0.0014566391995818524,92.69827886528829,26.152288151490584,135.08211418530877,0.020420267309319493,0.010978567920412184,0,0.013262221176312282,0.007319760718426202,0.010109092948594502,78.56539631764817,56.54023705440861,35.058175257207985
558.7217648769303,0.5876692748602731,0.07994745710211909,0.07926376711294263,1.4901073543818288,0.015551566311453291,0.36974832098026034,0.798079346325904,3.1256847960346274e-05,0.08343624674558665,0.5682534251713028,0.0013235316849985557,96.56307894933055,25.884551071163788,130.2845255972344,0.008198486414226616,0.010681587440024282,0,0.005892164227803653,0.004013388917227506,0.014892236726840181,86.06400303334333,57.13848695218559,43.25640914296858
559.33626664303,0.5767567792360377,0.08040809573860666,0.07986113872511172,1.4495051999687776,0.015330764187943614,0.35811929610601206,0.7739027845528729,0.003051790036911813,0.07609880915283226,0.5756841661603657,-0.0012410726771559808,95.7350865208211,26.481660296729874,146.43841428618177,0.008693551565017462,0.01303885937933094,0,0.007018936488319386,-0.00029688172969981677,0.014580512911458138,93.50450938779194,58.05125026826734,42.48713724808501
559.9402939472076,0.5755222477746174,0.07960811373336818,0.08075456371769169,1.483209557834478,0.014957174424091441,0.3283211740960327,0.7647329629828629,-0.00012732420903535083,0.07640034109306876,0.5334173207380343,-0.0012328765751445899,104.44684621229662,24.38658617987569,122.76040632412469,0.007723596152611831,0.01151503268846764,0,0.007615251948554747,0.0031836606846703357,0.009516533550365476,92.66283407344255,64.43752948486954,44.3508660198673
560.4395766321635,0.5751615175988601,0.08042174932936799,0.07992154487031279,1.2972445195316318,0.014764250688003416,0.3306900381734977,0.7679667852449976,1.0167415569640245e-05,0.08015631784601333,0.5265528700354773,-0.0012266470170452656,99.9133559069517,26.135648387916937,142.18272697569958,0.008100525044186999,0.012966631385310613,0,0.002394105325628137,0.00149925075628469,0.011764853336110678,92.52960408418987,63.98436401204526,42.32855017215438
561.0645528601854,0.5755677797517655,0.08328801089995325,0.07999245933758663,1.2742231283166148,0.01459679884848948,0.3267350242960152,0.7663135014874497,-6.195389063445214e-05,0.08029049470635322,0.5702641421653402,-0.0012789697689075399,106.84956594720643,26.367707883059825,126.91012338535785,0.005764498444147545,0.009387143705090762,0,-0.00258365229873135,0.0041648314082612424,0.017917731152258976,92.66759495458024,65.06035423676128,41.86738508074795
561.7384099105105,0.5785327990695897,0.0837041239841563,0.08022351617478567,1.269449487226408,0.014789986661619294,0.33288233173944454,0.7699445961727475,-0.00031484195100884926,0.07990766170739924,0.5486485222703821,-0.001134328719990273,107.11239609664642,25.635089324026296,145.08225810058715,0.0060382380031764925,0.008853472877643697,0,0.013244480247109926,0.0021532195148754,0.013623502210326892,92.63348928338128,63.48140071371843,42.69672238609263
562.3284712654587,0.5761845921535772,0.08314523845146739,0.08273162367733204,1.2669725783988754,0.014718493043170584,0.32878699563640773,0.7602476341710388,0.0001340257273165093,0.07993894026664258,0.5565237675529725,-0.0010542769245497539,109.03020651873746,25.79479536507552,150.04754400000698,0.0054906723156106,0.007610349308891125,0,0.005019487933476783,0.004645219790405606,0.01253815375442297,93.68182043744642,63.83968146892229,42.64475274420893
562.9324985696361,0.5784652393151993,0.084024584820459,0.08188036470348874,1.2681762308362667,0.01463995765921054,0.32864294129264254,0.7128675455142311,0.00020603637749946592,0.07923929957182192,0.6117159519623759,-0.0010919270911320228,108.6816180124236,27.386664490500415,151.9392791052146,0.005934897036391494,0.008218731160009613,0,0.010330776499417361,0.0050691662671600145,0.014525031580056105,93.9833287613333,65.33721948888395,42.764404985786655
563.5400173611212,0.5774834173297224,0.08640874150693453,0.08313349105280148,1.2860587998939406,0.0146694810999512,0.3297134648399708,0.7115280929046418,-7.93284816602803e-06,0.07912044908695075,0.7409788385275857,-0.0012497186872921797,104.08489268734003,27.579637632827083,133.4690055929815,0.00662619783501855,0.007667139013329283,0,0.009382777137093713,0.011635567195857469,0.01246479036969434,92.80693513793446,57.552047452951335,36.43466159423706
564.1161127668397,0.577603257728785,0.08655384704112153,0.08273068946756512,1.3700049660287037,0.014640843664960426,0.3319082723603879,0.7126810675642781,7.05881832985369e-05,0.07962897845272497,0.7887515098291209,-0.0010403311276267154,112.93797184923599,25.33633429110132,121.61735966721093,0.006526122264909945,0.0074703587195968455,0,0.008062643739991158,0.007067395162574829,0.0137735661919645,93.2758548689844,56.67506481421624,28.000685913392658
564.7585464313984,0.5769981508556039,0.08687218542621775,0.08296853350715898,1.414846509750731,0.01423067115479243,0.32839916416317616,0.7141544543076072,0.00030745251034888235,0.07982974978807648,0.8089866128520953,-0.0005931759048823176,113.03970554210927,25.25114295411043,122.75467827281749,0.004952470149655125,0.008988629902343186,0,0.004450813106835877,0.0018173793248989776,0.010489359342741448,93.65063614713479,49.07992708250433,20.479182497232276
565.3486077863464,0.5774597723582969,0.08662344400867109,0.08287441688023285,1.443585548712751,0.013981088977587148,0.35111385845929416,0.710073974087009,-0.00028227662096816283,0.08018015163219441,0.8314220844433231,-0.0004898511679512592,111.29932405210273,25.560591276715897,140.9566564363551,0.005254955207675179,0.007800337756118772,0,0.006154940915303928,0.0009945983896874114,0.010102571190330756,93.44619303993974,49.16492469320794,22.47143071781493
565.9456521159092,0.5762185437305389,0.08663488329711702,0.08325188733556099,1.5187589622124535,0.014061526782877705,0.34761220878686877,0.7090364321844025,-7.283887803357026e-05,0.07993994211532973,0.8099453534210579,-0.0005244917919601561,110.76984752038113,25.786308540431314,147.58826022373736,0.005103476996429474,0.008762260172995912,0,-0.0011388181458661388,0.0012025120969400833,0.007100357089059048,92.1118371996309,42.02321049452514,14.989915899789926
566.5496794200867,0.5759575497013676,0.0868764463496614,0.08409153172357023,1.553367396927909,0.014649064000617905,0.37153017326774074,0.7584313259897948,-0.0002324177813345373,0.08060374269383881,0.846677620892422,0.00014051285870504045,108.13311057950727,26.58449948270431,138.30158712745302,0.005155308980375365,0.007223331684380574,0,0.0007823222081518598,0.008136707612577369,0.002710592523056923,85.37540682386646,42.78946889500036,13.478953394944577
567.1537067242643,0.5761740265880121,0.08346916129342508,0.08370454474563621,1.5002714508242008,0.014304962485274434,0.35744000611520566,0.7336777108803014,-0.00014684156581790863,0.08026890889626476,0.8601762007298382,0.0001647841340896028,106.94804760329141,26.183846091381998,129.7489127954864,0.006061475016366896,0.007511871460620281,0,-0.0012747987133189035,-0.00018987995144355762,0.0018239838973753701,78.90860183306609,43.11820221980303,15.53892787798209
567.6879042822942,0.575101972556702,0.08393018085255471,0.08434144754380234,1.4853058875278753,0.014319897580132432,0.3556176467514005,0.7376687397310352,0.0003300527146584713,0.0798346286256822,0.8684768531529047,5.553259851598967e-05,110.32826806765664,25.505529849243803,132.09370485232944,0.006393824375327656,0.005574231059160868,0,0.00037541912170505217,0.0043651108355952295,0.003975777710673793,71.59685608748859,35.329043371818884,12.835914048129574
568.3512868706973,0.5781216788784005,0.08333308027741916,0.0840497525833546,1.4403574024541206,0.01430549818482853,0.3546454593781804,0.7342176715848444,-0.00017923874185693,0.08071428003414546,0.8994456299272569,0.0002567153647956361,95.1347985614498,26.743076443615216,139.75770972625773,0.006514932668482686,0.006576905001666813,0,-0.005267056752680874,0.0035502164147455657,0.004905174973115959,71.28203183938504,35.75716962890328,14.78333541927947
568.9622971494897,0.575731477991417,0.08326899203403011,0.08429547488442392,1.4333515366465193,0.01419488648732213,0.3535763958647058,0.7459116311471552,4.353317479523989e-05,0.08032709871628607,0.9178183204457424,0.0002491403488623382,101.28565661311731,25.645556291116414,134.4125507379547,0.006446746017928268,0.01454032820344236,0,0.00545067329634055,-0.0048392674424015385,0.0030275511379383156,71.18051005635952,35.73984486874188,13.99751732303818
569.5698159409745,0.5751992226828818,0.07976845866756159,0.08405591944852142,1.440259069592843,0.014301266559866563,0.35362390512108727,0.747033101929244,0.00011599578400878104,0.08044043534767101,0.8948773530460583,0.00025148071850699793,95.61339105350639,27.68648782372174,135.27837485773009,0.007082068493401236,0.01455794958453161,0,0.0015183951546959935,0.009837342014713417,0.004084142358048257,71.24067306223247,35.55157078148572,14.691948156049948
570.0621156513158,0.5751186611016599,0.07642331686234617,0.08525741643413944,1.3658117184229384,0.014046584635102619,0.350708929736376,0.7354140177576793,-2.506468937503848e-05,0.07726204695678596,0.8818345862347038,-0.0005431668715657192,113.06116305310331,26.16778191748379,123.63942622901115,0.00562888983556224,0.02095069264210521,0,0.002686105749427464,0.01269258377792468,0.006709356995940921,71.42265248567489,35.78305624445423,14.533295128268383
570.7708875747148,0.5573729273702743,0.07646287303767925,0.08433201302130333,1.336164515734697,0.014161283891988903,0.35548610752636933,0.7557758492275063,0.0003332866770666135,0.07643617895922858,0.9076090983507545,-1.156362566579711e-05,97.26776297931134,25.46685068812345,133.21764550037236,0.006040236007105005,0.014013990191362386,0,0.0035922434535793327,-0.00026759876419631774,0.0022250215130627422,64.12427154923998,35.538079574716214,14.707528664007958
571.3853893408145,0.5779793384313648,0.07631755101458146,0.08276154004576579,1.2930889414518714,0.014640550485116654,0.3528983374479544,0.7517983703317771,8.61060066323431e-05,0.07656069236126223,0.9041882784744253,0.00018354356537745589,93.09145101861775,25.320753792541463,144.48229598788257,0.006278035806615675,0.0069867758474965345,0,0.0035146490408533553,0.0009065517491569012,0.0015986658535273647,64.12580642818945,42.25907760550833,20.991794211622764
571.9649762338404,0.5779321135412157,0.07665412059361912,0.08161212594972808,1.3313215481715275,0.014698173093981115,0.3547851283486574,0.7568291842165499,-0.0003124703347871447,0.07982907804170838,0.9403371098292688,1.4523761382684584e-05,100.03145282124086,25.93654671954278,139.86441340053753,0.006183154304305685,0.007192990023138012,0,0.006298579480100134,0.0077415640471501165,0.003962286106619283,64.87758437302563,43.191000771680635,22.065786686196244
572.5480546141737,0.5825753807800401,0.07695136365188052,0.08049892870069329,1.3531464627405934,0.01487338150868645,0.35667291635551784,0.7511468690929067,0.00046716154088068503,0.07987650575518748,0.9205149777442074,6.789015053967635e-05,94.03347606760222,26.745448736719506,153.74010054644032,0.005414314893096623,0.006697549675507096,0,0.002924103441811194,0.0005424807986391649,0.0018642104646052534,64.2670775063921,43.21142619106907,21.452804852100485
572.9006948322196,0.5559759610040939,0.08020109304268812,0.08008177258290926,1.3461972952062795,0.014667780744478703,0.3415122342903423,0.7523238164961283,0.0035099615977315876,0.08008075882820091,0.9105536406177924,-0.0009175801329873157,102.87717746425001,25.00937290115695,134.6886716773408,0.005379323934538624,0.006132149964918178,0,0.010260139755099613,0.003326883767014909,-0.00026741277326479147,64.25372345637511,43.40134702913796,22.92530527626031
573.3510966948721,0.5544952971707005,0.07925440298709985,0.07704497358871655,1.3199052348266986,0.015190761350544629,0.3399969161497965,0.7500121577956657,0.0037279769220094363,0.08011411198717139,0.9260395656796182,-0.0010143767540648832,102.85319007833613,25.474826820312686,139.85368866317864,0.005721972442121768,0.006421679950426973,0,0.010349138854838213,0.0012815618272630455,0.0017382618956078093,64.85514488276337,42.86980767962211,28.932742351798744
574.1192239024969,0.558584608717903,0.08017522195709804,0.0776877473942246,1.1902070781274918,0.015142485833860807,0.3577499756786201,0.7551797874915314,0.0035803435793626275,0.07986762981286563,0.9409809552689226,-0.00045965072901417556,98.3880204202673,25.139595888576707,132.8935796076867,0.005958061670412992,0.007500954250565307,0,0.010416225129533394,0.002867673192659307,0.0018626165899827919,71.60690176976857,50.1899283050292,27.856824425425923
574.7267426939818,0.5548797688202564,0.07992315781278682,0.07730786946858736,1.1870371967895852,0.015102464188966767,0.35958810605059943,0.7520807894413616,0.0034802654473284726,0.08051691842322375,0.9451484650528899,-0.0007462584494184632,90.06300504244955,26.04337895876035,124.81631494364704,0.005508024695815505,0.008550959016288974,0,0.01032525587404972,0.004706057850963125,0.003768474598177981,71.14824259452288,49.75821317630449,37.076262149711916
575.3587018966183,0.555813850736195,0.07997583661959733,0.07753424513000508,1.1766808333879362,0.015282536035599785,0.3392634820703336,0.7588468748517577,0.0033669209421993665,0.0797848191407707,0.9246535543592309,-0.0006622691229510435,-86.04230759919868,25.98444124898951,128.35221989964964,0.00599606688321849,0.006569882254524514,0,0.0070300038344885685,0.006859803927048701,0.001057200116716259,78.19206686627456,57.17172431370727,35.969337061664596
575.9417802769516,0.5575497738246354,0.07966919480638307,0.0782509726817648,1.1988807302167666,0.014802453559663737,0.33712055869411944,0.7633753574212172,-8.756495453663915e-05,0.07970021109678564,0.9228402931948175,-0.0008532882291649121,-92.6591462429761,25.52009337344261,151.73677095589076,0.00562343832871651,0.008352903123317363,0,0.01132503370879391,0.0044115102250005785,0.002875444521086098,86.58145736367182,58.61032341004159,36.63510775663207
576.4794693222889,0.5799846994763708,0.07988219050543367,0.07746424981603127,1.2008331454608787,0.015182555157785747,0.3580695316492214,0.7840816439327422,-0.00011821250863917196,0.08299662968591437,0.9015277104891019,-0.000647165233059482,-92.37852949641092,26.071197228685083,132.26234315455866,0.005923399993455556,0.009308341945184144,0,0.0011888866437050364,0.0006275249031672337,0.00495103393234847,85.69325209988679,56.916377159427164,35.554564418119654
577.1672923218437,0.5783215654439279,0.08011891635590088,0.07803011003027906,1.1776809129953547,0.015061701453534146,0.3415851060429775,0.7653252560103948,-0.0002211583866350231,0.0965100529295276,0.8627401058897523,-0.000448357835445346,-92.58106152467901,27.679861766692888,152.71324933356436,0.006871417474703752,0.007999169365855966,0,0.008995588274711155,0.003353410978298933,0.005137080292811335,86.31419298989961,57.039906966188404,35.82464581384
577.778302600636,0.5787971853613527,0.07976749911372501,0.07860018944412661,1.1699362544593035,0.014991803521954526,0.3392723812840511,0.7512919216964964,0.00016616993278659376,0.09681364568367112,0.873166695642746,-0.0006929906555868785,-89.94606786394802,25.322990994816397,134.88400034459832,0.007369697181176732,0.009795640009736005,0,0.01161127639330913,0.00785800982404809,0.002217250414752697,85.26851949560051,55.85605348566028,35.254342289341096
578.3613809809692,0.5826604325795558,0.07989598407039661,0.0788271557076079,1.2245867095014729,0.014851949382538594,0.340028718055502,0.7636081146883155,-0.00019331503011818993,0.09699937906756045,0.8805007083040022,-0.0004408327495143,-96.35077735992762,25.218687397993495,147.90964801708515,0.006706817548694573,0.008825792043790982,0,0.011405525038987917,0.006899855316548936,0.001155353340528382,92.60325490326011,57.03697411501068,35.59467291564962
578.8571721786178,0.5691226502158484,0.07939605849283032,0.07862298398095888,1.2032989760975612,0.015100147963018876,0.3378130570941138,0.7253058917754277,6.66379807872085e-05,0.09613789696889989,0.866640192462138,-0.0007116986269090079,-95.64721269068106,27.757501868482795,128.70240251150096,0.00675162865981134,0.008633339140182744,0,0.008392143436143237,0.00873887453161585,0.003986603269360312,92.80954718164958,56.98948227429253,35.811611768112016
579.5449951781726,0.5689930181006396,0.07983281892562599,0.07847142173804071,1.1945537538306863,0.014937541017558854,0.3410221600385465,0.7450704398335828,0.00013084808372506427,0.09678321788106166,0.8758619492052043,-0.0006889722034466753,-91.48408526593991,26.814174993366077,128.15566880523215,0.007891053550296468,0.009021463163139674,0,0.005386921940740565,0.007034488444843745,0.004105189342975742,92.30136253376827,57.0972694540975,35.42214549354894
580.1525139696575,0.5700539359527549,0.07915633808355547,0.08168611870676452,1.173246560096287,0.014508006387407853,0.32885807491871577,0.7389227816442154,-8.450279676634658e-05,0.07992942392591099,0.8542582559949782,-0.0007615826258183492,-94.82350128003831,26.260287169836264,135.62466904145057,0.008439832887832413,0.009907443957346523,0,0.011313980904447223,0.004423580321470712,0.006314681521336182,92.60368876045243,58.22565427608556,35.716694228759614
580.7495582992204,0.5705220531255366,0.08653197918080856,0.08142072998715107,1.2972824131257226,0.014634795863891673,0.32993223022486745,0.7295204934164602,3.8841475987424656e-05,0.07913636188416466,0.826818991649101,-0.0005951053421244543,91.42360934446654,26.880533099265467,140.13242990296206,0.007882617090252451,0.010092013934946896,0,-0.00011225234150809282,0.009464295890186467,-0.000715554789681687,92.93317859854942,56.934165644359176,36.007058734800225
581.3570770907053,0.5717752740368692,0.08624322888874897,0.08179028917910239,1.2558969306109236,0.014495969205764606,0.33237330791086667,0.7381564051963607,-9.339171835732239e-05,0.07952301106758045,0.8520524748099673,-0.0007798385282710105,100.38325441843307,25.45276464561713,155.99126253904768,0.008319648802179542,0.013018996505202883,0,0.010386318654998805,0.0031056627094771055,0.003045119358444314,99.66229473641847,56.246732755810385,29.057173369020376
581.9541214202682,0.5784776197511461,0.08742269846472507,0.08225345648620967,1.262487262976625,0.014694213629271645,0.32933755168915396,0.7524122588882495,0.0001780127990708751,0.07973153227365204,0.8959973752222821,-0.0008712388169816038,104.89913334539892,26.69087218106144,135.40688471183353,0.007817732265802237,0.012724759796007774,0,0.009305895202135189,0.004724900717004965,0.00040986760607157266,99.97479940663538,57.55011457727458,27.991151231511267
582.4813360036832,0.5746471004817872,0.08663008979757744,0.08148337705896445,1.3696210341867252,0.01485610004479185,0.3324856562929507,0.7588476461985898,0.00010503727190819591,0.07966422981098038,0.8663922595226384,-0.0005864609617922791,108.90667148873611,25.88581312684561,162.60087332984656,0.008209237819035025,0.015073591984464159,0,0.0063770111139885306,0.005643451549173455,0.0031703313000437136,100.51377778989018,58.00690956133278,30.3463556428086
582.8269932471142,0.5768900836439086,0.0865780606414984,0.08178505877747137,1.4016100349831673,0.014948243072056812,0.3317407050500541,0.7432295139744896,0.000660165734228625,0.08029287432668003,0.8963556219368893,-0.0006575127261313547,106.85197999782974,25.390009179184336,154.88090619242297,0.00893566560606165,0.009469934259932483,0,0.009621034463646622,0.0013858678807859058,0.001094497248050221,99.63597676995812,57.441027190564945,28.0489369052423
583.5706800435872,0.5760379755738873,0.08683244580617838,0.08310890915859018,1.3852789444059568,0.014817353253187754,0.3235081049338022,0.7506128532109788,0.00022765000764068816,0.08013010905112494,0.9136719066961657,-0.0010863314147081826,112.66084590778992,26.203674340787654,135.0411730779258,0.007384943482789113,0.007396435423986704,0,0.005361840150042395,0.0030097071805180427,-0.0012498457156867948,99.22505536240891,66.06507379941023,28.397122409937527
584.1781988350722,0.5770753428760224,0.08642152832381471,0.08228672624544665,1.4157966661990526,0.014784022865651874,0.3304731888315416,0.7442786252314605,0.0002650841449343681,0.08041654667324795,0.9124005718361008,-0.0007700019737526925,107.20367389606419,26.130346406810265,141.75200766310013,0.008015455732705496,0.006396633050053223,0,0.004954367082808649,0.0022040396250310236,0.0031378239530451403,100.54514952647374,64.02144218225152,28.519053282215623
584.7822261392497,0.5767793456387847,0.08337854341195935,0.08379273164993428,1.3591926836094559,0.01488231846414521,0.32935361596445767,0.7533041089752779,-5.830027110105238e-05,0.08034190494745506,0.8958513841293554,-0.0008257399324256489,107.97605759907887,26.222923922574786,133.5730970281707,0.009463888438713357,0.0072782492239247525,0,0.01050177194645124,0.0070175954119532525,0.0033893511204981883,99.864154851534,64.09463395549872,27.402873434415508
585.2954747734352,0.5781870687337581,0.08347580025565259,0.08255273894548006,1.3667716362285443,0.015059891509668119,0.3352293993400548,0.7630034250694802,9.531708289800259e-06,0.0796671366939823,0.9249881699192135,-0.00044745121617204134,102.63137328142959,27.006683354245848,146.46376445451853,0.008796648817841405,0.0066598280980131215,0,0.008787061352143377,-0.001985448452144261,-0.0009283567971048708,92.71616334058977,64.93665135179697,29.72886704314679
585.9693318237604,0.5768427254679965,0.07970038354251305,0.08330970517529275,1.436120306027272,0.01555249604127701,0.35545053834655715,0.7832816659556865,0.0003433707036356379,0.08019476604531592,0.9487434064425828,-0.00039423241489713607,108.08719740822032,26.15258392999961,143.46841508073013,0.010566301479915038,0.00629164443014366,0,0.0060856293504794766,0.003509205519988238,0.002324619743362794,93.3800728714199,65.00320349806415,28.301820475128245
586.6082740010119,0.5810877399276668,0.08310678396222267,0.08313788440312751,1.3904363123891013,0.015509595735332261,0.36689890962832544,0.7902554347189701,0.00010991161016511018,0.07980473558047296,0.9677867888854432,0.00032407093163707676,103.10918762987149,25.97649496077133,133.72501699457652,0.010264256970307334,0.01211443711160786,0,0.01454546356861195,0.0013760044107899456,-0.0006547472081036921,92.98618991347672,63.02976174535136,28.325735657882934
587.1878608940378,0.5761315916507548,0.07972580560537354,0.08301886118776133,1.4818160420944917,0.015242337851458935,0.371930946106703,0.7620031637399716,-0.0002807989021709727,0.07974503547649234,0.9181182832538312,0.0003497656238717126,97.74340213462517,27.193287037832544,135.07205995038217,0.010715121822670329,0.01888892066456801,0,0.00824841563024294,0.004826361212440425,0.0007447556082436841,92.31276612985239,63.78668844633273,28.79127558726872
587.7918881982152,0.5759518230148418,0.0804944460384642,0.08297839027745178,1.4780585088788782,0.015213445595600006,0.38851830653129943,0.7835698007401284,-6.021609609964332e-05,0.08059422623956816,0.9233607107171521,0.00044950695561733035,83.22132884204912,26.585840950168375,142.7606500578631,0.01093049974609981,0.020224563520818934,0,0.006576994943125932,0.005106014128425239,0.0008375973163492314,93.28985725985719,64.55897940287333,27.578812985100008
588.3540176547043,0.5741838064172747,0.07978706240080313,0.08342545860169541,1.4724771602229578,0.0149661451275681,0.3899671612328292,0.762321715894534,3.7673056431669006e-05,0.07353468309710227,0.9311217780787335,0.001372107037507315,75.61493799846555,26.752958183508714,137.40686867289017,0.011588116368051701,0.0195161304697541,0,0.004730369241134914,0.0068598946798518416,0.0025570593880237286,92.37355367884774,57.30081751500069,29.32766040769462
588.9964513192631,0.5852294302645694,0.07996576616661129,0.08262328052273508,1.4861271241108944,0.01513530289186846,0.38885719369946903,0.781425068865324,0.00048786163394543843,0.07372363413086257,0.9336438727238875,0.0013531189208736893,78.35752611271577,27.71322676161687,122.0389764213922,0.01541414106395974,0.017521275055986767,0,0.005125010125956175,0.0021629249408192095,0.0011338111763852284,93.0290994195098,55.84895553764189,29.180143001205426
589.6109530853627,0.5768980258706538,0.08044599352928988,0.08237759139064048,1.5642148789899657,0.015100887738577692,0.3856442198737036,0.7630062493156172,-0.0004048259434980212,0.07294881058916301,0.924207012498707,0.001318269709213892,81.40415992034802,26.437154333504445,133.18437572884767,0.016156422493045608,0.016385399590131636,0,0.0038502863107969503,-0.0008417805283729065,0.0054629318304546155,93.04103026194248,56.39019365969372,28.503494536460675
590.2149803895403,0.5763036446462355,0.08014833045915126,0.08296765155966643,1.5986443969174524,0.015384886675254594,0.4045426420555182,0.7815174418327729,0.00019960361090412215,0.07321768713049008,0.9158907776813217,0.0015609897341935573,75.38248665024896,27.42808458572212,125.97504642921893,0.01648759259870585,0.0198468164195149,0,0.0072805628844104,0.009114804807846188,0.004051394854462246,93.52388618008763,56.94099853838507,29.163566312157208
590.7072800998816,0.585601977386907,0.08011004011997128,0.08259061735636196,1.585712428055441,0.015373982017571303,0.40675803651605924,0.779788649840373,-0.00020900501061927665,0.0732217327744563,0.9427273798500433,0.002156931597588001,76.34852332395286,26.7683035054186,148.3382723482417,0.017520681683988674,0.019234884939789348,0,0.011418292732137531,0.007550966078891365,0.006420353507160125,93.28711926077618,57.261359705900695,27.26560244974488
591.4020860740511,0.5886194965293147,0.07694426640333313,0.08139351113836098,1.6576838887736187,0.015663483701387527,0.4033320479892761,0.7792493793568875,0.00018258346794205836,0.0739535932311385,0.9410645891764382,0.0025366584908684824,74.86897054409316,27.726991574677875,147.79269311673988,0.0228720725030456,0.01977827524302511,0,-0.0003042723315370829,-0.0009665590056281955,0.006222302432030082,93.10373857140951,57.563842727824024,29.159952975170448
592.0340452766877,0.5866324095753058,0.07694796917861359,0.08265435907839899,1.6627037776674929,0.015336682414523543,0.38486336282188693,0.7695864144209594,0.00011983043029336403,0.07309304550601259,0.8911930828706636,0.002378413156676997,81.04453314339149,26.223609810275057,145.81388083118244,0.023151706307826547,0.021869263324256066,0,0.01018776979617572,0.001988015831765154,0.0020734788266287326,92.56356429687486,56.73412580081975,29.054622095879772
592.3831940074261,0.5845024344714752,0.07636865094471955,0.08254644664106735,1.7726632234013973,0.015406255794752891,0.3754516362587133,0.7683147689153317,0.00011538686984912365,0.07351537445053294,0.8738655280329036,0.001307496777477233,87.01260381812315,27.00923503326872,151.83952614468004,0.02236545475160977,0.020184207857621563,0,0.007954648250563601,-0.0029457205520010275,0.007529001802307949,92.74923809012186,56.874789291351426,28.820472445229424
593.1094233673622,0.5834733449729191,0.07743097625659769,0.08322940025947685,1.7603268580246023,0.01575571130530508,0.3720782216683989,0.7950577628099302,0.006761492199822701,0.07353162572311393,0.8032849307922098,0.00036554475430472505,95.82099422374661,27.109627633412337,139.50561841876308,0.021912091892022065,0.022875181355150036,0,0.0052619557102774085,0.0045408263615067945,0.007603982616300555,92.6550250725374,56.275367405874164,30.251989259117384
593.7553485192284,0.583171002539521,0.07657233718826932,0.08196997623734652,1.9054058988314628,0.01660372496911756,0.36730753246663944,0.8056242651396525,0.010228013520935303,0.07292021630622865,0.7983781944362596,-0.00041490933396514697,96.8055414243699,26.287234316815123,138.75653590232926,0.02233421594779738,0.02424019930688118,0,0.00037634257884585146,-0.002828655575225283,0.005098493554331604,99.8330709447064,64.65712014956867,36.51150586541695
594.3384268995616,0.5840396849193668,0.07645786716133109,0.08197439411220574,1.8942229740581875,0.01660520434713184,0.3575715006269665,0.7880122604208759,0.009940999190994197,0.07312817486297796,0.6613133491515911,-0.00026132526048552586,100.10245871347045,26.18508682377304,146.3138829108117,0.022067235257969896,0.02412371208771532,0,0.007681918023294589,0.003898427172545971,0.009029308650753496,99.8611430477175,64.3964135303768,34.405843270161135
594.8551670210545,0.5769241208443665,0.07698741182621481,0.08320749145343868,1.8582134029937591,0.01733700007577531,0.3549109966118512,0.8088639812182485,0.009687882689173408,0.07325466624390689,0.6476209918686682,-0.0014680725056926826,100.66580473721918,27.553455706240406,142.47789113860432,0.02214231173350605,0.005600369174534194,0,0.009693202091410726,0.0008439177487786613,0.003901086970781493,99.05436057835779,64.62679933031701,36.109809809972795
595.5569559698389,0.5560695921537188,0.07697637967622158,0.08335393528149809,1.8656032122053328,0.016523208943390235,0.3592961398725403,0.8002143759775994,0.009949212437987295,0.07374358062307101,0.6197440565837026,-0.0011374334693757728,99.59205669396465,26.934970275272306,152.37714905215591,0.01962603031817875,0.006978394925195066,0,0.005490749309364937,0.0021170157281686546,0.004010010641403357,99.95743223311501,72.3052113487733,35.2689167518242
596.1679662486312,0.5543385636198089,0.07672040564050124,0.0847216525652464,1.8748082242854014,0.01651707104145488,0.3581886324422406,0.7957194463666843,0.010062433228366955,0.07273829230382467,0.6230388141462943,-0.001243678769303333,99.49048080801319,26.94459147290739,146.64557550665833,0.018829573673721206,0.005993444349277156,0,0.006265404896225965,0.00019235546214029127,0.008716140231853286,99.88559034959124,71.48007841361613,35.187148490555934
596.7719935528088,0.5553647625142804,0.07660890542334244,0.0851984224709762,1.8547766803587482,0.01652777072176092,0.337026526299562,0.7985873290155638,0.010124134900950833,0.07309215121315243,0.5926857665209251,-0.0016504132767476293,99.22604589036044,27.541231094799482,136.31590663495018,0.019179532608616004,0.00660400936339311,0,0.004316450893647912,0.004453078815509066,0.006933226696004363,101.10108545894866,78.53585497102551,35.730764572099076
597.309682598146,0.5573538910137819,0.07625684094594648,0.08609066994697702,1.8389925991582943,0.016669331672939082,0.3398640232963376,0.8148481272401753,0.010128570406240388,0.07319910741073955,0.5719848252615108,-0.0017528186900545738,99.79600042372661,26.667560577416342,137.32234135966618,0.012704936048139921,0.005436262370085557,0,0.005572822518623292,0.0018469100217509602,0.003595008035138618,92.32853282959253,79.24229237628651,34.936252494450585
597.8927609784793,0.5750691800123714,0.07684109486234927,0.08581568844763611,1.7379531644003932,0.016564883413304022,0.3196719095563765,0.8055877886307108,0.00976809292571135,0.07329916363066241,0.5818236631901366,-0.0024437511742018683,110.7894456712032,26.265991765965225,140.00663922731619,0.008802156250200713,0.005615796519976404,0,0.009775281315373616,0.0014164315521035108,0.010433875828322812,93.0811424596424,78.72687558580965,35.94600716062151
598.2907905315212,0.5828945670021073,0.08016536411604686,0.08499418406791275,1.7309591559590654,0.016688956072925653,0.3385527792942663,0.8154143442972874,0.010269559559471318,0.07327453203628402,0.6123725241528789,-0.0016124121826025558,100.22083272356662,26.25970686442584,124.8429183254919,0.008709901638984469,0.00642863927144809,0,0.006629211069590468,0.002713077198805745,0.00632814261750205,92.77185259078678,79.153462616236,36.01584621089449
598.734209419559,0.5767313380049311,0.08009473798956507,0.08530570591938874,1.7878515408507147,0.016460804942705222,0.31775578602468113,0.8178773758376692,0.010160659991992562,0.07323796288838255,0.6194240335475213,-0.001555690292791047,105.26726180771283,27.60884129210874,137.31325362428328,0.008351107174563931,0.006784806573665725,0,0.009941564369298654,0.009812723033875821,0.006956760631573205,92.85859557338158,78.41543605686938,35.66379126914554
599.4709132414172,0.576344207842502,0.08032919749512332,0.08534171702381212,1.735218902714926,0.01601328243358853,0.3239189061958459,0.7945479466706811,0.010003757091107996,0.07333823155347301,0.6339819960737317,-0.0014145451506116092,98.09939607037444,28.00941937154553,136.82370058848053,0.008775454401206181,0.006144953042427426,0,0.004482002671355765,0.002323601090214504,0.006635316387398578,92.79690422219795,79.37657234206806,35.76820200730788
600.0854150075169,0.5724849378316091,0.07972242546537467,0.0859217208722232,1.7646554135120494,0.015607019004899522,0.316009785119233,0.8056018457145757,0.010221784400734811,0.07357310060002585,0.6154272602791309,-0.0018555029011475045,101.83703372742964,26.698655288371267,144.0434999431666,0.00856438187804731,0.0064536090393657085,0,0.003399978472377687,0.006483083047575373,0.005800377430459233,92.30038083737358,80.29138512323608,35.65634263093696
600.7173742101535,0.572550296845506,0.07946437276199216,0.08255150157472665,1.7464809609465926,0.015622239548011094,0.3182355174180929,0.804108020491894,0.009827909314175397,0.0732117905255993,0.7582456782590096,-0.0014913887862038609,98.96960435345767,27.364104038155038,143.60790689719812,0.008994431755583088,0.005743882850089567,0,0.01285359010613275,0.0051244372196556955,0.00822882097604957,93.10896823842074,78.20568098084568,34.975132132384445
601.3353674635606,0.5829938248497347,0.0796140090825245,0.08243186296503152,1.8409551826116748,0.015328629700699373,0.32032892555199877,0.7934715674504291,0.00983042161222898,0.07268845573850757,0.7829404558127737,-0.0010733765224617809,103.03170461824567,26.119650812070446,156.3755731629597,0.008454674957090272,0.016360750189838878,0,0.008688010475022928,0.010819291574044251,0.0028076671439381984,92.69634750925127,71.77884658528662,35.573062864285056
601.7962437881354,0.5877165887717517,0.08014745735673805,0.08199081628824896,1.8763785935891057,0.015579188459100867,0.31902958177205026,0.7954861157636233,0.009630179133820539,0.07676661208939563,0.813208200328233,-0.0006562845966226668,100.32423657321293,26.01787020254117,143.84469685815145,0.007222293550305505,0.019961909346784275,0,0.01218312727161515,0.006221995037542236,0.006493716338920744,92.19200132624043,65.01516302174927,43.380853425012745
602.5119986861492,0.5854411153905615,0.08015846596224473,0.08095291298462465,1.8867754792309939,0.015543052967342028,0.34137911683014394,0.8039136128466126,0.010305274947064399,0.07663989320164828,0.8043597964394696,-0.00034549860652597416,96.57220345983949,26.357224320218897,142.50674619399194,0.008897957869473533,0.014339042329159373,0,0.011830691086054312,0.010328519662851329,0.005613753299348857,92.29913192584598,63.543492688671634,44.23174413398537
603.1125345030193,0.5857815652210182,0.08312686826262974,0.08105098149672946,1.9143866014687962,0.015595217633133443,0.3390905314689527,0.7739074731785848,0.0033491913739694262,0.07678535141281892,0.8231672651327743,-0.00011511089155577544,99.76922537914992,27.9601986283696,138.0000241764582,0.008057133536989444,0.013730918497573172,0,0.001736903566576276,0.0023179948115370714,0.005801165514107213,92.91346452744109,64.52290539749305,43.53974800924125
603.7130703198895,0.584229617901394,0.08348427832708706,0.0812863998316952,1.9425404834921713,0.015428357009257467,0.3408464918207985,0.7698660149867463,0.003720890532103346,0.07655942237716196,0.8406963670694733,-0.0003559216253755937,101.8629190627463,26.71983828919411,159.23873070725242,0.008533397919776399,0.015341099866871879,0,0.015248796535691476,0.006152291922613341,0.008177163154173408,92.27184796097455,64.08440817574558,42.98174229371162
604.3415380352188,0.5712147192691884,0.08336148084825679,0.08215792753974598,1.9242690402918203,0.015236557238950342,0.33906394887588864,0.783163520297352,0.0036659333998369896,0.0800043395906584,0.834772758884339,-0.0002647514553931435,102.1711750794339,28.000370122827892,128.41613209864812,0.007651038594588234,0.013285797346749529,0,0.008150622733368118,0.0023775150609259632,0.002807508238308405,92.1693675058482,56.90949727575689,43.0357761410653
604.924616415552,0.5738440680792357,0.08321033022157386,0.08144608370864269,2.1122557213190936,0.014959412930306656,0.34152814453093444,0.7702848640419208,0.003432982594621224,0.07996444964087801,0.8102444210936246,-0.0004918200297223292,105.35881064021054,26.873237146106597,141.79807699929398,0.007342559809483238,0.0149974765832315,0,0.007188444407731454,0.0019351688878640732,0.005413673387853748,92.29959255493864,49.90000852902152,42.968800543302656
605.4623054608893,0.5729212898628113,0.08356126370424345,0.08209922543811958,2.126634648353902,0.015420928682196576,0.3448948041845767,0.7951191173873876,4.387682027472523e-05,0.07990528369484644,0.8311648137270612,-0.0002709442311371652,100.4309612819003,27.187351700865545,157.63650714513375,0.006919064670361847,0.013517143916851307,0,0.009290947912479272,0.004212832975776761,0.004885103285914536,93.27626828179777,50.35424560865177,44.193866635266374
606.1256880492924,0.574254482664546,0.08341225026591756,0.0828158068936685,2.126528162457779,0.015281310473046962,0.3470421901839672,0.7745268452117697,0.00021230873648371332,0.07952046371627765,0.8681652949420617,-0.0005378998241844462,96.70372954899123,28.19942256082567,167.13051745033385,0.007141966980317165,0.015095205920237737,0,0.00816535532278723,-0.002215470424330176,0.004709465611242756,92.07091353048858,49.485386842996526,42.62151491608378
606.7366983280847,0.5743064568134704,0.08264228251658134,0.0819750748441003,2.102032973100828,0.015474511178272457,0.3459448399746093,0.7773335996480886,-0.00038878245811848407,0.07974426099439792,0.8946408410464147,-0.0005166722993597058,100.73201234804841,28.82932116873472,137.2811621273952,0.007443671927558645,0.014935295616235487,0,0.009049798519273792,-0.0016450220594362696,0.010425833120133503,92.75558285504982,41.933122821888425,42.07002135963296
607.337234144955,0.5791389915898889,0.08303286458735164,0.08208443139186312,1.9674829818836566,0.015423067190814694,0.34980676708210445,0.7798585512777494,1.3895902239781852e-05,0.07968549510590861,0.8891972249807356,-0.0002839730924307564,100.79429602572557,28.75659085196383,144.83375135764396,0.006614508635303407,0.014493371275750164,0,0.007005446289309325,0.005142802571650698,0.005272078038946574,92.32981206781332,43.66491799862588,42.443780701176955
607.8679402156774,0.5776168381796835,0.08363032676082517,0.08275256219656192,1.9472518809784558,0.01541670652930367,0.3506398596677553,0.7728866674979107,0.0001702261582617497,0.07998904436136457,0.8808176124867467,-0.0007122914315874849,100.06881627187774,26.858588391545425,136.2218910074837,0.00803170107723385,0.01984306278467943,0,-0.0028220435432508278,0.006442678827213501,0.005552516131870747,93.35322656482731,42.42106466998857,42.80744128588692
608.5417972660026,0.578527069747171,0.08314779473718048,0.08327434328016171,1.9094344073329315,0.01549145879048641,0.3518124607148157,0.7980539299276336,0.0002641035678442362,0.08065101759044309,0.9133303702780902,-0.0005274856631469453,100.03452661839772,28.999088699123092,153.7878959533536,0.008702991540637275,0.013904336412902887,0,0.0025261225401890814,0.0014647174466986786,0.00794230369521888,92.45142589200098,42.10498053662778,35.99873835630588
609.1737564686393,0.5765012643924385,0.083614695065563,0.08313634692447511,1.8381123058848226,0.01505791060537076,0.34739120119866707,0.7551856745049491,-0.0003405489318005301,0.07997827457054868,0.9067957254249539,-0.0010057798901142434,108.36276631111112,28.15227631458371,142.77034956695297,0.008542775574213799,0.01991626928244605,0,0.009064943916002356,-0.0019947453694767105,0.0016503531347690469,93.08569933214869,43.082049405562294,35.5574571612911
609.7603263362798,0.5779712205631224,0.08324667784119627,0.08283351581013662,1.8747999128969517,0.0152612068206537,0.3492522024054727,0.7983440201448373,0.00013624480822269067,0.08025270246615655,0.902662036623074,-0.0006176839420483473,104.68689450798666,27.71513358254507,141.62522605758394,0.008356926476999114,0.014564420933845692,0,0.0036801622678514674,0.003408353292189799,0.005234820573648557,93.08655271442825,43.27927548747342,35.49207651621712
610.3643536404575,0.5757147409357065,0.08272737150327501,0.08348258748045657,1.8890395624223166,0.015594303531592928,0.34818531966891464,0.797160725027725,2.859913043845144e-05,0.07960047069973018,0.9264520439943446,-0.00042582883760107954,99.98545900200675,27.92313404186422,137.13138583009584,0.0077545011862498025,0.014845647102432748,0,0.0042672474841737905,-0.0022083249731014026,0.0010804190931243637,92.50259704176338,41.866723478513485,36.58222296689479
610.968380944635,0.5762610531905469,0.0834757369921453,0.08277216835713427,1.810498018754641,0.01557043669462442,0.3497150958394992,0.7918896026694325,-0.00037323010579513486,0.07976612918849466,0.9369271290546453,-0.00023943878584023137,98.48119817502999,28.157190472512397,140.89304496602716,0.008425100007132109,0.014112689831598569,0,0.004060746146647974,0.004734113177625172,0.005188136871549871,93.14513280410924,42.987680883485744,29.554535509326865
611.4990870153574,0.5833824796792607,0.08354646818201937,0.08300251211484762,1.6982376337541691,0.015676647117420252,0.3511484962779555,0.806312009577539,0.00016212545217976832,0.07996192131494809,0.9575920699355905,-0.00024769596266862264,98.97390549864531,28.73899040224536,154.60565309669883,0.008580474718798588,0.015386897064341648,0,0.00398586662656014,-0.0008532803251689587,0.004788909745627611,93.0809119332109,42.50340028020786,28.335852448808335
611.8517272334033,0.5783041231258713,0.08347608671887609,0.08283690826248398,1.5208574136944406,0.01566887995765044,0.35809199164263367,0.8059763677162803,-0.00027424134760721064,0.08046143056248789,0.9201271502184667,-0.0002774096037058459,101.88507845554953,28.040302937861668,153.44569239914085,0.007355967492070881,0.025008356743291955,0,0.0016720183448838796,-0.0001091506526399561,0.004950536062387161,93.46862528262753,42.90763369628473,27.330535998542185
612.5779565933394,0.5748009785943766,0.0835673585124098,0.08197367051737225,1.4876955333358186,0.015423185956334436,0.3518862082314622,0.7981196537725298,-7.356727361913841e-05,0.07991128133861106,0.911484678621402,-0.0003804145968405639,96.97924586074204,27.633350689272856,143.50331478146842,0.008793218019578932,0.025475326720102786,0,0.003932403198450629,0.004054762046028117,0.005471924075894686,91.95080433175909,42.89693153282812,28.807257316912235
613.2099157959759,0.5822414062691297,0.08358552727120266,0.08114415427766683,1.4972326279880503,0.015558198963479234,0.362909742252358,0.8073505898515367,1.050364562457923e-06,0.08017533886986804,0.9219582148116413,-0.0001969926755334011,95.8562168265439,28.662880744308886,127.69141950071077,0.008067590438631806,0.01644425828603748,0,0.007885446167455989,0.006468768425144506,-0.003577826032787457,85.24634580637269,43.52773053910264,29.63321597984787
613.8418749986125,0.5795046854921216,0.08294613416449936,0.08190629672693905,1.36894366452393,0.015608433708284214,0.38136695001390447,0.8023069604520864,0.00017541694031654022,0.08034487108118847,0.926492559376777,-1.3412609178638109e-05,93.24779597760374,28.238687416959216,136.23404550843864,0.008351210345624511,0.01100531250447528,0,0.0072020273007072175,0.0027369820596944033,6.649716301467771e-05,85.40809756379335,44.02699452296533,27.951729077296243
614.4493937900976,0.5789715342642939,0.07997306697339993,0.08103076375988795,1.1776873947839888,0.015483078159568885,0.3778351565155151,0.8057627827790449,0.01005840747735548,0.07987420882917043,0.9204849767423965,-0.0001574080525693467,92.76503823206708,27.782274604065414,163.80811419355618,0.007225765486378984,0.007228188862727117,0,0.00391705917751415,-0.000657123049023467,0.0020917544118397614,85.57588606139049,51.24793268643042,21.810305379608465
614.9905743227422,0.5792738308232713,0.07980036330847814,0.08123459432852286,1.2005967408878946,0.015569790153637039,0.38495559452775036,0.8047751545376254,0.010167433667198114,0.08038311891853926,0.9240063763701505,-5.290353196184665e-05,95.60453723237072,27.71107708445031,131.91920006425593,0.006414669160711482,0.007267838819275001,0,0.004405067803374705,0.0034916590784783447,0.006773858724333368,84.46801499586081,50.25099119756212,20.22113123248237
615.6574483984526,0.5825006745323918,0.08336670277871168,0.08159384965353367,1.2276432719575765,0.01565186437711009,0.3843303604055576,0.8203544118209398,0.009980894801933475,0.0795723482381059,0.9357725365386127,0.0005037733516040546,92.43526985733956,30.05914254336432,140.7709458876741,0.007788033582244687,0.007364303637599017,0,0.005639675656362777,0.0056506613201493805,0.0021440208639750425,85.3736602981222,50.69227119480295,21.122642570069065
616.268458677245,0.5821166108658768,0.08339209714943854,0.08195202938725182,1.1909594104340362,0.015904531531724476,0.3824021298530775,0.8180558829305274,0.009760847128475797,0.07999151482094911,0.9489378726606503,-8.447600202564028e-05,92.41391395663939,30.20434296527921,161.71614552690673,0.007803847463447635,0.010842400069050791,0,0.006100817266859234,-0.0070023071850621645,-0.0006283062408338259,86.12865154856642,49.96034644572682,23.098320350901787
616.8759774687298,0.5783910400912748,0.0843925969368897,0.08193118929905768,1.1711697542810753,0.01610985864791266,0.38712631447756835,0.8201894487646696,0.009774425964966731,0.08006642973508313,0.9299604329434603,0.0006030465135613201,92.83976180419059,26.414957197125872,150.67358349986804,0.008668985243069683,0.011776171667706978,0,0.010089418474430688,0.005465000121315046,0.0051158852681392475,85.76866402302245,58.44394075614916,22.003461867559515
617.385734615608,0.5807190619134988,0.08303624174115716,0.08160939250466757,1.3139752023849565,0.016087785499558766,0.38547112179334014,0.8139137080755965,0.00997420836436544,0.0802872521036961,0.908432193259762,-0.0003789478293412042,94.05774105530566,28.519688104503587,156.43575518537347,0.00888655482227218,0.012208131298592977,0,0.009219019787296808,0.0032286282336958802,0.0003445681340470282,86.22292277289554,57.57509926423796,21.990471994407102
617.965321508634,0.579081195776966,0.08060443100478992,0.08139364876279537,1.294276053316886,0.01575575622958318,0.3881457500528339,0.8150934101949682,0.009998354440405807,0.07995014491596092,0.8860653344438552,-0.0003324546317006523,90.1591129090007,27.13619012101587,136.5656731794278,0.008485244696698247,0.011453091650394993,0,0.00946924740034745,-0.0016988818411177867,-0.00016757425051800844,85.5957125187932,58.1948955785045,22.047123567274923
618.6496530208814,0.5807373011764252,0.07976447489206023,0.08234333539414224,1.3495318322545533,0.01485338364369547,0.38434695948058795,0.7777859232621342,0.010052224479625635,0.07968366765844757,0.8580432467414966,-2.4558793442922846e-05,92.57373666850135,28.184013037847624,153.18215967461458,0.008214904352169814,0.013293389766788635,0,0.00917185794255598,0.007829896521119569,0.003485824348555935,85.28952881095216,58.58553035050441,19.832448640621795
619.2571718123663,0.5788002979747828,0.07958458957285476,0.08117058366176627,1.3519081111064861,0.015576662411039055,0.38519378499714474,0.7693149534191849,0.009863379202116641,0.07982069666212248,0.7946428504990525,-0.0002736125782105899,89.69988788265037,27.41350184047211,137.53573985664806,0.007830664174749072,0.0125985695115498,0,0.011376005258450214,0.0010218193909121605,-0.0012957978391225748,85.77686337209202,55.910010382033086,20.899381091289325
619.8856395276955,0.578992301952457,0.08004336321176277,0.08223550681496301,1.4263252485528377,0.015531527549385166,0.37961233534172173,0.772084560914942,0.0102437814961006,0.08301216705521446,0.7764363248939933,-0.0004251153620972852,90.85232544443868,29.37593445875902,158.89519357118044,0.010910704035070882,0.013695231290492075,0,0.003348227856483565,0.013932219377804998,-0.002704725702336978,85.91352295049644,58.449185005727266,21.44415078023923
620.4861753445657,0.5868399950432419,0.08323951247696577,0.0813091493466585,1.4121367266877125,0.016560950098570226,0.38337500542783914,0.8202982310993583,0.009684326129354751,0.08305005779060672,0.7779609832876748,-0.00025749124166213837,98.44273255712467,26.82865136601541,145.15726480037856,0.010727307650289791,0.014070468325399705,0,0.00962301480726207,0.013746676542165274,0.005100489510457837,85.30105119918166,64.55912376283206,20.89613876926726
621.0448133137472,0.5840543478099912,0.0834376347837681,0.08191526722194527,1.4247764054642573,0.01727744413932825,0.3914169507896308,0.8469640183642024,0.010121443434017503,0.08317088003702756,0.7983569310019967,-0.00010901338499078882,86.54212486627361,27.469032646282916,152.17591910752165,0.014994493941440683,0.014692478482863449,0,0.015774466295490057,0.011168269381181636,0.003145865433385648,85.19241623408399,64.53035909149938,22.110680957297877
621.6977214402282,0.5867350023721548,0.08333598474739287,0.08215497061599056,1.430626270596901,0.01654376162716239,0.39250281053028085,0.8129495198887525,0.01006525225814831,0.08361113104786584,0.7734336781855695,-2.6717996756579694e-05,88.84622008212726,27.33051110654283,148.96375203838832,0.01522475570648007,0.01406363785940536,0,0.011704366153732488,0.0118991151257825,0.0019403072926792377,85.51235306827193,65.3762981068345,15.088257349127504
622.3122232063279,0.5879414075832574,0.07948815748709262,0.08189160757360063,1.4383224951946503,0.016390407105016293,0.39263223664177416,0.8131315561562955,0.0033565914619655773,0.08353569779843477,0.7347659803185282,-0.0002444171217995214,94.75217568140643,27.695398673548997,140.44129969008443,0.014712900323188522,0.01573092296422448,0,-0.007229668458867069,0.014569381604995081,0.004289411970934579,84.8665616506079,65.17192846392015,14.417845536522016
623.3491949366212,0.5852390205281481,0.07975858973573952,0.08179431874532574,1.4284845584196018,0.015903580607234923,0.3674557948434699,0.7697768951264061,-2.8084154884543986e-05,0.07995715098495337,0.7202066517129829,-0.0002787143135489194,95.40620545506528,28.18724555830609,144.05648976980768,0.011827594850766098,0.01568635142084519,0,2.236349166296909e-05,0.015031782799667246,0.00391506554635984,86.78526836358449,65.43231721525369,14.160487111132953
624.0614583473276,0.5882261626540981,0.07619372488588148,0.08204630289105042,1.2882553406525088,0.015985417689694574,0.3639667692890001,0.7775422344601777,-0.0002495139097535564,0.07627981897977942,0.7351347026302121,-0.00016859325161283547,93.17411082103908,28.379207868327914,144.54664260461348,0.014719620336437256,0.0177428236264788,0,0.00987830783773328,0.012611488423841166,0.006510252516931857,84.95338680569515,56.550415363003026,14.332758386484773
624.6759601134273,0.5852207268215369,0.07654227310630801,0.0820050501338068,1.2737880309082232,0.016108453118755417,0.3912684755163686,0.8535784462811163,6.292124633875915e-05,0.07711873104084663,0.7981015000592281,-8.408325075270593e-05,69.87645494046714,27.498664836264748,140.84972269692287,0.011709871975316507,0.017635169945913867,0,0.021537649595133233,0.013044533152247574,0.0037841905968374386,86.17927814942266,57.23042323409226,13.915136180795677
625.2834789049124,0.5869703555256621,0.07637788099199909,0.08275102285232805,1.233183528589845,0.015923331680999225,0.3941495267908874,0.8388952054101656,0.0003163825189496965,0.07673375101412469,0.7982560228699292,-0.0001625430038780098,65.68436968520258,27.216696899832247,137.76804377495253,0.012544250619257452,0.01708703275621812,0,0.012990400839936703,0.014880693479359438,0.0015869340675843924,84.71267711573694,56.65078939134277,13.707956796388434
625.8944891837045,0.5870133934715169,0.07696853161404331,0.08190276176017906,1.1930075933160544,0.016006783269280175,0.3995360540081108,0.8599019906281299,-0.00023587070002242875,0.08654579970118935,0.7741705506626997,-0.00048418653804471935,67.39749609607576,28.049407049136722,155.73135632670048,0.012630359061687088,0.014045246570522139,0,0.013279051407000815,0.014005072457354963,0.0005653730190603922,84.81634529048267,56.78802602391643,13.809928639124816
626.26109535098,0.5951330381195744,0.07708749280861807,0.08184354638096575,1.1426606512015685,0.017337176606322106,0.3982660348738344,0.8565062303701506,-5.362739875530977e-05,0.09323685042142477,0.7949943192895063,-0.00011040142939387044,67.30041463630292,28.539638888524912,141.69032401058672,0.008950297029946963,0.014129724932809019,0,0.010129378594457143,0.019396102849258044,0.0010532488760127698,85.75096593069267,56.22478111742403,20.82413511292958
626.9908161982235,0.5937214784099821,0.07696497716278194,0.08024187138587982,1.0921002887874864,0.01660802642375363,0.39694668823670526,0.8607499163159233,0.000176835674404996,0.09342802450109557,0.8240275211210375,-0.00021237383622662806,67.07868993078749,28.41854399267173,145.84659823050956,0.008472693783248464,0.013147619768828733,0,0.018834837593752502,0.012471141593559271,0.005553259028287904,85.94128390642007,57.40996925807325,21.92335744458922
627.6123009389379,0.5937496562810862,0.07662297523466641,0.07964880408551323,1.126095903740839,0.015818621372457965,0.4032600840474551,0.856338675361727,-5.527048508540444e-05,0.09326502785003132,0.8282685303964874,-0.00029667319369154355,67.74584079724917,27.509313643772852,152.3653417272489,0.00666136217742405,0.009827141981879742,0,0.013243837594135494,0.020893028379600942,0.005499699144940069,85.70379957303783,56.749037066162366,27.034256854119107
628.0068390046723,0.5944663302460926,0.07676723794498089,0.07815682506938097,1.1742975185494091,0.01605350954303102,0.36732864425839423,0.8145677720323223,0.00019371306720058248,0.09301543752899269,0.8029583649426332,-0.0005432240789709591,94.3245326169859,29.064626595501366,139.82291200859203,0.006948918699650037,0.00940824932184014,0,0.012884605192626802,0.011917039152197908,0.0028690060398773275,85.76916296133746,57.956944560132385,35.574588944423844
628.7051364661494,0.5940299253969537,0.07651476155757973,0.07735261210080228,1.1549290160569614,0.015933158721830862,0.33751229488600953,0.8183324952627616,0.006538673358621079,0.10261428015695659,0.8176080151764674,-0.001348253777304851,107.49266255713852,28.32724552766855,151.5796264457658,0.007272693919238165,0.009273304140700022,0,0.01695631866649464,0.01010895859661374,0.007407390932469885,85.51647438397664,56.74752354369404,43.05634301955143
629.3301126941712,0.5941233521896463,0.08015022578975055,0.07725048275199142,1.208865979172225,0.016198886081412404,0.3322725713031017,0.7883497980435762,0.006426562295034375,0.10281417040233161,0.8358200643907586,-0.0014885202705383798,103.60829945759228,27.768216125027955,144.95465767008972,0.00682497384457177,0.007178210886930953,0,0.012659069461116022,0.009921715029032434,0.0010283910148493058,86.7850186666106,63.986795880545415,49.49911202178489
630.1401377494844,0.5950975819436813,0.07979958943781253,0.07777176986476095,1.2411620294283285,0.01617596499125424,0.3312377177539324,0.808050325770173,0.006841310382131731,0.10341057459288674,0.8661807501584925,-0.0014603123457344641,101.10582452248376,29.29312726710067,126.44563277036048,0.007588531699749914,0.008434760756790529,0,0.018041060047611256,0.005546994414026138,0.0025733349099920223,86.08439048118605,71.21326985543938,49.73656068721097
630.8558926474983,0.5961391432287794,0.08317420805351393,0.07774847602812777,1.221933788582921,0.01631903729081031,0.3295235515036718,0.8185744478382764,0.006271354966130587,0.1028685365941392,0.8888682471772352,-0.001232285549324988,110.72074766635663,27.657820167708124,147.326256565121,0.00748992148612531,0.007241773912371533,0,0.01706462231952382,0.006941697465982034,0.007596459949825812,86.09399658933212,71.11886226840312,50.12380484177014
631.5088007739791,0.6114238326433639,0.08316392509233532,0.07762133390097477,1.2386301549164032,0.016223478722461583,0.3336676802874775,0.7917485147494706,0.0066237772718278345,0.09667641379822152,0.8808068515517016,-0.0014221374718094064,111.05447012323967,27.77902122331982,144.36978863356592,0.009781179555130201,0.00805508685596012,0,0.011725413466710336,0.00011176004195794214,0.006744278452449527,84.8633246969537,72.70283492603369,49.79171423993918
632.1198110527715,0.6119101906416096,0.08322764787463813,0.07756768564997739,1.2055926227690668,0.016258052935966133,0.3459176730098095,0.8182486077929766,0.0031344200577530963,0.09683693386675753,0.867439988335101,-0.0009580486796477277,105.69985815982353,28.957127258648917,156.64541365145948,0.009954522375572403,0.00803610793858715,0,0.015865118830072026,0.013104078458233054,0.008823894575368767,85.89154918951625,79.00116451798941,50.18777703668552
632.7063809204121,0.5978239974813215,0.08266876515690043,0.07824116474175527,1.2667369742092924,0.016076662643194864,0.34636890542319365,0.8029946576997283,0.003274748713889497,0.096270118375556,0.881553715728107,-0.0009117542427379652,103.86300554637081,28.235568541472695,154.91224360115783,0.014603023742906977,0.009025009204219408,0,0.016776251815981566,0.0012767300110800243,0.003271881843959496,85.3996474417259,78.96783398904353,50.65311820567143
633.2231210419051,0.5819077309926419,0.08011460358691264,0.0787700223634317,1.2448484602467793,0.016469207969072374,0.34598079494758427,0.8087359873441134,0.00347551324898485,0.0933362568273436,0.8709435867921105,-0.0008490516937306522,99.6868249579408,27.100909884455966,149.91978813567272,0.01729088560307588,0.011437726597672303,0,0.011808247720537283,-0.00012275176920455155,0.004939116172401233,85.5192403681811,78.97344590843558,50.28044131970055
633.8655547064639,0.5858364064532232,0.07958999331111555,0.07979956167477213,1.2576676592161622,0.016467176835032814,0.35546913748724696,0.8150764948772554,-5.824118850600689e-05,0.08336447104515682,0.8965593248949323,-0.0007022442664025754,100.61225940622538,28.52603112867915,146.83570312982226,0.017443398448535135,0.014606253998226631,0,0.009449141720697508,0.003293080092220807,0.0022612783265799296,85.9133711650402,79.46571970392199,50.26183193288668
634.5463947314039,0.5750587275811996,0.073068143506622,0.08028811316724402,1.252971122742899,0.01627275739926698,0.35591978358227916,0.79951135315339,-5.140991108822174e-05,0.07986896315919821,0.8877912958957024,-0.00028212367758382256,104.31016756810567,26.564956376400534,157.04583356454106,0.017376275617295028,0.016559968042762614,0,0.010378065439530074,0.006977545507535248,0.005521434027532026,92.43929861938152,78.68838069429624,42.7589734566761
635.1329645990446,0.5767284408265783,0.07264439351787311,0.07963231564485611,1.2688996756551456,0.01630415719728925,0.36303921343851303,0.8192855894487192,-7.323794793729928e-05,0.07927476743430646,0.9083984930801604,0.00044741860754553557,94.0687852215264,28.09109386170533,129.2312976383926,0.017497898464876697,0.01578328044440761,0,0.012633510139389273,0.0028404891709784075,0.0013608986307940521,92.76240653008279,72.44073610092155,43.711723196954715
635.7369919032221,0.5771250262156484,0.07340757798652581,0.07962939332437215,1.3032883109915778,0.0163083421014617,0.40374386771016463,0.8172042637053353,-0.00018987518462326795,0.07973723338809291,0.8767488918894568,0.00099078827931454,95.14652267442665,29.473745129675688,152.40166029807753,0.017024844964530182,0.014349879382530958,0,0.012104875271758167,0.001819256012019601,0.0007456089490901672,93.5585474492086,71.42919293221223,42.660426723209724
636.3375277200922,0.5751853605201865,0.07286733240559762,0.08040825485270277,1.3118269248935315,0.01619156137993809,0.4043331089216572,0.8105030515483902,-3.797767163252829e-05,0.07995374560150703,0.8797141083428673,0.0008946410738631747,99.36920030762477,27.735042441447977,133.13595153467185,0.017333282143282766,0.015113690831918209,0,0.011578652359918007,0.012235296470600112,0.00444926513620321,92.82110237403576,72.46180766385106,36.18549072093248
636.952029486192,0.5817400233581994,0.07339650306667816,0.08032225706025897,1.2437097394808776,0.01602444058823654,0.40227713370590684,0.8135631996130744,-0.0001548977412807702,0.08354088405842139,0.8599508716696324,0.0015567941597211354,91.26523897476666,28.362220275530344,135.22512494817818,0.017486737380590357,0.015062823833815913,0,0.010818788583158923,0.009046516234664223,0.0033477206415427575,93.23524225198771,63.27035560743925,27.867030923335825
637.31514416616,0.5772065923399945,0.07328341700099222,0.08003831246136585,1.325565374127641,0.015703798279242946,0.377151603434051,0.7938251819180966,-0.00010109946120887452,0.08351481570806467,0.8431251228546115,0.0014031075205316167,95.08055953413351,28.094675068663705,142.4915048796034,0.01762235522819985,0.015161337567641544,0,0.008346373097676125,0.006178980932520786,0.005968418444825174,93.08012089564387,56.22801570124109,27.315914615057828
638.0518479880182,0.5774600128714394,0.07287557651284397,0.07970889535717848,1.3055684787657886,0.015510507217096021,0.38136680510971105,0.7480044044800749,0.00012767516799016345,0.08304225684621355,0.8314907339184984,0.0013600778012296145,99.60109459592147,27.437826938480594,149.12946356204782,0.014988573782946591,0.01513281195922787,0,0.0048522370907040195,0.004735859154958735,0.0028816429234799733,93.07060860861984,57.19537629651616,27.88082434447601
638.6698412414253,0.5798735822829979,0.07329717748812954,0.07859111049375518,1.3063514887481888,0.014714393200934801,0.36195346177173215,0.7375245958441546,-8.423288737332272e-05,0.07977780771838652,0.7996313363457849,0.0015389362822487227,98.28969985643384,27.07829735224015,141.24863684465836,0.012312865953612657,0.013582073321989241,0,0.0031887396410641596,0.0020557463226857286,0.005048227067536821,93.6246709955552,56.75176983662323,27.52540501227164
639.2738685456029,0.5787957436196488,0.07317630261533975,0.07962381210607603,1.287166368136339,0.014410957194093042,0.3569982774643028,0.7179353524711556,6.992730365095469e-05,0.08025539486216575,0.8056954200661052,0.001440407268096034,97.68737510214955,27.420271666220504,151.44182122190028,0.009325938854925022,0.012402098058021699,0,0.0039073363875832285,0.006511960740953865,0.004004518685981824,92.59233525545774,56.61124748187627,27.732833341908307
639.8813873370877,0.5872420133126305,0.07711126294616959,0.07858927269085376,1.2641003684679868,0.014393546290987354,0.3560792739890996,0.713425345402826,-0.00032287260680420333,0.07997785724998398,0.803602178233293,0.001432475769151338,102.04899472796018,27.673048778099183,150.37191385506594,0.009917114841076963,0.010677163124755041,0,0.0030916564732492158,0.005002287509818933,0.005053391768415351,93.14793260387981,50.03816256542252,28.327094636275927
640.4784316666505,0.5831910921299137,0.08011959883745802,0.07887086515978384,1.2668336955883053,0.01426214167234571,0.35339066733887103,0.7144825277112673,-7.94767548505838e-05,0.07997326383431519,0.8023992680729646,0.001451667415284586,92.31223949380612,27.231090976129238,145.89009265356233,0.009436226728929123,0.011638933239467313,0,0.0054580847196264645,0.005916347725797176,0.0060223275683778145,85.04837331898379,49.76277409265703,28.20146590511978
641.0300866612173,0.5875318935673113,0.07984420947051832,0.07869059773756241,1.2057496974420203,0.01439288312184663,0.3554548776508153,0.7199967944455772,6.700603833944845e-05,0.07985780926752031,0.8108964187618386,0.0015402781373999239,100.16246114141431,28.380231778704797,142.73240534166231,0.008564989077758883,0.01078011507185203,0,0.009281465531497363,0.006119963431058997,0.00484564338793493,85.34148979168016,43.48287149895702,28.92790414001097
641.7842479196124,0.5803728174855418,0.08032348633793866,0.07936471705216619,1.25626030692926,0.014068696866694432,0.33241491689063857,0.7109522164940552,2.8229578455087975e-05,0.08005284373433316,0.7900016821468632,0.0007957489439547006,100.69812704078686,26.613199132162034,152.80788207528377,0.0073406104706756955,0.013898367999748378,0,0.005770291956437957,0.007410393309248822,0.0021035453315151756,86.2129746972675,42.919577994724676,27.822373440129855
644.0362572328755,0.5821661283823364,0.07986108417297913,0.07937433950632003,1.2053107848027274,0.014202470750753551,0.3352151850292004,0.7072426823133453,-0.00011138354501128414,0.07704578821868423,0.8109628376809095,0.0012284577178617718,100.62997831007901,28.26285893938306,138.334477014022,0.008164642939412272,0.01123669637826649,0,0.008439345003580049,0.004246850639972226,0.0038141184075003065,85.46579621330072,42.82717270208898,35.7839068989155
644.6507589989753,0.5809085012943315,0.0792312520524346,0.08032207502291688,1.0321547532356337,0.01414997047449192,0.35197599442855093,0.7070837859761747,0.0005016129064111995,0.07655643156979121,0.8010631787363034,0.0004447848428161364,99.5255345167307,28.00041012436328,148.83627122332678,0.008596695924738195,0.009941473932732207,0,0.1539594973273881,0.009231467037384866,0.004562838630723011,85.8248057109781,43.04412989592692,35.416035409776114
645.2233629173863,0.5802934416584619,0.08031641059175795,0.08059296992743525,0.9996730893906726,0.01405403977556545,0.3237315765523182,0.7125599793340052,0.0031522257907608555,0.07661403488104924,0.7898029969600366,0.000793167380615685,89.19401375197721,27.546727730461225,156.47655201283217,0.008100154391409448,0.009130088070977451,0,0.15445523006772358,0.0037378565280992457,0.004042761810409499,85.7428314355131,41.23195984754964,35.35494350289867
645.8937284804042,0.5807415021448797,0.08008152982312834,0.08019910113078538,1.0453332335748489,0.014001351572967304,0.35135915598967227,0.7229670979497047,9.800760050266328e-06,0.07704936840973924,0.8227214227858762,0.000698836992965463,89.50215876012757,26.62493202605476,149.97238427191462,0.00703606367041949,0.007199922168273925,0,0.15938654758439327,-0.0009096466900379531,-0.00018604844863352775,85.40804784312269,43.09440586324387,35.18427153454244
646.4837898353522,0.5796091449410279,0.08003657500790395,0.08052832005750693,0.9858915477416388,0.013952633607291926,0.3513196415654724,0.7135239362836958,-0.0003447850022985064,0.0799578576464978,0.8171883859513026,0.0005022209717276035,87.11914285816364,29.254784364420285,158.47570129378173,0.007930176775346666,0.007169160820331127,0,0.16145016784539834,0.00963978233422906,0.004721738890920211,85.82521891742158,43.097833161027665,36.06840200488528
647.0948001141445,0.5797549848906443,0.0801308217105794,0.07994310706338006,0.9268560132836864,0.014033162355954497,0.3563806230614348,0.7228934191398555,0.00034317684086462115,0.07589466169199735,0.8557543825396735,0.0007167654670983393,80.74666281749315,27.64055201921193,163.10599604348263,0.00866927347777813,0.006469427153324515,0,0.16420103627466337,0.0024916594545616936,0.0006012964923570569,86.31299658328355,49.572994419774915,36.73327906179924
647.7023189056295,0.5806330437516231,0.0802276399415689,0.0803157413849823,0.9479863153284653,0.014384920900185581,0.35435866888912704,0.7070840604374121,0.00018550399607994325,0.07332439622658951,0.8570536131955729,0.0008250828155480512,86.21534216969266,28.089167290702157,155.88528286052957,0.008768061578401747,0.00600263392770335,0,0.17092524962918412,0.005650048325263998,0.005032695941696442,85.75705366062502,49.85089464393305,36.072631218543975
648.3028547224997,0.5790259272617266,0.07964120249924309,0.08025614567067905,0.9797713107849083,0.013918933413220947,0.3318455145918656,0.7007307560883694,0.00015755165137670173,0.07372412663987613,0.8486026621878163,0.0006227776277502356,78.93551171262068,28.949803456619794,156.76077230453822,0.008798466809655733,0.007100940605400121,0,0.1648782263784461,0.0037525791100714223,0.0030189206993373107,86.41649776015834,48.48956123492496,35.773089330798626
648.840543767837,0.586051887623681,0.08025194740739712,0.07970450540328594,0.9658563578704251,0.014089932767371216,0.32115246681852566,0.6963414723325242,-0.0001890048420329789,0.07349403587907882,0.8994391038078333,0.0007730602217608288,80.49613018368048,27.367685983344515,165.1249408579021,0.009840065203516563,0.007082914092342418,0,0.15629017539630236,0.005641356969895292,0.005387110718413255,85.74732975305972,48.762433054594695,35.75075839519044
649.1931839858827,0.5811403519084827,0.08055827959428202,0.07919947763430137,0.9534645658771472,0.014259452953385035,0.3325289771614767,0.7119644493971174,0.00013080996629919362,0.07317227033663688,0.8791165404848436,0.0004262021951341262,79.08755858010501,27.19314479756684,166.9576274834092,0.009916490277311975,0.006039091994999922,0,0.16112229574359513,0.004402216756600934,0.0026264905764411513,85.74721713891762,56.76603601262247,35.78588283016514
649.9159218585114,0.5823584865915776,0.08030905863131425,0.07914398540134636,0.9722503304413695,0.01455037514987886,0.34582336317630796,0.7231409587920027,-0.00010998993761831034,0.07311621230129763,0.9046618915711359,0.000502358781952282,82.51978163088437,27.234959605397837,167.44948451660298,0.014557826872955567,0.0068586639904007944,0,0.16280871165770297,0.0023462443138099463,0.002656637328516679,77.68349383399867,57.904076524548614,35.68267251949295
650.547881061148,0.5784285941788937,0.07982155585941968,0.0797862056908594,0.9079876041246518,0.014277339638186077,0.33186072596269084,0.7124826967644928,-3.54656142507103e-05,0.0735121808022214,0.8864170532720582,0.0006535203246016759,92.68803875368042,28.006872736674346,170.17941624738688,0.014979581893486554,0.016253158961868956,0,0.16482385273398725,0.001588184564031197,0.002869044397027429,78.35911055568866,57.10715545930586,30.03410848186758
651.1868232383995,0.5802318683694383,0.079853600455708,0.07902067754646133,0.9085880152900532,0.01480768837761666,0.3297234983969837,0.7176093377687024,0.00037316467961357326,0.07318115197717466,0.8938359590230878,0.0006016756722284814,96.55819116019613,29.149441182573515,151.5498952706111,0.014883622595886244,0.03993807918938829,0,0.16617590365306328,0.006980804969268593,0.003814976535810914,79.49967734167704,56.23754712986224,29.266027808841624
651.7978335171917,0.5797051345567686,0.07999508263304128,0.07953235477741037,0.8358373114658446,0.015355646686683556,0.3310186298289689,0.7311939703701287,-0.0003415564527155356,0.07306341765715142,0.908627957371592,0.0007006663200608518,102.56008120176435,27.59097529077063,161.1530065944938,0.014853420701268149,0.0408880940918513,0,0.15478873235930737,0.005321101812115024,0.005394847510711357,77.40857803293842,55.963983729449666,28.07228911527567
652.3355225625289,0.5802509154565391,0.09333156322777567,0.07926401862036422,0.8304416145135306,0.014803979952115824,0.33147870960125275,0.7358916478539845,-0.0003218387993423118,0.0732346227587718,0.8940803167320955,0.0005657568190430249,115.76128510498259,28.168216813789133,156.29360368920982,0.014837807740559228,0.02754343448370117,0,0.16008961399420987,0.008150144172092732,0.006714529655833879,78.59804696230171,57.029583119047864,22.032915805686745
652.9884306890099,0.5838712982716245,0.09300655307269674,0.07948840499202643,0.8471443557146734,0.015480910787289782,0.34803103497473015,0.7381678828022041,-1.4187298234140473e-05,0.07323082289349131,0.8906288027294036,0.0005564844418302466,115.65733908717769,28.30453505745788,163.82918904182023,0.014824288066794268,0.027037090635001385,0,0.1639313196836832,0.003791841298886587,0.006200867188065338,79.08117205584202,56.8278370159046,20.911005007594227
653.5959494804949,0.5807730663037497,0.10005242074501254,0.08095810179456127,0.8399217142766912,0.015459600061470237,0.3244637680723215,0.7336786519939886,-2.345662897054597e-05,0.07395509818348775,0.8831356732622653,-0.00023129940684816204,113.25377912970642,29.221178993605612,168.2181037524114,0.011724023633879567,0.04131672979083916,0,0.0070635921756712385,0.011090027045309505,0.002381453001632901,78.60427925661551,57.81372197219513,21.190627664420358
654.2034682719799,0.5771972596843844,0.1004321311069855,0.08335836620481825,0.7991670112371814,0.015595953375225171,0.321936873046199,0.7395346447990208,0.00014065341863521674,0.0768287344962076,0.894740625740078,-6.250347811331876e-05,112.33520089897168,28.307874589110288,152.1958519964466,0.009169521275307405,0.027172117069506247,0,0.004193067801727286,0.00213194994528236,0.004604938780719683,77.98703405801324,57.06502986370119,21.52629750084564
654.7621062411614,0.5814552181551313,0.10040976643994219,0.0846666706450762,0.8394473950539344,0.016021203185528684,0.34603424523939164,0.7262425646939371,-0.0003421622163747613,0.07654864410569791,0.8884542740697148,0.00013917476178605597,108.94639767165145,29.081058203356097,162.01419274810976,0.009026156637726511,0.027288631017636875,0,0.007141706977247817,0.0075236580705770875,-0.00021436765101246445,78.48170662023087,55.24992207644423,20.56025018390302
655.2753548753469,0.579873010889934,0.09965818356105627,0.08516451013504231,0.79675910709187,0.01607906830312992,0.34766043291278553,0.7308073230582771,4.159277778793515e-05,0.07678757275470033,0.8996102010602298,-4.238376189962784e-05,114.31559987768144,29.47764352637983,154.88766969224199,0.008416087453192353,0.027006057752914137,0,0.006599036176988074,0.01091257177182795,0.008208924201337038,78.68921893586413,48.47255014087027,21.916484206696822
655.984126798746,0.578717865851461,0.09977434877340954,0.08814585567715304,0.7947631236200605,0.015411005095486539,0.34755904146656585,0.7352808626297376,0.0001394925870521841,0.07627999280847905,0.8702844113057409,-0.0005255934124970196,112.92095434354522,28.88339872933054,167.9444028408991,0.007556092827016433,0.02684362230016021,0,0.005143410700071816,0.00461951644916346,0.002324573435779484,78.26373314733834,49.25491713356122,22.597300971531837
656.591645590231,0.5793517222148469,0.08464408632164828,0.08916985597192074,0.7862582811693088,0.015522819408511971,0.3505081472714958,0.7499356826348882,0.0002873405533473334,0.0803425488445432,0.8470296765143662,-0.00039644527507994487,108.70274049208574,28.909702922822984,148.59782687800285,0.008023633078668609,0.025879332652079947,0,0.007748421522235075,0.003962265838917465,0.006803683548941255,78.97668966484716,49.628809028880724,21.580999130595256
657.1956728944084,0.5766599195553478,0.08278205198515491,0.09167591686094294,0.6778897990939916,0.015590858760738341,0.34639401266290304,0.8127036457908126,-2.6093404088621518e-05,0.07990562190667151,0.8971972085881675,-0.00041343009130052736,108.72840712253574,28.129742221161294,149.21992516841664,0.007779619760993487,0.026181523227418766,0,0.009170371503096237,0.011826677865667438,0.005423267002925485,78.28288191196052,41.67174253875039,21.499617260800616
657.7892257366639,0.5768095804667989,0.08334186523938204,0.09095367806602576,0.7259232691725136,0.015372185905913362,0.3324716561656562,0.762983727125088,0.0003450611576148961,0.07981691614579034,0.8609629566953665,-0.00046307410141315473,109.48400960519044,28.726940694789377,166.91513682782536,0.008036211180662937,0.02659495736624785,0,0.00695302683085408,0.006059108484645371,0.00392914743798624,78.5294082263545,42.50972085458244,20.493219171630702
658.4351508885301,0.5771852657690759,0.08028155537754214,0.09206924833959909,0.6789874426956807,0.015291817479652837,0.3535437339454503,0.8137680354110809,-0.0001588641232637136,0.07964319037341387,0.8710353931233095,-0.0002689845447996096,103.76856028048606,27.623607510089496,154.74240294725234,0.007195031249369634,0.027078131838314663,0,0.00952455908842775,0.0036331810114434053,0.0034674346823911064,79.41321908956103,42.74659701988933,21.448017155740953
659.0287037307854,0.5750587458622801,0.07295157664451633,0.09138958600678343,0.7045228961777871,0.015805018252275226,0.3908351082463572,0.8248012176595547,-0.00010677877615267738,0.07988164835288698,0.9124505016516626,-0.0004960429415983901,99.91955917744468,30.509418212380304,167.42352411321457,0.006499491254689719,0.03905824281467025,0,0.0027002026934540443,0.0019510513654067523,0.004792844610471383,78.52246156908905,43.58770500250063,15.280740893826227
659.6327310349631,0.5748993890895043,0.0735884636996048,0.09155373904580683,0.6822757484152403,0.01569478516278222,0.33088773248392056,0.8163725941990139,-0.0002988497339282169,0.08034703928003749,0.9387440587785026,-0.0009416205254054751,103.48536859459153,29.6560195693957,155.92393770719062,0.007257851799316322,0.026538067012252396,0,0.0037728139829695164,0.009474557241887484,-0.00037304835287889273,78.4494713742734,42.62077636480844,14.605230345724417
660.2332668518333,0.5777564127265623,0.07364622312195739,0.09157407007014907,0.6367017021539174,0.01590060972196396,0.3941536571759206,0.8303579812382362,0.0004391935160577553,0.08049436092297649,0.9357208186976109,-0.0005216970959392104,100.29981796820647,30.703269816770128,168.1875240206004,0.006918374641003078,0.026524716090424717,0,0.0016541534922907954,0.005292418684134935,0.0010177524695748528,79.11267014680975,41.80045886069683,14.95559695505111
660.8652260544698,0.5750742710377382,0.07318776383422763,0.08905520953352396,0.5796293001330174,0.0157852372284047,0.3964774519706016,0.8354395587788694,0.010067762958302584,0.07974799463769211,0.9261030784364535,-0.00053475112677577,105.4186570274907,30.263642540479594,164.28185648399563,0.007308768521571052,0.031076656335195758,0,0.0036320056628692966,0.0007690007086431951,0.006259526270934689,78.57641853927608,42.59092165683259,14.497485672414667
661.374983201348,0.5780157199816159,0.0731468982457348,0.08647857616430688,0.6273316643497981,0.015361847850773047,0.327635598915443,0.8186251004416828,0.010133602345615838,0.0798481333371561,0.9123773990532881,-0.0011163639559159655,107.76718638500371,28.55348295422367,158.75878189471106,0.008191397636163281,0.01041701198183149,0,-0.0003006866271201298,0.002542779002000971,0.004917638296622502,78.06386781206074,43.335281860770586,15.364166126408435
661.7276234193938,0.5755943499422682,0.07388033939676719,0.08402300094992012,0.615989125816674,0.015434220056810114,0.33089588557002414,0.816884147361317,0.009915041710497485,0.07969088415015142,0.9146109691302761,-0.0009740212868720659,103.02701040946299,29.210255778398956,162.13540844579552,0.007196222594984313,0.011444978695971383,0,-0.00014522187521593755,0.006998933510946353,0.007326833589430754,77.85722657099333,41.6427386086543,14.464014919930397
662.4817846777889,0.5774442427925595,0.07269536644443174,0.08163091426227741,0.5594042849014881,0.015309585255948865,0.3267037878402162,0.8189325339425693,0.009871511602753659,0.07937228061958525,0.892943586255926,-0.0009331123661058642,100.72234276109396,29.600313729291344,153.74647856976975,0.006658083065874135,0.011380071579679464,0,0.007866096438882983,0.004474507968076889,0.0032057491042204868,78.87784476027645,43.01355608999202,22.2967213567014
663.1102523931182,0.582440037055872,0.07988930263280412,0.08007334164241255,0.6271468175783259,0.015151245817300572,0.30560509036747346,0.7993060055710769,0.009809494117612927,0.08045289153610298,0.89765161576847,-0.0013698259202385562,103.0645677637212,29.386183753013587,165.15834623230876,0.006986694234740812,0.00747629730285794,0,-0.0016239322914628953,0.007741033243380239,0.007597103803205224,78.2980859651947,43.66210745180121,27.47133814250865
663.7107882099883,0.5780735214023558,0.08021419383016923,0.07806788252155131,0.6188487062383816,0.014934706713655512,0.3029088443444939,0.7636065251816329,0.010009627563181453,0.07980177745683678,0.8678105806998176,-0.0011234252893690796,104.1917925897338,29.357334454410953,155.77498481686564,0.007271163145877585,0.011496045035263297,0,0.0049644551795546684,0.005703532278273633,0.0046763968972094085,78.20868442869507,50.07670795535782,28.168989620422433
664.3183070014734,0.5756937876359038,0.08058533517130655,0.07757879349999812,0.6170947019371869,0.014819469015028636,0.3055092314622748,0.7691510134778866,0.009839858731495706,0.07668974955020974,0.8867802555395708,-0.00020241555497760224,107.12790902073517,30.75121548147022,156.56922764802437,0.007233738273858386,0.01102707909943414,0,0.0006936539248715177,0.00038916251597065094,0.006342802573842789,79.23596198907865,50.82132213104123,28.70809024499384
664.8769449706549,0.5825902727416469,0.08016066575361239,0.07738675592078367,0.5623769168399012,0.014831423432417393,0.3015458680883566,0.7612921372762794,0.010267692845668593,0.07665341089404831,0.8833520599010792,-0.0011486870165034284,108.08258687171507,29.317813027106546,164.55313637656548,0.007101776180381345,0.008534089049419458,0,0.012022087840093398,0.00289072556565868,0.007154456971361043,78.71751818932222,50.33669517915191,27.958176348886173
665.5089041732915,0.5837035814525114,0.07991626956890172,0.07753600533292779,0.5807327213396283,0.01493284004211445,0.30303755075648287,0.7507529632287709,0.010086765853976979,0.07695770515225649,0.8566927528732721,-0.0006059758961432542,106.78302783917295,29.78269102443529,169.7110056645442,0.008406363425008756,0.010610878590052657,0,0.007263869038249418,0.005433372273339659,0.011384140736726202,78.18336042368016,48.67869837299419,27.818672704998185
666.1338804013134,0.5783477271627163,0.08043475274016407,0.07770764155485461,0.5943607998476036,0.014907641800585989,0.30323937069038526,0.7485734704211914,0.009929415200304896,0.079856152161835,0.8703005733629958,-0.00028460031929284,104.65353558771572,28.932533959003994,166.7074840934566,0.007924172518995813,0.010652391317464089,0,0.004231914519743392,0.0026911061143429127,0.0076707818334052396,78.61208482152543,50.53563137155553,27.61679911145732
666.7379077054909,0.5745515548062333,0.08069715973054988,0.0773364902401946,0.6263422599007612,0.014734030847737856,0.30195293471632156,0.7543825631581759,0.009726843296781338,0.07968480949712559,0.8978040021062877,-0.0011153310401586251,104.7734222856449,29.6037420947409,154.94031194006885,0.008199679199522495,0.009759858174628853,0,0.001765788800863679,0.0049617216698142515,0.002994944282890085,77.95807855185562,50.83721809643631,28.38066232990569
667.2511563396764,0.5763853684452485,0.07965625350013276,0.07948241963022676,0.616995698983554,0.01447278617888783,0.3023820861130717,0.7530238137362892,0.01008651031520587,0.08064396651737561,0.8624657655533857,-0.0009279023105845092,107.64298985163806,29.990975749476235,164.91745088286294,0.008084497515698902,0.01044315042311723,0,0.010907731372419625,0.007367782152316394,0.0014698007282179012,79.3596457330841,50.72453726512616,27.766888653429184
667.9354878519238,0.5774355446106211,0.07921536430128594,0.0803460174896046,0.6153342120005736,0.014840779239182655,0.3063523013036509,0.7628299178761269,0.010112812585350097,0.07942466853749829,0.8678474853659074,-0.000481541785883717,104.91761891366032,31.1082392304437,160.46052769964984,0.007764995126324696,0.01149797407217761,0,0.005870217935000191,0.0025610512991736086,0.006324563081771628,78.55278527113788,50.143207576827386,29.157468202158825
668.5290406941792,0.5829319081911668,0.08045915612166725,0.08027094192758576,1.6607049430942917,0.014870074906108437,0.3014093015727934,0.7654921824396657,0.009950643510973162,0.08004331981018155,0.8689086268617761,-0.0008603200742550618,105.51777110061268,30.03292764140849,161.3951864099411,0.009386663312127008,0.010816405839254934,0,0.00437639492523925,0.007906411682641515,0.003606724978812076,78.49902627810062,49.826822654646065,27.435939600677663
669.1260850237421,0.5756740610457728,0.07985480457527569,0.08176199628963961,1.6881869141402295,0.014975552734119574,0.29963356577423483,0.7572895467151204,0.00985521511732345,0.08032941365814471,0.8601491245407864,-0.000881914696561037,106.39908538527135,28.72108024225711,156.89553869467736,0.00842586850669628,0.013139357228915722,0,0.00013778945810005022,0.002407597475630782,0.002614376703815196,78.01837407050628,51.24381947942999,27.77856261680985
669.7475697644564,0.5786026088426934,0.0800186111325249,0.08199886082190389,1.7416503337282159,0.01490048787459754,0.3024724180321696,0.7602682028989904,0.010434534110864776,0.07977379618621797,0.857799680077384,-0.0009419330947450012,104.06735694590482,30.57397509813395,162.88438234090793,0.00851619161050583,0.022319586041048167,0,-0.004199265179001975,0.003653557175167582,0.001949811217725964,78.15920073194232,50.73759571362385,27.629242320369134
670.2014631144166,0.5710320260479116,0.07999332450377092,0.08232143648638506,1.7417663926310285,0.014923650205719457,0.31000081243783134,0.7503707946633769,0.010000328487896388,0.0800894350416092,0.886929526824983,-0.0010980348021486942,107.69026441970706,29.843891560158756,174.55112152515454,0.00829258610063949,0.01753086451669698,0,0.011391273999840325,-0.002150643359979539,0.006472241010335364,78.90072109796213,48.84132214911503,29.394744864620257
670.9242009870452,0.5697982571196416,0.08312380882785864,0.08255922608105389,1.7378036516486413,0.015552533815774669,0.3108409889031936,0.7681010203601846,0.01033201864690911,0.08023870854696095,0.9129414638580569,-0.0010286079009277085,103.90595439567899,28.889844061663865,162.73926449234918,0.008305110134063313,0.021496042318714065,0,0.004768243347424264,-0.00013666490984048279,0.0022063306526578933,77.66536508010459,49.712036553423005,28.814437984191244
671.5352112658375,0.5693709072653111,0.08360839510416887,0.08203201401176792,1.7664356373163117,0.015734750672271976,0.3234310543415979,0.7732860928638835,0.0063822890929383985,0.07973568950099592,0.9177648610539292,-0.0012258743412446504,112.35002434852063,28.991070164766345,173.57576269571774,0.008653325794837886,0.02887966646896917,0,0.0046751110771593996,0.009508732984096093,0.0039718499260983685,77.64073968979432,50.307208354861224,28.995513573051667
672.1217811334781,0.5694927179258857,0.08684869579115799,0.08233893802622368,1.7213159252085304,0.01569138956443941,0.31988118070794297,0.7825352622210955,0.006453711129952289,0.08021531490725171,0.9339901712383839,-0.0009462041497993285,111.63329617204235,29.478100020009435,164.08205909927904,0.00799948452523513,0.023226266586271173,0,0.005246135693005755,0.007870655607549081,0.004289241842077889,78.92081856880333,50.53706827273007,28.910783047880727
672.7362828995779,0.5838939025302853,0.08749388793316594,0.0824556563491622,1.7929151885119738,0.015861168790140056,0.32262193401795486,0.7923528974783135,0.006226518846481879,0.08011408210950566,0.9361970413339024,-0.0010775821645803395,106.75807546034594,29.63445260177591,157.2633340627101,0.006728296818631452,0.022903514687809365,0,0.003552156447717797,0.0037648962084013693,0.006334537453715865,78.97244867197055,49.7393783407061,28.52920591620299
673.3333272291407,0.5719240205750792,0.08698098930738547,0.08238251707225162,1.8346789642529877,0.015646379568695936,0.3219495015920029,0.7804139500003405,0.0033199718511182927,0.08000350236018218,0.9094976041347878,-0.0012579390103902351,108.8184958525962,28.663085983799697,164.51775559573014,0.007823168650918144,0.02203043524204112,0,0.002197954912251073,0.007324099110488003,0.002752981708623549,86.28260365043883,50.08353855085099,29.232571624302516
673.853558837941,0.5808901725621375,0.08677931876530443,0.08207463137782271,1.8458395815102726,0.015828559381659585,0.3241488900179726,0.7861418086035941,0.003199738682907239,0.08082893887458459,0.9056132010307228,-0.0010140638289271094,112.61469373320608,30.459109688620725,148.36499773287386,0.007588946356416467,0.015207296411493433,0,-0.0003015500309180635,-0.0006593250078673349,0.0031014029580140666,85.66648028771895,50.582782962611255,29.037377552077846
674.1922331067573,0.5725811490873499,0.08728993885322439,0.08243905939960583,1.792628542017105,0.01571249159209742,0.3195391108718387,0.7758234849692479,0.0032812922569980204,0.08007935966802793,0.9108065099628347,-0.0011891950342371857,105.48943220929787,30.702627406140984,166.24551291099633,0.005844806427154978,0.02178483330253186,0,0.005619486525981059,0.000449979433106189,0.005206797010905739,86.29858419958133,50.79044602521277,29.473720788655275
674.9149709793859,0.5724921042407805,0.08686005986943895,0.0820456849358681,1.8164999608333885,0.0157703050347108,0.324852615892456,0.7902457531706883,0.0032712820459406314,0.07983712683097005,0.9171890807968582,-0.0016887614241105622,109.85075971092871,29.65055870471771,165.0313011681919,0.006507275193400547,0.01430612346619281,0,0.008296837525349657,0.004319568246817659,-0.0028789882152805237,93.0366306930012,48.206966742164276,35.862757052393555
675.5399472074079,0.5818795416120754,0.08612490731052438,0.08291779141207771,1.7751914892616019,0.015587540872710177,0.3213327503710872,0.7810083899859338,0.003646615018487884,0.07578442287812781,0.905668715522831,-0.0017654555621164456,109.39614160442474,30.692113453380546,156.48086429554544,0.0065611871077904125,0.018003969636697925,0,0.00814003437054846,0.007162886766099825,9.821736007742778e-05,92.24744007345257,57.71808190156256,37.17060863669746
676.140483024278,0.5780048840626294,0.086380315062992,0.08309625133053639,1.7938249353897224,0.01585884968950255,0.32564326033801483,0.7925031656340091,-0.00010854019433533111,0.07626153772977205,0.9094439154770722,-0.0012873310597655105,108.78362210757476,30.697278840206607,165.17403424158454,0.006383205066131803,0.017347262613296614,0,0.007922587954096387,0.007373584376932526,0.001871663709714303,92.92990211967842,57.32300230582261,36.41682534413149
676.7654592522998,0.5817227809489226,0.08387713657696033,0.08381577747400734,1.7792316008253903,0.01576695110194589,0.32248071368658515,0.7849473334673408,5.5889362686936446e-05,0.07613749485144256,0.9315803468654524,-0.0011714500752825932,108.07937741463681,28.733968600446204,146.54390234740285,0.006074382899645321,0.01839379075605457,0,0.012292373478515395,0.004825522528058462,0.0034193839880050318,92.48671168946612,57.53639535642152,35.967649111395815
677.3101312722519,0.5863965152705526,0.08306258028777617,0.08271468818371579,1.804396935637659,0.01605249389949468,0.3219944550154221,0.7838101832058412,0.0033130931059589153,0.07626800583597515,0.9415020783457271,-0.0012333606771430554,106.92669929616201,29.833018467202823,151.2135927390171,0.006203478551813927,0.005911902685425314,0,0.009876334960317376,0.005746217784306283,0.0032950563498446404,92.6280284246355,57.61072901058764,35.875314881089295
677.9490734495032,0.5942938824688935,0.08329498138675231,0.08305984072542688,1.786673237310412,0.015901149560148372,0.3245912012375491,0.7867085990888222,0.0035964507174339935,0.07623518342858072,0.9115341446133053,-0.0013196941054105969,103.12062873708996,29.965113789058634,173.89780655083058,0.00597694539445242,0.009692030423677837,0,0.013416602825886123,0.00632682718688979,0.00438592420529039,92.14509324662602,58.1518764441096,36.3199429682143
678.5600837282956,0.5850248294599488,0.07980749835981824,0.08276671103838318,1.7310333801907718,0.015875409309368625,0.3243362401991011,0.7724230167471007,0.0030573298589942595,0.07695331783278787,0.8996371171458544,-0.0010685451672949793,100.14680739393391,30.55684020962644,149.30245471116532,0.006103085860004103,0.015098490217738842,0,0.007088019977231444,0.0012412768242179707,-3.6199521198819126e-06,93.23376676981704,57.056334968486766,36.36893380185907
679.1641110324731,0.5838954531217099,0.08342307507328804,0.08376122412465999,1.6672624439553152,0.01572299707629167,0.32497153347689695,0.7703171961105597,0.0032876490534159168,0.07610034921671804,0.8940085711961366,-0.0013131523152547513,99.73930400937193,30.29036467709886,152.887211632624,0.006391720019700798,0.010634992791558103,0,0.011450884803869792,-0.0004394817287186846,-0.0017291615836874047,92.5297990297713,57.40700315826409,28.07181654709187
679.7855957731875,0.581951843869679,0.07916377881115925,0.08261378266839509,1.5418399741863453,0.015518434367660969,0.3263305322086199,0.7582112040132281,-0.0001707109972138334,0.07645055139701207,0.8601588901401255,-0.0012830913445197986,98.48136840613809,29.77926813296144,158.89056823353155,0.006598703693164272,0.010914528392905359,0,0.003707248465872419,0.006474650904042256,0.005185276611484891,93.02790362785889,57.21989242555766,21.38095494752197
680.3302677931396,0.5798152314750953,0.08028532554769213,0.08267625475802232,1.4751140625653203,0.015904364252068523,0.3284897156332648,0.7899301821988646,-7.814903639255775e-05,0.07683081207073275,0.9157006131007209,-0.000534489446894487,97.78101016600255,30.29728874819369,167.7822470592724,0.007488185443166617,0.017242836958028855,0,0.006473346044485436,0.004340699129416096,0.0019276117446411318,92.80366135926234,50.95564975701744,14.565194781266419
680.9657184830836,0.581019065795016,0.07986796838043554,0.08321368128199225,1.3308659531913969,0.01554284370540654,0.326462668644958,0.7839785239673783,-0.00037328062240245925,0.07686055836618316,0.885190314037924,-0.0014234885268694746,104.8227574028358,31.391083622831633,155.05368076162054,0.0076904052487713846,0.015812892670684375,0,0.0025022779937043894,0.005742889816168638,-0.0016127211952310294,92.49331367725217,50.809461374597795,14.719308910437539
681.5732372745686,0.5801003299682382,0.07963232717336281,0.08191450812474725,1.1335045702822175,0.015446103247976224,0.3283230769632502,0.7840443091199272,-0.0003447859857581545,0.07724375709440645,0.8807091788794281,-0.0013521766776199524,104.09547750506934,28.906347465765677,168.07278253826988,0.007328487632630789,0.017327937874984236,0,0.0012278881496104663,-0.0031701510014968542,0.0014442422275250343,92.71847557985382,50.22401895707073,14.15956060713517
682.1842475533608,0.5805746165797502,0.08039493106343085,0.08248857118853434,1.1526971662411993,0.015734071378028593,0.3261149304161642,0.7975711865800907,-0.00028379576969365586,0.0763317891308916,0.910465383934044,-0.0008101374763370572,105.65410041959899,29.31898232541634,162.23025766333612,0.007047099425508964,0.017231052081568124,0,0.010144207707393093,0.003214142034141768,0.0006355571014708607,91.76094049850438,51.09783924404263,13.791078874680153
682.784783370231,0.5817131143070409,0.08001214453748427,0.08218155026445857,1.1466879416868492,0.015819705485324215,0.3268591422957288,0.7972913199831282,-0.00023827887323736645,0.07610028604520269,0.8964625238099766,-0.0012662904208164138,112.21725942758309,30.437412718181317,154.67602912372112,0.009278384905500465,0.018129904697675923,0,0.013254911559199414,-0.0005706855954363673,-1.4204384840752014e-05,85.86127125368007,49.30316108273318,15.149311543905341
683.3923021617159,0.5779052674562569,0.08034699294240293,0.08186687809611043,1.1437722694011734,0.016408941538385097,0.3275261333805161,0.8138116282894984,-6.280199523467565e-05,0.08013451369621027,0.9436127025212465,-0.001424495687103225,111.79933350779064,29.996618014216427,166.02801463357395,0.00915390397089183,0.017800419962819027,0,0.003772871578477037,0.012807800230079942,0.0035589858173616074,86.36484690954572,43.42599611256167,15.038024308610296
683.9264997197458,0.5787915689245859,0.08061241763411549,0.08195015941748525,1.156722862538215,0.015606494388128597,0.32869303440798026,0.8012584934051017,-6.827701990895061e-05,0.07975748575664511,0.9287628704654529,-0.0016557187739256185,107.4378378261669,30.05130045822143,161.40887463625646,0.009906527060198135,0.017868818700386983,0,-0.006820763467426599,0.008377495553815591,8.497461257165988e-05,77.43515262174208,42.05158934725716,15.029487057173696
684.617814206608,0.5802398786815104,0.08343721496006226,0.08153586899530195,1.1272348989329657,0.01581008638141763,0.3259053030828993,0.8081609078367438,0.00012654630562218726,0.07987185824143739,0.9133754622037772,-0.0017877693267531346,112.11564806449769,30.33305611944331,165.30832077106825,0.009484960265332519,0.019411495627243223,0,0.006055345605468509,0.006110438571524835,0.000880931197868274,78.6706726149096,42.901428209470104,14.58433466916587
685.2008925869412,0.5745184807898582,0.08323488678937241,0.08218961304070722,1.1380101057830516,0.015707596003007362,0.3179437638227488,0.7966574219410776,0.00023561571821846165,0.0803758242364721,0.9089865161054472,-0.001739321801519597,112.67450644917288,30.113310327428277,167.65439158977793,0.007729943585784448,0.03940844639057675,0,-0.0022299127304980203,0.0070647719823500685,0.0022986819521125367,78.33334109403367,43.397541457551,13.079834687030251
685.8258688149631,0.5717061568305335,0.08355466056830382,0.08185487125561267,1.173571674140164,0.01571590163830126,0.3212891292211223,0.7881136095481834,-0.00017234614139622885,0.08022825888633063,0.8789234344837192,-0.0018285935376838062,112.8350370610175,31.629046561201285,169.89185507016995,0.00716564072976443,0.03983412024689685,0,0.0008958979220636144,0.002608785396986761,-0.0006874211763215634,78.7448624601744,43.61121660353725,15.046349235045607
686.4089471952964,0.5814041190905206,0.08374248111884673,0.0820224734228273,1.4756733621467764,0.015541189813337,0.3258563152867641,0.7840485271878951,-0.0002233821314644999,0.07935652129500627,0.9141550032204259,-0.0016283832330758158,109.18083058342452,31.05333041733902,165.17288356616422,0.006760066895948087,0.03562377437178635,0,0.004556333446737594,0.0013763477856077481,0.0032487910163393674,78.61152743176227,43.02515580761617,14.104741290647036
686.9675851644779,0.557401532448794,0.08292628047631707,0.08206539040233547,1.5030483997927224,0.015830566726013018,0.3285127479114399,0.784861139453387,-0.00021358886153489566,0.07935587084575127,0.9018174463786641,-0.0016416573343484603,111.0489453782845,30.748523508979634,152.23355714529586,0.008830006233346658,0.0327921140235236,0,-0.003885352168165111,0.003527628183440745,0.00500815892066992,79.07907828523862,43.023183845633305,15.636999478212484
687.630967752881,0.5566594976238622,0.08309251644758059,0.08239208935569978,1.4942664953158356,0.015865817255659036,0.32610333573916256,0.7845794709395401,0.00016860969637751158,0.08050527501194896,0.9061823734522502,-0.0017677218183607072,112.7422513784914,32.483375954644295,154.85915825432787,0.008763409313086418,0.026995221060890022,0,0.0023624505500392705,0.0033022245108684603,0.004012472316744328,79.36143594857649,42.08819531503153,14.468808200745448
688.2105546459068,0.5582336872330163,0.08302243578298912,0.08219767198396633,1.5035277668616487,0.016162047882287454,0.3282545267605718,0.7861148923198148,-0.00010993389539668089,0.08027068351735413,0.9405748559213707,-0.0017846150263159275,111.46397071942215,30.993633723391014,165.49005453034732,0.008498132743273478,0.02182041106168787,0,-0.004554356914899516,-0.0011422338786930986,-0.0008805426330570866,86.52903703868783,42.495959036297855,13.758713558280151
688.8180734373918,0.563581332284035,0.08374452921269328,0.08200004829020732,1.5185591893005395,0.016012938972367725,0.32300948863277745,0.7832823653853137,0.00017060507971407618,0.08033312009163612,0.9336613235183764,-0.0018759150896547686,110.13540900146555,31.174870144768715,164.49871114678984,0.0083586323110373,0.017803086574494937,0,0.010184585588428182,0.001744419030410462,0.003986429880119609,84.8498723815493,43.12490965201297,14.811999515732154
689.4395581781063,0.5627222253734108,0.08011442333398741,0.08171057421992613,1.557426961732525,0.015989727038597953,0.3275688445876934,0.7766194232521327,0.000140324193066631,0.07990932565184279,0.8961268668591846,-0.0016527970709490675,111.22809616199423,31.389592899380006,177.6607454159906,0.007410636995829856,0.014404270211702031,0,0.0027453008083071825,0.0002651547567979417,0.001999093425572432,85.84813203034643,43.773719142460415,15.711277233413599
690.0226365584396,0.5652458379925378,0.08061923592951246,0.08116230923505947,1.5121943383749477,0.015946211424131072,0.32342312292771075,0.78063187796882,7.722019289934433e-05,0.07967730403348641,0.8986701932840399,-0.001745558346324785,113.30514953854079,31.1818006331426,172.8845801529306,0.0071345339388574356,0.014524164889578998,0,0.007313495153929834,-0.0008658504049223557,0.003197717714408522,86.06601063540745,42.48345783438085,14.265846285825637
690.5638170910842,0.5777120585864823,0.07673057964712916,0.08270870172250142,1.5258690895748133,0.016286110459046425,0.345214976539116,0.7837981248154595,-0.0003873375307560984,0.07995746257998258,0.9182010016372745,-0.00179906775720096,112.81406446548147,32.05380496343705,153.40473271533227,0.006890060013662688,0.02019782155117837,0,-0.0034218187378279754,0.011341480973419126,0.0016829710968342465,85.73618152871515,44.90405939897622,15.393756483504236
691.2446571160241,0.5623344503912944,0.07679024488840837,0.08171097738240535,1.4989923373372294,0.01625805080705694,0.350522508482496,0.8039013534291394,-0.0004475489625771821,0.0803401549359676,0.9478903073264865,-0.001451993340998705,107.69100744857452,30.92771616422778,158.39243526788863,0.00815937536367903,0.02016956373558456,0,-0.004660047499557422,0.007356384074482829,0.003374028134723564,93.11446947256128,42.62516199816266,14.548627297658948
691.8347184709722,0.5786119081120908,0.0761647352151697,0.08143632221754415,1.5075094400270352,0.016245084031732745,0.35140072776679193,0.8003879625344297,-0.00040227317578182413,0.08002478469992665,0.9324221440059012,-0.0013577138289331857,108.68954341805049,32.29607638182096,187.42893946752469,0.008298731266949475,0.019584681480086488,0,0.0014407326840537975,0.0031662978829122244,-0.00112338731722625,93.26053207062131,35.56715723530501,14.288149787638918
692.4562032116867,0.5772286798802488,0.07688222349931832,0.0811400889712639,1.493945881071349,0.016345100289575004,0.3499528329362684,0.8120622582582374,0.00042518541411402575,0.07991072830679963,0.9179340576935145,-0.0006343481529730411,107.46503688767443,31.081269437010196,159.95960669030043,0.008425204669570831,0.018913880622447886,0,-0.006233118414932936,0.004553926334969524,0.005435745411617106,99.5332641594353,35.33410361330597,14.746264537372264
693.0392815920198,0.5768793238239079,0.07625648529983972,0.08010905799290408,1.480482962296984,0.016090397680343944,0.3482210638121687,0.8102482417016196,-1.723851048737384e-06,0.08347690505326029,0.9215773355510575,-0.0001813883414486796,100.16340172989752,29.58421691830016,164.9489427261698,0.007814825838639404,0.019544731096855086,0,0.001996033666585062,0.0021839743293467525,-1.4041383804626328e-05,100.09736449508038,37.12390275216887,14.082916506329079
693.6433088961975,0.5742036643129483,0.07700404552116967,0.07951388410986501,1.295606464019966,0.016239265381861785,0.3559834156816253,0.811141963815429,0.00014197527202453844,0.08302038020123555,0.9238094482893209,0.00020565321829126888,97.28062315807529,31.14765957067676,154.7755317894385,0.006944945588006527,0.02145605451656813,0,-0.0027177988389227594,0.002882093129322451,0.002352730502763115,100.1565662116521,33.75194669960837,12.974742145474908
694.2089298399937,0.5765863207918895,0.07696106188981465,0.07933417200524465,1.32230692216132,0.016128860899495463,0.3565979455391661,0.8114312565866638,0.00017403160922141155,0.08354445524836732,0.922931204826159,0.0006516185113679579,101.78637343699086,30.1209476462415,163.54950385176383,0.00836721052124451,0.023352929569794362,0,0.0006604088757065646,0.0010259930756265894,0.0023673890290318005,100.23824375115646,34.773119016004365,6.638643578147222
694.8513635045525,0.5769539948988246,0.07639199730716585,0.07795492474822895,1.349323807578861,0.01574627236473282,0.3615315055652138,0.8168677437462551,0.00051164690853403,0.08040654778865632,0.9158164012516884,0.0006671243524911526,96.95641831653629,30.919155039213564,165.11045551585522,0.008390076966772547,0.023844118185728562,0,0.005888220103629355,0.004183466746105188,0.000377263661899488,99.63760027081676,34.90806167394637,7.877737208710113
695.4588822960376,0.5752045151997967,0.07706641422364859,0.07780859144397437,1.2360205633198724,0.015935936753235944,0.36105357696273904,0.8170065937703141,-0.0001243850877935368,0.08088702042775142,0.9581703396748072,0.00056733940177985,93.50086644036816,30.146841027837162,165.8005661514515,0.008153850922127512,0.0226961218235368,0,0.005276964667925738,0.006638438388460362,0.0017118907460536013,99.60313583939788,36.99828441523456,6.794966154526742
696.062909600215,0.5781821350519074,0.07695171682231398,0.07759470278660763,1.2368658417639609,0.01626934896720476,0.39814131892639565,0.8167327538235657,0.0001632381425244451,0.07968001120635347,0.9434945512320936,0.0009426036337505974,96.54158701516386,28.944758093485188,159.37844307252453,0.009339302716477923,0.02574718575428406,0,-0.0026307583808934157,0.003432335512124205,0.004111069262106663,99.468713660472,34.870239392939276,7.296727852467376
696.6669369043926,0.5750510519604923,0.07637091268004634,0.0780575067938868,1.0335196021522015,0.016133687636793133,0.3992225113035603,0.8014292914488472,-0.0005119635733556527,0.08030025218593448,0.9423128101034601,0.0025581814204587786,88.61878684355928,30.229265738303113,161.39591308636554,0.00986109775758039,0.02702535410780263,0,0.00010463840471557377,-0.006586121081457945,-0.0030146028878427146,93.26289152534308,35.27373114503303,7.533882292705846
697.1278132289674,0.5811650325071935,0.07667122131412915,0.07781877843939791,1.0518453755138095,0.015849982048135095,0.3989933679373342,0.8041855197430517,-9.341339444052898e-05,0.08054754393559671,0.9445628964406382,0.002516296135776589,89.35180253910289,30.55408680144781,168.8115165700779,0.009955863150167731,0.025937211703641525,0,0.002440387279798075,0.011095955770896266,0.00047718482548576705,85.15827660027496,36.780447723785755,7.4904774077209755
697.8330936650591,0.5789923416336695,0.08273189078374338,0.07819678153226232,1.0230201043556797,0.015868377147717355,0.37132001535556347,0.7796741767481707,0.00013355510246399176,0.08023731049189968,0.8777844326824435,0.0006800817948282161,94.51768802257185,31.167577715381697,172.80032603979387,0.009235527288572918,0.026058053076389608,0,0.002494820643176166,0.003855899937609453,-0.001606120500462897,85.41670661438009,35.35532651030283,14.996343047932095
698.4685443550031,0.5758443389491712,0.08312530351378758,0.07801578916238959,1.0265152938913717,0.014301545894820904,0.37396539866766243,0.7354642170863976,0.000171801683313161,0.08032796400634616,0.8484566894370771,0.0008452421458143068,100.4327882923221,31.564586277748067,157.88867151185286,0.009692104998728366,0.02593213498280072,0,-0.002620502639040174,-0.002288668293266874,0.0005136662690750926,85.58277742128104,36.607940565192585,13.638273893500742
699.0411482734143,0.5735553761137108,0.0828900722157759,0.08042906911207798,1.0413908478488019,0.015561405403848868,0.3968289812949329,0.763938358883568,0.00045675033132049823,0.07957359087488527,0.8498025431922547,0.0025028697302016283,91.25469455820364,31.90764850304283,155.07828713547968,0.009621777431061369,0.01688174115758197,0,-0.0036449252069869925,0.00044168030038798474,0.004938204668994485,85.56705386723056,36.69019763125903,14.761933735296957
699.6486670648992,0.581359653528508,0.0830664410924528,0.08112662337055339,1.0328228667767358,0.014511552597249056,0.3747124907167644,0.7156159244718929,0.0001442508224208277,0.07981474584464238,0.7234216225004688,-0.00042289276249938835,98.27467042567059,30.63325595529168,154.2582381551456,0.007802083666789961,0.015917465856292126,0,0.00856846222150242,0.0026584601313191804,0.0042479383539398615,86.58087604273462,43.04086350541969,15.242704382531072
700.256185856384,0.5811141946921389,0.086588522131457,0.08107798064596025,1.0667721654743503,0.014252753360789818,0.3540017897852166,0.6794918349453256,-5.549268753690923e-05,0.07963411102060135,0.6810179560816432,-0.0004599250921707971,106.42816504661366,31.149501758902808,162.5279241340985,0.009788759620435142,0.015453210842470226,0,0.0004094230722075237,0.005397232314529017,-0.0018972742258719063,85.13622624634763,42.35036620624065,20.729742260349198
700.7938749017213,0.5835971580989588,0.08670061119405527,0.08197177748927033,1.0667742788851668,0.014498986855480851,0.3719785140587716,0.6821790132010991,8.656298345946858e-05,0.08019154725803254,0.6365670883668001,-0.0004380251120226132,103.9758680823849,31.49736093932513,168.23070113226092,0.009715354141812491,0.016070314712699617,0,0.00010332848715058178,0.000931640230645377,0.00469900987478759,78.47260590220075,43.748367146591136,20.716067002771116
701.1709555309188,0.5791841250196469,0.08678171222483892,0.08280843509963576,1.1045189840089475,0.013811311317430554,0.30372499731624947,0.6862066791030259,0.003435259372328824,0.0796054869174091,0.6591403348123459,-0.00037823828204727776,100.39374850001907,30.07565654557137,160.2963392958622,0.0100324035475207,0.012732966524043975,0,-0.0005906973894493741,0.005894216257772251,0.005643501096014702,79.02497644927087,49.36458059147925,22.010379850112788
701.8692529923959,0.5797945398881726,0.08668469315447205,0.08433047047097915,1.216169758862237,0.013432277406915048,0.2926809573383985,0.6796676142073618,0.0035846720731462236,0.08016817332350777,0.6340632318855906,-0.00040769630990814963,82.66129402229075,30.41509440276322,184.14990894135087,0.009760952506976582,0.01071641140340478,0,-0.0032646430664048697,0.00562313326676012,0.0036063854474165154,78.66072436966132,50.25979412761623,20.504241902589165
702.5116866569547,0.5820975920135203,0.0865940652757433,0.08422081406307466,1.3208973387187484,0.013344959190601866,0.29068767915496013,0.6728620350289939,0.0038513926691611943,0.07660259535624024,0.6396015060063528,-0.000524907920745319,93.67505822358524,31.094597820054272,170.10966449680276,0.010665751882219429,0.013456220646705097,0,0.014429719855140282,0.004377588559916918,0.004575697449924743,78.9543543716167,56.067156772568595,28.259918831630777
703.1261884230543,0.5814272423941412,0.08660420238242375,0.0839499789596729,1.2811727889666713,0.013562183505019403,0.2940516534909148,0.6839850196184084,-0.00013677190921037587,0.07692310625975643,0.6331462852433082,-0.00020263115334946482,102.59710947763074,31.05064356382113,154.88323913496134,0.01057042432853388,0.010914217321184132,0,0.010294347763851037,0.0068932541940707895,0.002786785927503244,78.97591177802431,55.33604719157146,28.100942988375305
703.7371987018466,0.5829118174407331,0.08605903217024954,0.083660456395436,1.3212004119477407,0.013316497022063632,0.2951137974888834,0.6774328006204395,-2.5426876152573175e-05,0.07679377185417376,0.6948166895636055,-0.00037455707990914964,98.46592956570582,31.13427966338072,165.84836860280646,0.007827834886102733,0.009732879998413022,0,0.0033664560324652283,0.009863361869756419,0.006008858114403278,78.9647699415376,56.1045162002653,29.093009628401106
704.3237685694872,0.5828176127231072,0.08603325639362465,0.08457649958400022,1.3521778253710781,0.013473186051700638,0.2756492586564568,0.6700393043872551,0.0003041972521423833,0.07678802546957308,0.7290252205109341,-0.00051313821424825,98.35580472175504,29.41461820898293,160.84840162477357,0.00769118519590251,0.01508992416838981,0,0.008076184047358267,0.009316229131256288,0.003912170199884633,78.82588959404994,57.50878979676965,28.2522690838174
704.9627107467386,0.584664859850747,0.08694680553332283,0.08407641586584168,1.3891607539265622,0.014353817220897574,0.3043551185730952,0.6795622184802015,-4.0371930625020476e-05,0.076685147184236,0.7647253317030739,-0.0001559904345937443,91.88200662472768,31.457378356752532,182.9561741589286,0.007608116796770594,0.01501211425299223,0,0.002002393073497276,0.006247319377686055,0.005181566099241643,78.27773867843315,57.33960358618772,28.255468199251226
705.556263588994,0.5812660076467009,0.08644882245812163,0.08434178347359639,1.4360116039927102,0.014511162175982615,0.30473910085455597,0.6791022580398833,0.0031822245902747405,0.07335629118324619,0.8008364570365829,-0.0005542296297352327,97.86933811660336,30.504391438599015,177.98131700109482,0.007766629698874734,0.017333535163667046,0,0.006543473913945456,0.008593490106933863,0.0023873274367591144,86.1706499095152,57.57766922058766,28.707575000175225
706.1602908931716,0.5801974550287884,0.08634247394363964,0.08517949019753712,1.41397094976373,0.01423811577422952,0.3061571358522508,0.711772984239727,0.003431447997197241,0.0729439759301864,0.8379215360298019,-2.3246043688624327e-05,95.91808765204942,30.95437577667684,169.74982002521782,0.007680563696170192,0.017385867329403577,0,0.008948101712336738,0.010119322755977746,0.009811127848761786,84.91290603576535,48.73003601447736,21.710514932335077
706.7887586085009,0.5787049941125612,0.08672818059129309,0.08471504244028352,1.4472376640551232,0.014454339053133699,0.32187782947647114,0.7159669405902043,0.0035888477578094697,0.07383786759010137,0.8476442443182094,3.1061956170243046e-05,103.56205102664588,32.107359951028364,183.87805525191513,0.007977320182054345,0.016741252132637212,0,0.008891727606714693,0.01067084663031425,0.0038626531754759087,86.12364090957799,43.0790617525644,13.244269344826842
707.3962773999858,0.5779307949247677,0.0825977801006157,0.08384475240720381,1.4675340807868074,0.014351452778022758,0.30838357426101054,0.705638233671362,0.0035118618870454235,0.07336264802246685,0.8560383326455367,-0.0005935629493430776,99.23930441568606,29.300791090063445,160.66880809207922,0.00824325840688689,0.017301829346946216,0,0.008280417733020252,0.013049786566044075,0.0034735430632153526,85.00877342476622,37.33126524312083,12.608885896518892
707.9549153691673,0.5740461446666628,0.08331325765228872,0.08301868545052551,1.5180662765460593,0.014481436757558993,0.32498988979395865,0.723576739085613,0.0035102788257341533,0.07022500173266048,0.8842775277228595,-5.612142687771379e-05,96.05406887230906,32.07846262994808,166.80087080913162,0.007724637402767974,0.017601633411785347,0,-0.00022839848686432348,0.00035544122326089216,0.002077930900407158,85.45072165975074,35.564443986602924,13.61216717263546
708.6078234956483,0.5761890543486775,0.08369134509354437,0.08396752444673088,1.5514175142353464,0.014578108632918009,0.3248163241218905,0.7192895810884206,0.0001710308642758153,0.07034624006475078,0.896597902294515,-7.736109631984444e-05,97.24369664933437,30.9775985954146,179.88736424583053,0.007245174309786045,0.017813930390852363,0,0.006992055541330257,0.0009664142666177856,0.001931419990964172,85.655693062273,35.71404997368346,15.197323758452427
709.1909018759816,0.5765300412919973,0.08374322360211145,0.08373940618328458,1.5723229523542968,0.014511579086243656,0.30524742233778474,0.7109608940196313,0.00336412319904389,0.06964783381891047,0.9005240608112217,-0.0008592039167936875,103.9659453819272,30.638760301595152,157.40047954727433,0.007885245736590588,0.016486893157303967,0,0.008312845844303984,0.0007365088768538806,0.004195271364765851,86.34646826116919,29.217382115761655,15.444990264953718
709.7984206674665,0.5819642088436432,0.08359721147991184,0.08423396144102,1.5971941437601558,0.014368138734576092,0.30640521221400163,0.7139887823471905,0.006282103439755191,0.07035112909521771,0.8756834374500095,-0.0009724069867170544,102.85186840239804,31.425324020606308,150.00874305882834,0.00806408468114098,0.016500697523636972,0,0.003976122969146148,0.00384695801210799,0.004567508142992148,86.44375262064979,28.131224902157584,15.80331991844116
710.402447971644,0.581639022121583,0.08280843259870678,0.0844852487535304,1.5944057252551482,0.014901229955453742,0.32007552689830565,0.7272523497441308,0.0029954260564862938,0.06974320094260017,0.9019920244121871,0.0005581033366442816,101.4626827104422,31.231709707044356,168.45070376032135,0.006963319349030702,0.01484455958465207,0,0.0034733200916598006,0.0026670530063095076,0.0033297613566218324,85.9418743235546,29.207786397131464,13.644805874051173
710.9820348646699,0.5809021726438165,0.08344533232696683,0.08382213783543943,1.57041499335178,0.015049297340771579,0.32107176162119133,0.7151818206952177,0.0032533024951513587,0.07021307042139392,0.9438096290859708,0.0008293915410386348,101.41875958583574,32.100176642987414,147.5305800425042,0.006693456851809559,0.007501844493345365,0,0.00298659091814256,0.0068673477443604546,0.0034309658312931092,93.59968668385815,29.010966699286847,14.160093690531275
711.6209770419213,0.5840764244464448,0.0870148899794206,0.08370552559188636,1.5038132085766545,0.01494349435409236,0.32621498083203726,0.7203390286855503,0.0031758941589521265,0.06962689939412862,0.9254931915208386,-0.0005818470641084544,104.23486366163937,30.719844088389678,172.06770542660718,0.01074536178510562,0.010277882019774674,0,0.007226103348858716,0.0017128683251648254,0.008101072983212367,92.2781494983638,29.889009089584622,13.364798409488602
712.8325231375837,0.5803055716180797,0.08711087461702786,0.08393886692109949,1.4860194909869318,0.014841570542671982,0.3222063427282973,0.7253264378027396,0.0034837915451454847,0.06981841267248409,0.9090895720154313,-0.001009965187499173,106.35228307293261,31.413703757609905,170.26268202692776,0.010519264282486389,0.009821572979328765,0,0.00661507093483149,0.004921442505185504,0.0031476559879948093,93.0017924132429,35.59321184623852,15.37787097443228
713.4435334163761,0.58005607489569,0.08723226309749736,0.08383332431287416,1.064562895023412,0.015163105220955254,0.30056779690452384,0.6912620208971316,-6.1029730906740095e-05,0.07031218590210288,0.912380347453937,-0.0007922253320007076,110.52547495683012,31.369234366127102,157.9527250195176,0.011391227155954916,0.007300385126365569,0,0.01354457500467033,0.006465000333523968,0.0022070450635345525,93.3072091611107,35.3274850353709,14.199593178455208
714.0196288220945,0.5826253075297657,0.08609273155091086,0.08404496947583855,1.0520665325110454,0.014980750686559179,0.30371209852638165,0.7081746210297375,-0.00015983016414079933,0.06976849504820387,0.9291808206504001,-0.0008763635943867383,103.47742577384307,31.37163337929198,166.74889437609792,0.012125324832476391,0.008743400160339868,0,0.025127764996177162,0.0025771361647352383,0.003581832952327644,93.15912400144674,35.82279941319759,15.154974969174601
714.6550795120386,0.5863203442746415,0.08679750330351049,0.08446736107229837,0.9257794538561437,0.015304035336328868,0.32102739125770047,0.7303658356190935,0.002995669066801397,0.06948088046952894,0.9407790743909962,-0.0007384961901283778,99.91964892409383,30.722175838263272,184.1660113694464,0.011684682378948487,0.007853656343376541,0,0.023490560648029873,0.006497747060359254,0.00401069948777976,85.4323136493377,36.66476361263738,14.095478047147706
715.266089790831,0.5835501671002309,0.08656134401108195,0.08382508756402496,0.9275647411268738,0.01530408918167376,0.3225513855800458,0.7235083874661818,0.0032155894771147687,0.07033649804781385,0.9498867857469083,-0.0008709623844067705,103.72351917458724,30.614120127272116,175.82254684167114,0.012462498340475206,0.010592640251755261,0,0.0173788200482015,0.007500978366267746,0.001629091124511412,85.25255996752344,42.71505815884973,14.170638588894445
715.8736085823159,0.5848623788112635,0.08687613319684938,0.08524462954445548,0.9028062898241775,0.0153717401193869,0.3356417456554198,0.7185209413121242,0.003166336491648044,0.07001399561686868,0.9151918785503697,-0.0010646966143014126,98.98972164537572,32.2029842078816,165.33358578735132,0.012457704865003107,0.01040873685091884,0,0.01844806480817402,0.009780707165261497,0.0059490376059554645,86.35665971798564,42.32917624253838,15.475463474469397
716.2367232622838,0.5857424055058139,0.08245573248461982,0.0850145824491921,0.9479632708231545,0.015358855413619555,0.38592814455830593,0.7328285433998447,0.00018578405569027887,0.07002191815330665,0.8171370280217216,-0.000660985893688763,106.89609552368164,31.544619700877025,160.70684166966964,0.01132328276854975,0.010365869806351406,0,0.023620920801137896,0.007509554678179459,0.0028581020771737057,86.48534138871815,43.286563819039806,15.20664142152941
716.973427084142,0.5807992783188506,0.08689606189994788,0.0853157843816636,0.9425944590692273,0.015297100722561985,0.38660028503323696,0.7368056038473896,-1.6566911615961626e-05,0.0696633500403315,0.8137556332095328,-0.0007449892437819305,104.48615617019942,30.630138854261286,163.35530010540967,0.01187019998605082,0.011244758323904739,0,0.026443297780189355,0.008374754567260678,-0.0010126247895861943,85.31202453955517,48.864941685979794,22.07135378409782
717.6193522360082,0.5845703578664498,0.08348426791149889,0.08544377477489756,0.9519099635467579,0.014519378268275753,0.3360032737278034,0.7260907311614021,0.002827231930185466,0.07040368716060882,0.7677845654596758,-0.000976040538717868,107.8438053172938,32.615906968679724,157.75841129195757,0.012137672310573997,0.014638111472845055,0,0.025460784057946252,0.012503420789319247,0.005653289990002192,85.87963318339214,57.385844203964204,30.34877881203676
718.2094135909562,0.5853216707631247,0.08347563518473225,0.08503678307702855,0.8814149553984019,0.01454427788683635,0.38595557641578426,0.7389812161887002,0.0034892898839233937,0.07035301562048167,0.7750884203277422,-0.0005729419491723343,105.65762170130407,31.587143911118478,167.20489800670654,0.011687505115424024,0.014361003183894272,0,0.02583019269919271,0.011536338647446688,0.009186296867019782,86.28193586921707,57.002260791308856,28.696463053154428
718.7086962759122,0.5861268243679144,0.0835232514694824,0.08447004576473463,0.9763510918456533,0.01461701143489001,0.33497964004754893,0.7224396143811919,0.00319358653096832,0.07349434640015048,0.7446279583347337,-0.0005264885213885863,100.53419681130588,29.91804780979277,163.43936435445747,0.012429192800064317,0.01594493027810024,0,0.02373333943264529,0.007673419888816547,0.001237651701874204,86.17540924423427,57.18845387264524,27.975610373009207
719.396519275467,0.5854439478232246,0.08357531680583338,0.08451656401935845,0.9521084865016264,0.014775608285809497,0.3348737092656731,0.7244300871134461,0.0001436548288022215,0.07328309235072152,0.7277203870310441,0.0009321961119043098,99.77123589261669,30.74289400540374,171.36894476193714,0.011660927511476115,0.015252986970887323,0,0.03177045367988785,0.008994929622769012,0.0032609709306460942,85.267014413731,64.21793731172629,27.82153199990005
720.0110210415668,0.5951556006086005,0.08350873600830233,0.08475213203864038,0.9825178386203174,0.014837543695427606,0.3376639262277044,0.7492466075388415,0.003608680963023553,0.07325373694567876,0.71815630802296,0.000585554998991058,102.67821767888641,29.670558444472974,164.89474651590953,0.011684350477676844,0.015507838456927226,0,0.01787930907800847,0.014499477813056754,0.006803494489845803,92.90855737570158,70.60491395283628,37.17867148556493
720.6359972695886,0.58951339880134,0.08308407157186994,0.08448842098236249,1.009631718394684,0.014536227417687847,0.3177219840180472,0.7165411071244272,0.0032348199640946313,0.07350954638241991,0.7158417541455517,0.0008028719005232351,104.83751476997374,30.767441795149946,183.01850500130638,0.012009568198942533,0.016204881277353173,0,0.0232631906366889,0.007318565362165896,0.006173906970124171,92.76694796425537,71.42974998189112,34.776010415113014
721.1457544164668,0.5860413551495125,0.08001707418785793,0.08447538361592877,1.0339486542202634,0.0143424985089571,0.3218316052428751,0.7227055067029569,0.003116519562488813,0.07326640556673562,0.703955705899647,-0.0005024010353795029,107.23554526733002,31.06300542297881,164.30995589486434,0.011991046335560737,0.016193228261851458,0,0.02639135934134219,0.006766604300178267,0.0034685611029626725,91.73426499826826,72.71873186688258,35.81600848374191
721.819611466792,0.5941365737450186,0.08043992364991594,0.08391255158549202,1.0320069341211993,0.014264349690155373,0.3056498644985735,0.7031243740408937,0.0066321923764585304,0.07289486876073271,0.7265203766891798,-0.00052139162503418,109.60726366289643,30.848663656259724,177.52848173738852,0.011477469010069682,0.014956799505235076,0,0.02801036314444025,0.009030359485569319,0.004632281000899127,92.62826854742666,71.00927688366124,35.7726725651282
722.4341132328918,0.5937941649698898,0.08036949044314934,0.08356817001225608,1.028330098208509,0.014306562527990485,0.30838684143915257,0.6987419732325315,0.006807432899359259,0.07349533908500784,0.7261851033704889,-0.0013402713290134958,112.87650983298134,30.841554265129854,165.18396987522303,0.01160437577946822,0.015390741403651327,0,0.009393672871624969,0.011759542716579051,0.006077874943783411,93.056338796087,70.23953828057971,37.75404451347117
723.0695639228359,0.5859857092749733,0.07987257348127659,0.08326237696200177,1.0357731525962919,0.014391284926671891,0.27017819304819096,0.6929087553150175,0.009661627394577795,0.07335533120704218,0.7195949456341661,-0.0015201880904859636,113.81427449181263,31.097256855660497,161.11723030902323,0.012746528181321373,0.015575214091737346,0,0.014866357603036874,0.013000193491649364,0.012008725278512149,92.94587087601874,78.47335117251868,35.94879567963522
723.5758295824065,0.5872927485886748,0.08000754631230819,0.08324464683076378,0.972063665870505,0.013452808913705745,0.26558850156540403,0.6895479833451266,0.010031691429321853,0.07673405098701516,0.7298811994136064,-0.002073479871564659,112.19045797921095,30.271752095396103,175.37586392370778,0.01189413609178259,0.01388444833498939,0,0.00838440194628875,0.009200948747196628,0.004788923721238176,92.05324541168922,80.09890082028147,35.67066565027347
724.197314323121,0.5816874042731895,0.08041642610015291,0.08248964592024895,0.9847802861393821,0.013914387657926726,0.26694539972954556,0.6986227216993823,0.01012200981962155,0.07675591819080459,0.7418198435673119,-0.0017286945928015563,117.67083097522436,30.701654218675188,166.34829897216278,0.012036772970204168,0.013054706696255487,0,-0.0017811133646923683,0.01825383946785287,0.007392069692643679,93.20393567522434,78.80223695454919,36.373561720398804
724.8816458353684,0.5867451479462982,0.08067130422027953,0.0820721119036072,0.9905158658029225,0.013929813623851196,0.27034274029882,0.6991126273078928,0.010098022498383765,0.08050210389722033,0.7700035483748745,-0.0018416186979289902,114.10940462964966,32.515859102744116,171.19812760791788,0.013225990411356137,0.011758339270222126,0,0.010521028316875097,0.010552930492335922,0.005379682406949107,92.3109060280449,79.19718149258071,34.54062906716488
725.4647242157017,0.5828419253476869,0.08008439470430281,0.08194338503789347,0.9774359715110273,0.013638951624087877,0.298592477717976,0.677364489228904,0.010023866179142532,0.07967029595121125,0.791239495551484,-0.0019251227753475416,108.12435214759469,29.236115495136364,178.42624606820635,0.012693860309146836,0.009810851104732093,0,0.006223372678436507,0.010453831305789378,0.0064752262691542325,93.2031150868252,76.62023895128252,35.6477852256765
726.0722430071866,0.5785946797350725,0.08034688965975148,0.08171979392237888,0.9342803159453779,0.01396847599484796,0.3005252202904218,0.7086984691289084,0.009536820827485666,0.0801258861974099,0.8041245012001549,-0.0018859825075337306,106.15464561624549,30.86987038603207,169.29334352054937,0.013423484045861966,0.010200243570234293,0,0.0043169269686142205,0.009969347560827983,0.005018739679815495,91.37431770806127,78.80051206765354,34.88459255833769
726.6832532859789,0.582492583665278,0.0798801475456527,0.08221613372347046,0.9412293131056723,0.013776745440358677,0.3200751701870393,0.7081432788504111,0.009910369661839247,0.07977852862411838,0.8167871330049294,-0.001993292611686368,110.03452844134355,29.95726093361807,182.71321212969562,0.013608085893665267,0.010579199373015106,0,-0.003015075415853503,0.0071855422764012696,0.0052618687235819715,92.9759542289949,71.18248671930539,35.86523924601859
727.2802976155417,0.5789946519209809,0.08068264898803347,0.08171507369476089,0.9640303809695024,0.013937836015497388,0.3224282248073895,0.7019904278983329,0.00985754460024992,0.08037261052895976,0.858150665608628,-0.0013076943780635179,107.42388689380265,31.43885680668936,163.4586313177687,0.010690880201701546,0.011400828535018523,0,0.0009223697702239768,0.011386414679188722,0.0028195308563021956,92.49177205587957,70.10487995029224,37.20748810293881
727.9297142547153,0.5788343369369574,0.07982094825172667,0.08046240826053937,0.9707819375045532,0.0138930301890048,0.3209552255495231,0.7040803340259486,0.010229061022823513,0.07947660645221134,0.8451451450775778,-0.0018994033458881116,106.13913929655283,31.105545157358332,198.1768711439152,0.012963443015869611,0.013335640256012847,0,0.006804179761524802,-0.0016556495332968116,0.008002850796111828,92.68765446893761,70.97714881382264,35.967370600938615
728.5127926350485,0.579457947333096,0.07981569329540897,0.08025239430624025,0.9413387372193105,0.013967105086639463,0.3220873590936208,0.7001264710164654,0.003183404074836533,0.07961478229516526,0.8370793389904103,-0.001462077188162142,111.2089532859381,30.629632793132007,164.51348948268725,0.01355129779277566,0.013453635600779534,0,0.007195740841430103,0.01027542781142746,0.0020144723853004415,92.80622156969875,71.55589453503602,28.548129520870745
729.0365157311562,0.5769539899556168,0.07972596704116189,0.08063481303927698,1.0071101717570148,0.013751850071604671,0.3202490625435534,0.7117962578934354,0.0033121482344494095,0.08057065848178803,0.857890017553003,-0.00014917207677200148,104.94563820591577,31.383537808349303,161.0398782364533,0.015520755939884768,0.021867640146702953,0,-0.0006266142205052596,0.005693331044221726,0.0020246431386995675,92.621670938884,71.60800195950996,28.879436310962824
729.7138642687888,0.5770784808126957,0.07983377641388796,0.07968154312649671,0.9656131016053768,0.013667328734767623,0.3245073210557468,0.7115199724491651,0.003579483872838972,0.07983847997063594,0.8473823119561239,-1.296599825174118e-06,104.65993559704722,31.097170563850234,161.76682467833157,0.013109491580689159,0.0296104161530226,0,0.0013401884752803693,0.004060513238336141,0.005855297497299723,93.82377190927959,63.728480570817034,28.2649518625029
730.3213830602738,0.5760777802659803,0.08041510837269557,0.07961174499297896,1.0806402789605267,0.014007743005597446,0.3386422740423408,0.7327125096039089,0.003107356794317491,0.07635378832522785,0.8448766861937562,0.0004874285039859089,104.52609165746588,29.53706148697196,155.42471195571517,0.012668578186444289,0.03457402894338475,0,0.0007422869913496634,0.0034221365592301423,0.007288730521330394,93.65575788118305,63.95800445875621,27.854952027478845
730.9254103644514,0.5816003424116344,0.08021587273061932,0.07974132468200705,1.0682965388182288,0.014310389594352225,0.3403757222348246,0.7340854070670263,-8.17147991071237e-05,0.07637876035077522,0.821057411377206,0.00022569287345261608,107.42861017379948,30.125514200860135,155.63335680295512,0.01446389413882454,0.040064352134656485,0,0.0013478956463968614,0.00824712360223085,0.005602067500434665,92.97421085510113,65.17467622977249,21.547444646167854
731.5259461813215,0.5790190279171448,0.07971045443759876,0.07936129698108377,1.1050851344904202,0.0142482808022321,0.3336377067365424,0.7362428900941159,-2.680146019082395e-05,0.0766396438377047,0.8050208015785608,-3.926827413566022e-05,103.50578082590852,31.88096220550271,165.068256204296,0.01575116493431804,0.04014477881178404,0,-0.00034842941940107803,0.017220080502994863,0.005640486522889307,86.58726671227541,65.35112009042061,21.891941503613687
732.0531607647366,0.5806599071739912,0.07945983184052141,0.08008685865079102,1.094641143952902,0.014168240406117945,0.3409972385466914,0.7695364834889159,-1.4304503993735798e-05,0.07631216325998437,0.8366592549190299,-0.0006255690183429013,109.15951666537977,30.883765419875324,167.94283426941115,0.015327802577886802,0.040201732767278335,0,0.0030246943972550354,0.008872644583165511,0.00246343803847636,78.54794759585893,64.19541020294923,21.925076727040157
732.7235263277545,0.5806726205332562,0.07986071970035657,0.08013938781703407,1.132891591836554,0.01432325491035735,0.32744097412368084,0.7239046382872962,0.00019693285746066354,0.07282756837159624,0.7979053914920993,-0.0006040483244336898,107.57754253649269,31.50448188191477,171.6119031541903,0.015228509187377282,0.03995093976342802,0,0.00013087662917814604,0.006886751702096346,0.003110109351530118,79.06796917372225,64.22641132336639,14.661704785009723
733.3380280938542,0.5803290151147192,0.08068333275051909,0.08033649014249557,1.1276534291190257,0.013656293883043659,0.3304748902716306,0.7301119489616728,-0.00010182976451877623,0.0730768072043806,0.7843693520924747,-0.0004780101120265061,101.23364920007758,30.49075956580383,167.8644781235518,0.01652921894521831,0.03917746853984255,0,0.0013910979164035962,0.007847794025375894,-0.0015724018511662505,78.95499770443246,65.0730571096392,14.376671386189187
733.9455468853391,0.5804725512031209,0.08026286424946762,0.0802692110605398,1.1694335613748181,0.014030046002662066,0.34057633204983584,0.7541085636471503,-9.564518257579911e-05,0.07303653619879569,0.7969591558994595,-0.0006792135788160086,104.31076237165243,31.450389547730445,173.85282832529782,0.018504185005979466,0.0368126858831722,0,-0.0041948413157432436,0.007505314872254057,0.003658668055644477,78.15394949312325,64.37681961752224,14.228774218219256
734.570523113361,0.5847323873002628,0.07962460817017816,0.08027505569151666,1.1702223650213266,0.013786321702312278,0.3407722154650375,0.7322362332527345,0.0005259428564547555,0.06973192926968096,0.7841568854042257,0.0005717561135357413,97.42002962080223,32.24208307719117,159.85845450654352,0.0178031792029514,0.027510660442657226,0,-0.0011790820597057424,-0.0006468629239789235,-0.001307852261407217,78.23773548762023,58.04457281622295,15.086732814512391
735.1570929810016,0.5853102410358153,0.08051016954662837,0.07983335740197685,1.2354909293912424,0.013991710995620119,0.3672016318858326,0.7531054755692413,-0.000317228746050672,0.063126712590929,0.7839772612612831,0.0011054317132009343,90.89071564107876,31.982973616188673,171.92023177980136,0.018126423572295207,0.018309984407895923,0,0.0038607694370467916,0.005729255860192113,0.004324507219949485,72.1227329986868,56.84443955219265,15.787945501239792
735.7471543359496,0.5870413483924403,0.08067043524263307,0.08010052716156277,1.2431645451995903,0.013991586229617856,0.3520720552491128,0.7506927775548577,8.910919761927927e-05,0.06339283755659955,0.7575643669107931,-0.000601738536396765,87.05557621750583,30.137034335682515,162.64538522877078,0.018567529173789232,0.011321337231037974,0,0.002861160491834762,0.0012130092224901666,0.00363559001357856,71.22199890341763,56.318117044122204,14.102213535078077
736.3756220512788,0.5831816213190292,0.07992738907879113,0.0799457177122281,1.194650052526129,0.014210209646258711,0.36780478248792414,0.7605491752279236,0.00017904320507850953,0.06363348222600457,0.7500278666937579,0.0012489491215131238,93.74273584769327,30.829739260413415,180.3671835116407,0.018302030956495765,0.018497580452287336,0,0.0033973562961153647,0.0019173130549672577,0.0038476894804219215,71.82530903733475,57.540579825907955,13.243629541499676
736.9866323300712,0.5860178670755656,0.07998041281498561,0.08014703214886447,1.2096974029439584,0.015550380858014102,0.40767264094402766,0.7521465328287117,0.00022801478829518224,0.06378586951791745,0.7076437320604517,0.0032855196032123704,81.40608477585435,30.021649145950768,162.85419246292622,0.020606906815645705,0.01917718477629817,0,0.0025526340642525016,0.006734571512557019,0.0026582040657898683,71.76570192801137,50.09036625724185,13.799830990669356
737.601134096171,0.5812131270073232,0.08025834265445929,0.08295431377410158,1.6166751632360454,0.015530625022776528,0.40727819222503703,0.7511225183968554,-4.978768994137297e-05,0.06305856650575915,0.6652261910122992,0.003434643365626839,79.1620704645368,30.315450262308715,177.1782229399349,0.01809758620231501,0.012011179177740115,0,-0.0011762680055896915,0.004823545064425299,0.008693125898477155,72.01223528108905,43.65688292586088,13.442163090123405
738.1667550399673,0.5828459652614879,0.07981520562051075,0.08251581523922838,1.7681681372267313,0.014331737456774787,0.4105971529090743,0.7526943347614067,0.0003295469657633056,0.06318985133609605,0.6587571691814275,0.003085113249797081,79.30474944548584,30.62423967521766,164.62616706665318,0.017056761771847232,0.01727631730237262,0,0.00248571302049909,0.004407689943760561,0.0034443001582267264,72.22937632577555,35.80674868904594,14.91781510626915
738.8126801918335,0.5830421246972176,0.080153685010951,0.08235697506769,1.7993442468389726,0.01443722606222218,0.40828093882124333,0.7450139983284283,-8.683833390204106e-06,0.06370503139896984,0.6320956799853266,0.003032507916012951,81.02459794100025,29.872931586208654,166.2261980065214,0.016984534360398085,0.012900983931936151,0,-0.005819730737420929,0.005244445343797467,0.00821078077561006,71.95247725382926,28.854664965207185,6.633101653778449
739.4201989833183,0.5856890968200458,0.0795612145059792,0.08290097390927824,1.7982573571790983,0.014512197039643333,0.4065418763041938,0.7526507600157671,3.62320692245894e-05,0.0631868549734797,0.6386452232095374,0.0033641303072735325,77.55494730828138,30.79890671428859,184.41957193959658,0.01657702652930526,0.02130415256899964,0,0.0032473643141723075,0.002518800254536051,0.0019016930345029633,70.71189196901611,28.656709862692384,8.475422079721199
740.0312092621107,0.5847186887402701,0.08046133343488822,0.08279599479903313,1.7639187067536197,0.014578483563835754,0.4064608036934699,0.7492550759708524,8.788116864737309e-05,0.06380313139278862,0.616455212124632,0.0032086477404728924,78.30477832284672,30.941405811712606,177.77882084788016,0.012398192479974333,0.02346786883973698,0,0.0015817196118459017,-0.003557820199834501,0.006951719711825871,70.91501130523378,29.261957506285146,6.231274049408199
740.5409664089889,0.5800981218635305,0.08028464138011812,0.0817989368888274,1.7768360498929823,0.01435781330629448,0.39107324501729895,0.7402362323801225,0.0002831165766059661,0.06335358257131592,0.5955611833514003,0.0017420997369402835,79.22519373421746,30.841079527280023,159.1978389407411,0.009189739311057567,0.023523813633566103,0,-0.003121296319062399,-0.00022588331042299294,0.008825587090599517,70.79763864236855,28.621142518308517,7.266458563158277
741.1764170989329,0.5833450927244873,0.07985128330840774,0.08330490110586712,1.7663967341841798,0.014443807149583607,0.3519795251436638,0.7481587387371482,-0.00012050813265388517,0.06322858947660792,0.6055321723943349,0.00010496511632855112,92.68061458440803,29.05145818908254,185.1943552615433,0.007691753531458787,0.024865431489451438,0,-0.0023082569779776666,0.011182470461631053,0.003702219700722994,71.14000950683655,27.16754508198515,7.739056355130653
741.8363082000286,0.5854404530971669,0.08002119326172248,0.08324821661674757,1.7928374051342104,0.014512497787928385,0.3505129875905663,0.7424020277169922,0.00015833635866395335,0.06340121053229604,0.5941255416466548,0.0005508131350212475,91.04955578086896,30.814629925104946,153.5164567516993,0.005234232207942105,0.02432198834840489,0,0.0017805562199359045,0.012342926596043111,0.007703877593385191,71.61753849166381,28.556292550931072,6.244234737172601
742.447318478821,0.582254217212106,0.07966712525410126,0.08348387816253451,1.7810439410307046,0.013794360629260205,0.33516427111070984,0.7414300504159905,-0.00010364625903532141,0.06277937605280301,0.600579569916696,0.00020909868991391577,96.7890770775148,32.55496591428083,171.3065457845041,0.005027531041798412,0.02508925622866159,0,0.00161347976855692,0.002438123861749068,0.005393552232973582,70.91082404161611,29.12897077055084,9.26449517435529
743.0548372703058,0.587757812659024,0.08010894854794537,0.0829500478559934,1.8217296477680465,0.01427411999843578,0.3313026872424844,0.7464914774153524,0.00016615750141497215,0.07664946185056142,0.6341653338186998,-0.00024383586251327404,95.94694024308215,32.52823283470368,186.60445445130028,0.00565371715974322,0.02531859736510538,0,0.005817249645429668,0.0033629690553842787,0.008168378471735089,70.94886979843612,29.1271079849848,6.770140705158695
743.5506284679544,0.5844038638749112,0.08038819701331108,0.08271587012126892,1.7660149022368292,0.014324428120891805,0.33139738238730365,0.7151573688384893,0.00035249613205435714,0.07699444738329729,0.618939251441157,-0.00013172418992727313,98.6159094070977,30.486746815977035,181.61305604131044,0.006087114273201899,0.023511426092435735,0,0.0061871611796475495,-0.0032706061015006956,0.014568015318846286,71.20567592117774,27.535603533974584,6.728448260100399
744.2244855182797,0.5833407375152402,0.07967455420933071,0.08111900011113468,1.8300216397293378,0.014207593616936612,0.3206501312245067,0.7116334419535097,-0.00023789542951459244,0.07674941026423066,0.792503593593049,-9.783153514960697e-05,98.45460922854117,30.957533397614966,169.181889160123,0.005345418898314173,0.023730527879628625,0,0.005036500233389649,0.005724301958084821,0.005753419560084408,78.31235777977606,28.971552600600386,14.33975531615963
744.8354957970721,0.582663222342345,0.07948430689546528,0.07903882536491451,2.0064532754344526,0.014237262331935674,0.32256461720402624,0.7148725670766585,-1.1024885302856372e-05,0.07676961443058156,0.8111887317621324,-5.921756357751075e-05,103.77659375068001,32.73089491272271,166.34060752365843,0.005271023247333015,0.020216197136101084,0,0.0028421796894080023,0.0023610186277029793,0.0042745418194604645,78.44694192272831,37.014604157171895,21.337720987250584
745.4674549997087,0.5831159819022282,0.08041515003781652,0.07959507047062027,1.9820167024395186,0.014389121125056916,0.3207878617131193,0.7173943599876471,0.00994206042414619,0.07704052212336415,0.8500116337019874,-0.00022045360696801622,97.22911798141779,31.293711037768784,178.86529764278768,0.005383937418615762,0.021627980956904012,0,0.006151064306360648,0.013769664534969235,0.003924811993976606,78.9601274237586,43.049300058163794,21.770472600410464
746.0749737911935,0.5794799174935734,0.07985333431085868,0.07978636625241614,1.9998383143234921,0.01434881598875303,0.320415498732447,0.7149935836796601,0.00971488234996881,0.07629457930338102,0.8576997624894612,-0.00035711134840961004,97.55859566619482,29.78440045454647,172.94928956860974,0.005750591840600738,0.019093414761279112,0,0.0016747466242369837,0.0023625165266873754,0.0002428523400096064,78.75412631944909,43.50538005756327,21.300933542445385
746.6266287857603,0.5821197260864436,0.08315539363679895,0.08032021302669495,2.014111811328971,0.014474917587994175,0.2944418287501886,0.7028572779857457,0.009700025016708804,0.07648830842218046,0.8877173905704353,-0.0006663404766111087,96.82681540195674,32.15497083108478,166.68980956912478,0.005394500589686217,0.014587361004962827,0,0.005737531803131645,0.009939327943227627,0.004288964036946125,85.6794160079628,42.80444672636117,21.81083023651539
747.286519886856,0.5851557287533334,0.08296867813243118,0.08000328833661649,2.0479121524927377,0.014301603284748991,0.31856458088846057,0.7118629271216084,0.009899094671695216,0.07671679387153293,0.8970328170529136,-0.0008902738766672335,98.52328867662045,31.16557438072182,172.533964455003,0.0054080310604882826,0.014355738661232454,0,-0.010292160746885297,0.0025398623228627677,0.0051415213864233755,85.79418299251266,43.24108317592321,22.042013886004415
747.8975301656484,0.5767390347724606,0.08331487784096399,0.08004125634058633,1.9697003023813155,0.014381018038905721,0.3154022791875934,0.7053036558023812,0.010057936560160427,0.0768280062153025,0.9029381810749985,-0.0007411468912278244,81.23420903821544,31.09953433135055,165.70679622483564,0.005584255337639508,0.01414413134787099,0,0.003153208533003859,0.005864045884898527,0.0005993999691402698,85.47998615679452,42.36954396424442,23.194233321219954
748.501557469826,0.5842432519717075,0.08302681167972033,0.08159755579473248,1.9919353851610933,0.014003452476551286,0.2844778326492231,0.6930551366852918,0.010239686540597353,0.07927494282430067,0.8487027031869957,-0.0010437859108190586,98.19214872819477,31.373985812095377,173.88948998080465,0.005695744771758477,0.01091130028680889,0,0.0032989223704442635,0.0057456717794941905,0.006018546245783252,86.15306474847942,49.637953122808185,20.873219681641814
749.0601954390075,0.5746133058798096,0.08721864663210192,0.0808952318078509,2.002042154098387,0.014326805232599263,0.31936322131465494,0.7075104691657137,0.00969216716471144,0.09637695977310992,0.8591791050124146,-0.0009344972868392803,-83.91192181060975,31.8644777690288,165.43691756639333,0.0058734202856947,0.011064470755371179,0,0.0010328481471288328,0.00486870479977197,-0.00016872402937808794,84.57897035821865,49.3205295688144,22.770457771028788
749.7131035654885,0.5764910252164063,0.08638236231646212,0.08129214802607673,1.9689945235118205,0.014445508683918295,0.32114519343439124,0.7009527672302631,0.009989997444941248,0.09666607266128836,0.8425481041654953,-0.000716507211248328,-88.93827686603802,30.66056290574068,164.8978738448956,0.005405593033645921,0.01124311781589715,0,-0.0010444795853303658,-0.0012741673376437408,-0.00047402882696615575,86.2129104577088,49.181262147212266,26.2290317043668
750.3031649204365,0.578057840959701,0.08701040223300857,0.0826308594572206,1.9263816508646416,0.014260935863425606,0.2831766873812489,0.7084633470527155,0.01014297101081962,0.09660828743626464,0.835933487193043,-0.0008998352967421196,-100.20745657899961,29.64130575695339,179.5356996583697,0.004957545219257177,0.011721713829873475,0,0.0002968710979783665,0.0007409697310211223,0.005085955094852519,85.79617639943508,49.21003596260366,27.223230150727954
750.8059390926999,0.5749831082261339,0.08745898497039332,0.08338862872419817,1.8836484524123083,0.014209789135618501,0.3313060537138781,0.71093083513438,0.010294338119662488,0.09655996857716448,0.8631633458206371,-0.0008582496781861849,-98.10213946926993,30.387867537376135,174.4130904863927,0.005182231967910264,0.011013172223139552,0,0.0015555819521177816,0.0024641228271405605,0.005998345868624574,86.12417663442973,50.87011648968633,29.500248942817674
751.5182025034064,0.5754406074386229,0.08544367602281373,0.08466007441675837,1.9116757738214363,0.014273139283317816,0.28570758436065224,0.7059653541046217,0.00645062815558544,0.09643035961572452,0.8336867170777483,-0.0009024829604241831,-84.61337273780411,31.5312998936296,187.25864021193183,0.006948478462256488,0.011039091751453652,0,-0.004216913312273513,0.004577093711203214,0.00543771345067578,85.94724228713696,58.18345373571311,28.42357376618279
752.1117553456617,0.5775715019176303,0.08380580871169897,0.08386466586099416,1.902699023830479,0.01429255823220958,0.27438522906328566,0.6940780566478897,0.0068067431789837025,0.09618522273710238,0.8365624519641631,-0.0017783275673908061,-90.09886361872707,31.236556636644465,175.18272112435366,0.006161234983954,0.011880931417110484,0,-0.00015502804655555995,0.003024062674290638,0.002929869402732408,92.57365548056734,58.14192295498348,29.379654216021283
752.7157826498393,0.5764027487979761,0.08318316998270933,0.08390319697757068,1.9006860445176803,0.014377161981100079,0.27031799547390223,0.697802011201671,0.009650654866187896,0.08274204458624987,0.853286378732011,-0.0016936311941481077,96.57159631259812,32.68093366379296,170.17247062145697,0.006642763060564235,0.008968912377114268,0,-0.0018077281364511839,-0.0007896924239609439,0.00712563391635992,92.66246563343213,57.874130386466284,29.771560213911428
753.2464887205617,0.5752619616481293,0.08273353679409931,0.0852252413617264,1.8769403893973613,0.014230780484966728,0.28381756521923335,0.7190563881911579,0.006376088008950255,0.08326939373398728,0.840225637036878,-0.0017711720204045482,113.26767080409995,29.230252171404945,177.22339746183684,0.0069420116997347065,0.012494879880112929,0,0.001568324904449881,0.0026235504782674453,0.0066594264425609735,92.41229795599787,64.78811452471693,28.195050238695142
753.9133627962723,0.5799350324569116,0.08240293090584082,0.08410500817882235,1.895864190005828,0.014467760237244222,0.28360470093447787,0.7069811092794763,0.0031576190346862924,0.08304158427870777,0.8033896938815235,-0.0010415030568480428,95.4917909707138,32.72317935963363,169.8227954819164,0.005570834824676061,0.010122624829649244,0,0.00321086246096327,0.0029998376359106163,0.003742870473302779,92.76019096369497,64.29506309245937,27.395403704295397
754.5243730750647,0.5802390973996117,0.08349775220537713,0.08493073456244842,1.8905354878185971,0.014269646303813083,0.306891716576713,0.7228229302975219,0.003331846661187619,0.08318964229372289,0.819611330608938,-0.0008902979268807346,96.91255200721889,31.00715992786047,159.7771021449443,0.007043105682814209,0.009855209904528293,0,0.004535289868853015,0.0055092231892535475,0.0024588354638063583,92.8213442737944,63.936317745886406,26.861954768402065
755.1493493030865,0.5818817640231148,0.0836002131985989,0.08460686383569231,1.8687833897670145,0.014323072799381378,0.30595433728669175,0.7204208492606998,0.0031237075856474085,0.08324646847510923,0.7694585029488742,-0.000932886468807874,98.23768993006088,31.05559190179387,178.25699167999133,0.006968028927715001,0.008570225256106723,0,0.00025274492717830424,0.002956583241787853,0.00260563103164356,92.99277653714823,64.18494553532463,29.041475225596766
755.6556149626572,0.5806851762976077,0.08288167929709284,0.0837754076331441,1.8428107492818808,0.014836587545605937,0.30808553504174885,0.7076434843700634,0.003255795054018207,0.08342185592317584,0.7021874125981142,-0.0008685923507480804,107.05769589598448,30.8466248230858,176.1541560216589,0.0067093807590331705,0.009208120482644841,0,-0.0013060872220915063,0.00892337216144683,0.004105530992357973,93.36513164791035,64.24206223147381,27.484203362630232
756.3155060637529,0.5785626031074383,0.08331145811262237,0.0839156073699105,1.7526903495800792,0.015211752575451659,0.30917224890157674,0.7294821056797047,0.0033617499259590657,0.08381008006211188,0.6837031276706547,-0.0009271742018535862,105.57545299126215,31.35519045285042,174.9352662836075,0.0075515850127991216,0.010976650413744645,0,0.0064049624755697,0.0068678087671007765,0.0044099625859983045,92.22190535085666,72.39882443723555,29.22316382419494
756.9230248552378,0.5783756699877421,0.08294541489644783,0.08345087535239132,1.6250540896845893,0.014975757629704513,0.3110349196075976,0.7368179917858186,0.0034700875931872217,0.07956361654632807,0.6729526410954102,0.00035640102501086085,106.12724466637704,30.58059543138771,166.78301631331533,0.007557787341087241,0.008199057785728698,0,-0.00022388284015954513,0.003080786903371194,0.0019879778695520963,93.15039579752427,70.39513155576465,35.69030665787823
757.5305436467229,0.5797016692635062,0.08332208327458888,0.08314604519143978,1.49988802356131,0.014864313652302553,0.310199490689356,0.7274147793760146,0.0034717370598248564,0.08335771499240327,0.6579968356836812,-0.0006721306482477481,107.04014199575876,30.578041343222694,176.62112942195893,0.007523621838764917,0.011754581945882631,0,0.004943819098368623,0.010237925966408786,0.009594505589682115,93.33337586223423,71.73807340662347,34.61689233566213
758.0263348443715,0.5788138902370257,0.08302694112725781,0.0825920700064544,1.3338174213855325,0.015035364544467524,0.32437002595486997,0.7397417506866015,0.0035375053682982294,0.08010531581468415,0.6418801166760428,0.00037389656179084526,107.72756412281124,29.8898823153237,177.02151594961725,0.007470928150057085,0.008173410417318772,0,0.0046117030948010125,0.004341433989354127,0.0019242788496430206,92.51751695770345,71.58382992792887,36.04495110059373
758.7490727170001,0.5818035087457352,0.08720618351565111,0.08257190196510183,1.2359811140402266,0.014870824706634308,0.32249555078677994,0.7389717863972114,0.0030998432601948636,0.08045130246553037,0.6604017596136571,0.0004897327877718002,105.52182842522576,31.580085154947113,177.98261343823555,0.006242848396876779,0.007820769820965261,0,0.004132422468762818,0.0030538392957491296,0.00715850040330428,92.018473216652,79.96249542357056,42.19910380626298
759.3356425846408,0.5781475370064237,0.08633989714218702,0.08364831720580385,1.1260072798204979,0.015032289929143789,0.35011923608372564,0.7360484704345863,0.0032921589234061006,0.07980264036237279,0.641681910838713,0.000588075274810472,102.48399892986976,31.238913179049867,163.84705445764905,0.005840878871368545,0.008426753731608675,0,-0.004004376281136187,0.004254733386080319,0.005683371213890802,92.14308604747721,79.56765312844833,48.7425316665499
759.9431613761257,0.579899779120252,0.0868353277727079,0.08293845759398223,1.1174215194039234,0.014716776988504748,0.34946377808637835,0.762498174787973,9.402867063922228e-05,0.07996703727899909,0.6398954683429025,0.0005055163793273858,106.0660477970782,32.4513204614375,174.6164396993528,0.004679062815385746,0.006180785872528964,0,0.008001023351118075,0.003376893593608614,0.010197107360825082,92.25896190388718,79.19166860994973,50.129189246416665
760.4424440610817,0.5795253135219844,0.08661874265954952,0.083565838427399,1.0486680850994938,0.013905267226481215,0.353384478044665,0.7274535252677374,-5.871473999895985e-05,0.0797919924496401,0.6636592155037566,0.00035308314962716035,102.910554834325,30.778876042868966,174.39045472175985,0.005831285930906614,0.009806502248503707,0,0.00859796350064555,0.004994463465096003,0.007530690759622471,92.65161678158336,78.01137103783323,49.29718262872796
761.1372500352512,0.5835787611515295,0.08712732607103715,0.0829502834000595,1.0729025316488667,0.014542922524678899,0.34858497530827187,0.7631537468496598,0.00010351816500673195,0.07993480528074257,0.6664924983069093,0.0004950764712127272,100.70434515598046,31.229853913554223,179.4016821563308,0.006913989049950522,0.010083666612446866,0,0.0032145619985976285,0.005894290175844344,0.0022201272434387263,92.49069901820474,77.52655681675601,51.59866523947132
761.7517518013509,0.5856353469890275,0.08666585265531873,0.08290381283302921,1.0340550552511991,0.014428028684734513,0.3480997349922371,0.7544967161347101,-0.00012176309239093241,0.07989984082773646,0.6642543659251944,0.0006619661584335824,102.74316013335056,30.475436591498294,177.07574918001325,0.005778753030940651,0.010145935245503487,0,0.002556703765773861,0.002981815906954266,0.006225768680664566,92.4921871538251,78.41039532115056,56.79906162309168
762.3627620801433,0.5797336719187047,0.08654284792111441,0.08398283542926394,1.016480642252386,0.014191082153680697,0.3513714215207555,0.7331297808978529,0.00020461849768656218,0.08019195218171155,0.6735252133721437,0.00011937885823751066,107.60359588982863,31.83566794106542,159.02536864001615,0.0053442644265697245,0.006801989969693476,0,-0.004071085841437922,0.00824638894830446,0.010715329541873469,93.10078163604095,78.86067996467571,56.59347741424059
762.8550617904845,0.5833906593453886,0.08717774930359931,0.0834945233829467,1.0245617237576412,0.013961003578671046,0.3383736146073089,0.7319769675995103,-0.0002786557183556346,0.07962330231115057,0.7659704762260456,6.156796448740256e-05,102.54514324618023,33.19210809119666,170.2970019212703,0.005720338737215128,0.005809835086233148,0,0.0027004065079460444,0.0036715058287502046,0.006256063755428562,85.33191543087653,72.85094006942192,57.09234455981125
763.5463762773467,0.5856215217095577,0.08670914481078025,0.08422924142093148,1.0272692704061457,0.013971200915538724,0.3491915423527927,0.7587470319509524,0.0003267896247364375,0.07998062260717537,0.9192192108835976,0.00019157173441711246,104.2591488202819,30.902897590766308,156.38121084774286,0.005651766484223144,0.007331390739549334,0,0.007426523498450655,0.001135555704390326,0.004079976446727094,85.741675002652,71.31435856745912,56.68071765022238
764.1573865561389,0.5885150199992013,0.08617227747980698,0.08466741156020692,0.8424307218652322,0.0138764077518343,0.3424232959650971,0.7303490364968044,0.00010810355250430806,0.08054491265553504,0.8733930874077271,0.0002948684210387942,105.35367885583123,32.35895489348841,175.84682635056646,0.005912186030033631,0.0032142444724703343,0,0.006511829717928151,0.0035573888764548027,0.011680678812547779,85.35663124817252,79.27361840483347,56.83127181163564
764.7649053476239,0.582240901575242,0.08662686066719459,0.08444320254703501,0.7988018337819693,0.013890525771795597,0.3335027776707953,0.7052793145148318,0.00015375812693024132,0.07980328435873933,0.9017766374283338,0.000195588215245688,103.12077654156455,30.274114490434517,181.0695438501503,0.0058274709031148975,0.005532748159373416,0,0.0033547425742043047,0.007991546896421647,0.0020159648649756353,85.06178463395267,78.58725198995653,56.16885164798898
765.2606965452726,0.5829947946961952,0.08343036610369495,0.08464064657739927,0.7340603104789601,0.01378037433650048,0.3340535065520359,0.6951873568709134,0.00017448144669423188,0.07980120934150166,0.8919655462247205,9.873080578284745e-06,99.85977535332931,31.326167569375073,183.0921798761642,0.006323199661906283,0.0070262271376592775,0,0.0008945786363099249,0.009469841160918764,-0.0003940538103225943,85.64486584323406,71.22246969566231,56.64452181069687
765.9555025194421,0.5798620633766804,0.08045693257668912,0.08556153976790257,0.729387522463226,0.013930834825954492,0.3349390172804442,0.6995775446936684,-0.0002977550460379156,0.08026953142786061,0.9064062084537889,-4.2131669229322505e-05,112.0554838360324,31.240886814548706,164.8583174674859,0.0055356815423839726,0.006046696422017903,0,0.005204814633733597,-0.002531486078002893,0.0028514366496792103,86.11157480474597,72.2161136522018,57.14626675062647
766.5700042855418,0.5840732109301882,0.08036131435353239,0.08443813199816244,0.6955944691730308,0.013662249007639484,0.335512728772834,0.7077334655851033,0.0001161010177920863,0.07947190351163093,0.8982117506217898,-0.0005008326591094481,109.24963127649694,30.18239515824008,175.6697213635811,0.006561638407141351,0.006066373814149698,0,0.003675350118522708,0.005655766452073966,0.00017054278199926795,86.34399007748956,72.22092590486119,57.2479556857706
767.1949805135638,0.578364001932633,0.07935002286400898,0.08431713886172812,0.7410146378811593,0.013940890091206363,0.33461757116540597,0.7048534498361042,0.0003895354397784308,0.07991879690677788,0.8969014169731214,-0.0005441978383931778,110.34496769255085,31.15861575241751,183.81783858583083,0.005861317802738747,0.002461984771170291,0,0.00443751103946495,0.007152387076511809,0.0016148483134289563,85.66635962130407,69.8734636947714,50.87593703574239
767.7396525335157,0.5787611178842959,0.08029896766012502,0.08452175917472834,0.6973070867293468,0.01280648779201021,0.2874193808487301,0.6579288745647156,0.0037179196699335514,0.08016505020497185,0.8407470467436674,-0.0006146271069713267,107.62398519760531,31.51834500316635,194.45696417488776,0.00553179157933123,0.003108457699569445,0,0.010518990474323206,0.002516461830101749,0.0004180393282472725,85.54898466960105,71.53421481027914,50.23109411371897
768.1272076246354,0.5834040575455409,0.07974106390223644,0.0830703537779483,0.6852562745877879,0.013102228045197116,0.2872923516486448,0.6680704866162943,0.003275063610811327,0.07935160375821865,0.8365583994849073,-0.0005857975476853595,108.73935825788496,30.241004028141187,175.27828718088614,0.005320961745768595,0.008895755328277273,0,0.010670209018524602,0.003600740323677985,-0.0018327445586838022,85.16659192587137,72.00825662968043,49.49460518615031
768.5601520507511,0.5876222770887501,0.08067607936996618,0.08401091617296867,0.6735114720357845,0.01342724044005952,0.3136818568668816,0.6684479525121274,9.663420027497947e-05,0.0800573790560902,0.8381742392632894,-0.0008022624795653774,111.05353323821609,31.21471645420324,189.43127852502195,0.006503309834037534,0.009136687327612211,0,0.013653340977406751,0.004484124096879516,0.008731226838919186,85.32692619353843,71.1854098725573,49.083819341787866
769.3457366949127,0.5856852618721307,0.07935459346116812,0.08246980179827396,0.7198168329641165,0.013160556540784813,0.2920193541267126,0.6610120635292476,0.00036161859600021686,0.08015549282854185,0.8367160933146249,-0.0005428205551930122,111.52026412333066,32.22354360556302,183.7661619642511,0.0056976375138660185,0.01034694286275881,0,-0.002760642818717334,0.00290453915541987,0.0007672403575148135,85.96406444004015,78.5852973486615,50.35331712193796
769.9532554863977,0.5894609890788033,0.08052748179737071,0.08302119875165374,0.6783007183810171,0.013149757602842808,0.28998125030642957,0.6608497013429072,0.003529701219516999,0.08010746615188859,0.8495760330988349,-0.0006542491531449054,110.10418318192423,31.96995656307676,181.2120212511409,0.005417540997727427,0.00802018338060477,0,0.005742529957310299,0.0025276271711819976,0.0034555559245863367,85.68689768196975,71.0860595712242,50.88301097977071
770.3268446282877,0.5810129420267094,0.0793718832303854,0.08203989932062432,0.6403282805629028,0.013288302341914159,0.3032960232031812,0.6709407055561747,0.0030373626087794314,0.08032147670865587,0.8289422352094015,-0.000735597558556107,101.06456158250857,30.78922096235345,186.18063725409715,0.005360533052500162,0.010559388893665271,0,0.012206641304595818,0.004084136519741655,-0.0026111573672161497,85.95460849139435,71.94367434569133,49.294926183718495
771.0705314247607,0.5879160744952816,0.0829265561905182,0.08198473709627763,0.6568625894050529,0.01315727945182087,0.31133509693941375,0.6998618888750765,0.003405687209726454,0.08031055402749566,0.8344276781196478,-0.0006932239654002443,105.3830416732625,31.414477991388896,180.78956372024837,0.005374083568569862,0.008440736798140107,0,0.005289551376925414,0.011784702238398632,0.006341985227521564,92.02931838047415,70.48709022563963,49.611370509640885
771.7024906273973,0.5905214540405868,0.08309944201107204,0.08150144282472578,0.6497012305090665,0.013628235498950035,0.3172546652872747,0.7314653303116722,0.003045924225145116,0.08065170799940169,0.8425768607902214,-0.0006818284186842245,105.24026537760543,31.68841708783992,168.72544211716584,0.006126887983192089,0.006280069597749777,0,0.012757394440489279,0.005459744499649425,0.004013545214753546,92.83815687543179,70.57824645578998,49.28367364670437
772.3169923934971,0.5885217715683397,0.08302889277377314,0.08173773523052376,0.6918693197310727,0.013417062950448463,0.3112021800307425,0.6927775609509457,0.003416839744427058,0.0764001242041201,0.8244667912599212,-0.0006491462372306248,103.98355583044831,33.264938474055455,186.67952086353083,0.00609595101778728,0.007318107406015895,0,0.01147498785159331,0.006907866569069672,0.007089171670959256,93.35673445672957,71.92698973922356,48.64524521535532
772.9349856469041,0.5865030526466597,0.0845842377722353,0.0820370668952245,0.7064486910483053,0.013400943910412091,0.3009442255374424,0.6659305969719695,0.0002968794211716976,0.07671223577222185,0.7923261518470922,-0.000672948644047383,101.42516800058856,30.541296332756858,177.21950529478295,0.006785492598015272,0.005679182296586688,0,0.018266978739044343,0.006028095573214636,0.00025402660616007187,92.61103750929227,71.82269541018672,49.14784889880565
773.4656917176266,0.591022814393518,0.08351393171802832,0.08171945011489933,0.6896072252013458,0.013626123210693144,0.31353809527687737,0.7035135476164887,0.00021053153911824518,0.07306627635498653,0.8364843422597695,-0.0003137275016518275,99.13949733186864,31.276887024896308,187.03981177495868,0.006408878108321729,0.006053948375465975,0,0.0147349963112407,0.009996505822560712,0.00010528991174380822,93.08016477437967,71.94918781051956,49.73158021033262
774.1011424075706,0.5984934823393379,0.08344869479553811,0.08148475793427874,0.7420804358423606,0.013533398983741828,0.3145432525550616,0.7282651608091923,-7.269190049384529e-05,0.07360275561308562,0.8277016511269828,2.494880567904535e-05,100.77924640829255,32.06204124573544,202.16940213842759,0.006304959322700334,0.007156153823653872,0,0.021439796170665895,0.010604635363289417,0.00121913594024943,93.0437360470742,71.93848528484818,50.14985347784846
774.7715079705885,0.5958190653774924,0.08257782092767478,0.08300504207210546,0.769225832550664,0.01329898022502899,0.31383223495044504,0.6974986478824738,0.00013128619590229633,0.07300339054900035,0.8252562385736064,-0.00040132235388674377,96.91832212965919,31.467661629227457,178.56055245310463,0.006273929574447163,0.0057819889712468295,0,0.01734577591077479,0.010392335063603686,0.0026396476365182987,92.09297641715555,72.465241703923,50.34682925755267
775.3860097366882,0.588893253539234,0.0836891829984917,0.08304652277627321,0.7839863261462108,0.013507688540064419,0.31596797795726433,0.7345587383320562,-2.102986200263784e-05,0.07335185382912533,0.8434049065416487,-3.038951704138308e-05,94.86850268614845,31.239395058166767,174.62458733192273,0.006244681933016757,0.0051023031089574315,0,0.009928604370537393,0.01064609734338939,0.002283423415172442,93.87473276372305,70.69738448725903,50.30656060168504
775.7595988785783,0.5960423342024446,0.08359033324696329,0.08222631476196916,0.7739113719969268,0.013927031356303882,0.36128491435991816,0.7677327215161659,0.0001660235119956813,0.07316109066089127,0.8635147151572176,0.0006230320193364464,98.95092568283634,31.532249140161397,162.63433771249188,0.005659548859861684,0.005824034606850976,0,0.00991242377581238,0.007272237371717758,0.002452693742312462,92.48692206744126,72.70598936737379,49.95014649783305
776.4963027004366,0.5949108215710446,0.0797354664966761,0.08234025686265474,0.7931838862987988,0.013340223622942472,0.31940924457272996,0.7348059208167724,-0.00031225388992062967,0.0732510481559762,0.8471530246176878,-0.0008691521979290038,97.92043883161827,32.21888368705614,180.29049723488507,0.005333446680558168,0.006429038198918921,0,0.014939598595013407,0.008730987194400833,0.003122211677968557,93.30281620432002,71.64317294513057,50.65616584381016
777.1212789284583,0.5953625024690361,0.07912196756117981,0.08305044552776615,0.7743893415638368,0.014011561646998868,0.3621671136197468,0.7556565401274266,0.00026034115878043583,0.07298757044242349,0.8691734209340078,0.00038000668809471414,97.28478209527579,31.56203536483533,195.04287548152698,0.00588909212788013,0.005043060991429212,0,0.006315729721552893,0.011015187354404658,0.003458845007330032,93.29599355512173,70.90259457821348,50.829284922175724
777.7567296184023,0.5963353320402999,0.07984593147031024,0.08314338881090652,0.7667130886453251,0.01429734065198333,0.36099537541821364,0.7553754776416277,-6.206322157378183e-05,0.0735311239940593,0.8831607693318104,0.00029581092167047017,102.05909421838648,30.775037958434712,183.56559762813131,0.00697548017197521,0.00521100965215526,0,0.01158606253528296,0.011170911718649172,0.002156516034090174,92.5613442028669,71.44474909952393,49.90226870743891
778.224588917592,0.5923676729234515,0.0800919762454206,0.0832908597405591,0.8005033876234426,0.014254842089818847,0.34558766747052483,0.7245361556201844,-4.776542206683303e-05,0.07304649512565901,0.8656968233624294,0.0004727253429814052,96.71078107216208,30.46314563189866,193.55565641235097,0.006106887205074555,0.004604800791368482,0,0.007216723474761198,0.009210559250279374,0.0028800958065795636,93.7045560539335,72.1334285311243,49.54164289976337
778.9368523282984,0.5889669758419649,0.07941311205820102,0.08241296257843393,0.7479388891167936,0.01417706049638057,0.36334477265712284,0.7641429170439636,0.0002683955115565167,0.07356601060102408,0.866034887609151,0.0006657858569979907,92.74018138785519,31.40567537947136,181.67759477961206,0.005937784642367905,0.005515366296837142,0,0.018669464930530604,0.016767232147361717,0.009300843604437087,93.11585688807418,71.34237692589068,50.787955966309866
779.5513540943982,0.5943530348034991,0.07984215832276621,0.08197144665114323,0.7638653189674575,0.014208009873712847,0.3633674099085174,0.7566204473885368,0.0001195301826032726,0.0733163311994819,0.8922937318457023,0.0002582889774177261,97.01493694330863,30.191700147217986,171.07237282268383,0.0049300648545093145,0.004792573385071992,0,0.008291287421659545,0.006492208822669536,0.0033221209348646592,93.65468310752166,71.81850359002456,49.04376308265049
780.1693473478053,0.597806174244884,0.0800938546289829,0.08113257818035784,0.7594294214357077,0.014237720059486913,0.3612624701051058,0.7496101194751079,-0.0003106537705543947,0.07395825214616586,0.8656272056999934,0.0005421431781022656,97.51184031035646,30.175301566260213,190.12610199885245,0.00561179866815923,0.004019475538670162,0,0.005723429591636629,0.00398724833364994,0.00250390315657963,93.19048212107316,70.66577518341707,42.29289448121068
780.8013065504418,0.591269460297252,0.08049684939652998,0.08021949797189117,0.7880981952245011,0.014232302889510414,0.36283787958523567,0.7488357003432672,0.00029494681441809864,0.07628199945373504,0.876909501216585,0.000637220293152774,97.28975372703256,30.311301258623466,156.69008806074382,0.0060732670630204485,0.004876012533652377,0,0.006765404567541519,0.006245784215566218,0.005765185581780089,93.32502937367755,63.38772874480585,44.385209244417865
781.3913679053899,0.5861172273699523,0.07988443870550634,0.08011746135971116,0.8047482872652224,0.014380640447157509,0.36062647760340344,0.7515795246460424,-0.00016751826148048938,0.07704058584756161,0.8872543817366622,0.0003436496445635405,91.717727378155,30.995074650965396,182.25699681289476,0.0061754756974001105,0.01339343301795415,0,0.012773619631976055,0.004297375296097196,0.006094202722947655,93.74383357781586,64.9039897671099,42.8764470037136
781.9255654634197,0.5884700546990924,0.0801050530656351,0.07918588157633177,0.8193922842425205,0.014498812270560258,0.3495246064367586,0.7451307968060585,0.00014458407627100908,0.08002237032561324,0.9092300208169141,0.0006312268692029303,96.2039804007959,31.104205979241023,179.58792729852192,0.006433330156899235,0.01349257003422741,0,0.010813713292420694,0.0032822833394675196,0.004706971809097691,93.09396516965647,63.93383162212221,41.751659786810386
782.6029140010523,0.5911159486684143,0.08077003062493146,0.07918766728740462,0.8636634695268495,0.014419232103782556,0.34727591749902004,0.7483819974265165,-7.56744434559351e-05,0.08017335376354143,0.9132242479791887,0.0004910303556881527,92.98550164829096,31.287270764038105,183.56238751194897,0.0069691693398770925,0.01056961301544875,0,0.0021155180439003368,0.0004634123934068729,-0.0012061468270727887,92.14668240854424,63.05469963511111,36.494131338408536
783.2313817163816,0.6009121389776335,0.08004370474387697,0.07905932657599785,0.8370850088421624,0.014356131388268654,0.3487937861285899,0.7470493950370674,0.0004927684984269822,0.07995331602391194,0.8939166537025494,0.0004035553409022638,92.9889530405779,30.83906270609508,195.05366479951593,0.0070181653889938665,0.010542641100878674,0,0.006225917088964161,0.004227736880759737,0.0042273401310423606,93.11289590074664,63.93210990699077,35.918964767329165
783.8458834824813,0.6011452925305938,0.08047464923834802,0.07820354544628165,0.834034469357612,0.014205990182343501,0.33515340564877033,0.7337894527124488,0.003293592612022535,0.08008882423056973,0.8818218665650137,-0.00039953656744603355,107.40147015606675,30.753813380656926,190.86236863110622,0.007005579722726729,0.012786342479818687,0,0.008248560118223593,0.00971683084737872,0.0019664644351490243,92.11966058194928,65.05645095068647,35.716514637986265
784.3835725278186,0.5882830922374819,0.0803034076905825,0.07857709083411664,0.8062746191885208,0.014474076956150288,0.3523450958279993,0.7419722755006334,0.0032847124331234867,0.07999826339015732,0.9010337868153583,0.0004609519746296328,93.69873566496507,31.493333450172592,190.08472746411888,0.006827486815149797,0.01853594493413932,0,0.0029451436443130273,0.007848743307330106,0.007396552162213846,92.01324732191419,57.84074176657279,35.098517325935966
785.0155317304552,0.5976965036043216,0.07991763142179457,0.0790564735822679,0.9703730528923165,0.014480103612568379,0.3364714555800858,0.7504986406999772,0.006947406882895177,0.07958236622331025,0.8732595386256924,-0.00042653889945111045,111.048605446566,30.782306853057715,196.85770161049797,0.005179829647522793,0.013088446493624672,0,0.0005318811592732687,0.011616079969528632,0.0024075570241884553,93.33415931166957,58.49740123074264,35.02568255564129
785.6684398569362,0.599710837930107,0.08068034322439509,0.0786409814885199,0.9950501858394387,0.014525766283224903,0.33276933279223836,0.7571176009611722,0.006543847850125097,0.08017152782027875,0.8927158133790696,-0.0004693008037993941,112.7236850301388,30.85067923855094,171.43134353480647,0.006424696941830746,0.013301986530276168,0,0.006773162833432033,0.010204689159152389,0.004100260918731772,92.74198362804434,57.2457968446461,27.711409424601428
786.3038905468801,0.5989642709821493,0.08027499389304228,0.07855728658458369,1.0606776306825667,0.014581282594770772,0.3337881686188371,0.7536386119050079,0.009957866154986193,0.08017997386658843,0.9212412786748562,-0.00017647630518753357,109.13398101024347,31.376026596588325,176.47500992863772,0.006724390619499017,0.016452976286566237,0,0.0018453488512933781,0.003342096205930658,0.003791676507931721,93.24062771759739,49.964199389643504,21.607392749445903
786.9183923129799,0.5888169838983811,0.0798834596344665,0.08026437260459768,1.105619897877009,0.014609090461632477,0.3155296611252571,0.7499614457204161,0.009760996752630334,0.08017683018683859,0.9199587396825528,-0.00030587042470777044,111.2106622268314,30.251493322245633,179.13817208231865,0.006104639611870073,0.012847782606802726,0,-0.005188661953928951,0.004205704268894636,0.006232000002598936,92.62887787370532,51.12411686050082,21.332800804016575
787.4700473075467,0.5887054124354911,0.08356184612489055,0.07975622867259465,1.147094436630547,0.014180148578057538,0.31748262720520903,0.6810066933713941,0.009513412661063555,0.08032713090679436,0.903987991033741,-0.0005036396582595407,110.80431825391861,31.84067545491689,168.1727147085912,0.008684042481209723,0.015912735487192044,0,0.00944190181092724,0.007234298619254778,0.005076175653057294,93.46946708218148,50.211809092045556,14.609494297795896
788.1473958451794,0.5997932893703911,0.0869721746082719,0.08096704309425137,1.177501201876883,0.014630691035186808,0.3231344166109754,0.7489746164695645,0.006648044170052511,0.07981146325179894,0.926288309621919,0.00037854639669558144,99.00462665520526,31.83053490795313,179.14930428827142,0.00866352146977547,0.015283062244400602,0,-0.0032443652204021006,0.00656124931150276,0.002313035723786598,93.42707603989086,51.03623024820424,14.627185660249582
788.7479316620495,0.5989609613128182,0.08642510858762271,0.08077391504526628,1.215483961269537,0.014178241349605127,0.3189764557455616,0.6825539037692632,0.0065257122485594355,0.08040149885133242,0.9104668850429488,0.00029111268639873543,99.44672955656104,31.27616809336108,172.90736261854332,0.008291667325437438,0.014035086292631928,0,0.002620524538156162,0.0076749868635569984,0.00734730857759182,92.12262038579658,49.4494835118029,15.625479614629509
789.3763993773787,0.5851602944360046,0.0864164082204413,0.08070158977170241,1.2056783741362427,0.014069194793170923,0.3106938978367674,0.6813152470897568,0.006831961296509265,0.07990488507033791,0.8409744184762313,-0.0003275942272649582,107.78002905784588,31.50010375501665,178.42370363513905,0.009171221456534992,0.01861997836883135,0,0.005100844333396509,0.006122681512553823,0.004759681469116912,99.63929494563233,49.79764358478991,13.157240465279923
789.959477757712,0.5888005420852744,0.08652546150480099,0.08247241128610176,1.2325128975446527,0.014228668520127326,0.3153039323115815,0.6716945753008722,0.002878558771149359,0.07991591459953935,0.888880484491478,6.534562694035534e-05,97.28734815590215,30.229185013169246,183.79328576454031,0.009119912690841848,0.016817243311442114,0,-0.009342310209826427,0.0028263841283300514,0.005447416826046046,100.38881514687151,48.90313726963373,15.817992768099801
790.3365583869095,0.5970502381118394,0.08316197140181995,0.08302830996246782,1.2515967544063888,0.014198991881511785,0.31539551105590674,0.6861162803654409,0.004087345985273605,0.08041740894585139,0.8707829773270224,0.0003416406242812373,97.93290976034868,30.886719553434233,172.99246516357456,0.009532947889418298,0.012659115828322512,0,0.00036975264246444546,0.01088848606311096,0.004360908514961337,100.0070264324386,50.509635689554436,14.544215477242162
791.0732622087677,0.6018671460490892,0.08359910910706421,0.08478476051203734,1.2430831849036683,0.014442335081801637,0.31631171719716145,0.6807251182687831,-0.00028520511538711953,0.07975241737898903,0.9079449736145455,0.00012144355374113768,96.86020318994088,30.477066105305653,183.70257832995975,0.010161113949222438,0.008241167664543192,0,0.00281668930907543,0.002517367008823293,0.006381377638258148,99.46728129523453,49.365798251582085,22.001238624020548
791.7087128987117,0.586731416477714,0.08329769886412598,0.08479180597087121,1.2740175891710799,0.014228982082254728,0.3203965828887177,0.6775399832623042,7.466715708839518e-05,0.07983258368779052,0.8527935366209584,0.0011696971970643704,100.598346083189,31.87586248732349,192.94510728820418,0.011718416508920415,0.008456688119456492,0,0.008989786599911787,0.004883703352583646,-0.0018227455823360468,100.21775358502022,50.66158805291479,21.30401668473435
792.0857935279093,0.5869160009570116,0.08317545128145923,0.08560313860626888,1.3436751501511075,0.01434717004439662,0.32022338058371674,0.6800666313922304,0.0030300575472816185,0.07957638203429446,0.8248566470215488,7.32434609407767e-05,101.80416251318456,30.582314175436867,189.31435893834956,0.00960153979485434,0.00897116788732417,0,0.002928053112607481,0.013438812726229012,0.005448916217644503,99.84589274529867,57.41954884060737,21.405105366226827
792.8224973497674,0.5869419638194676,0.08342048953933831,0.08554408896292842,1.3521080068584566,0.014167569410711386,0.321581020527983,0.6816301347722257,-8.776094476362574e-05,0.08322177894006173,0.8410947325581095,0.0014497900540754816,100.06454318132373,31.50285834755748,182.0097700737705,0.010210522505312946,0.008206752492665857,0,0.004269823471034835,0.007385016809347019,0.0027700534303163006,99.73379754011283,65.20077826835279,28.82948827693546
793.4788969635557,0.5885020774682416,0.08302146923126628,0.0852317534910375,1.3816312113598956,0.014247288779898138,0.3631502252440831,0.6870201047980813,0.00016304718605177597,0.08278518560574327,0.8560196588394575,0.0011798812124069842,100.26621461537852,30.691874231834568,182.9709548190801,0.010053543549629068,0.00677466845874741,0,0.005541721968007483,0.006267186885127708,-0.0008904377817123862,101.61728102492577,64.5653030004929,34.50621466711911
794.0724498058112,0.6069706477986692,0.07991878754852742,0.08599981258807755,1.4231079200959125,0.01430602687455711,0.38036063913869034,0.7791771666365475,-0.0003179677668731571,0.08364613285243613,0.820952449607235,0.0008669209314351549,94.00349190756309,30.814911561941678,185.2030215644653,0.009811977294564858,0.006866592321241469,0,0.008374776210823024,0.005822071197655132,0.00564520401375646,100.79675665458024,63.319268006356445,35.06638597725276
794.6869515719109,0.6009134099757003,0.07985995933186132,0.08497710284730763,1.4314617363904039,0.014290643076410415,0.3851014478203147,0.766292222086012,4.762050128813466e-06,0.08351451429484175,0.8238578286649627,0.000916955879530738,91.01534727984638,30.997156860562576,193.44008425569174,0.008405665036699216,0.005725440952797312,0,0.00193057655017411,0.002879369606471877,0.0036910129658628372,100.67650688847776,70.45189656940889,37.288515682455845
795.2036916934037,0.5864015566007748,0.08039040558367867,0.08423860533182702,1.6045243403718177,0.014314387970346234,0.3812947345948597,0.7733627204736444,0.0032992941493629707,0.08369103153212851,0.8330483034744761,0.0008499176638973502,94.69340495436285,31.33619708074917,182.49488372096536,0.009903494824664096,0.005985246951898145,0,0.012645588019647538,0.005915927886597401,0.002828282597681922,99.70864795336495,70.67341582866997,36.28425089401005
795.9089721294955,0.5852242613663678,0.0797660534378949,0.0846237125496949,1.5473482711654452,0.01457342767753138,0.3826115875643583,0.7777331784851401,0.003442456954295643,0.08293432318553835,0.8317156192688101,0.0005466937247603435,92.5865821146537,31.84913689968569,191.49283852528256,0.008828464262614235,0.006422717958027854,0,0.011324424800052007,0.004099946533051754,0.007525329561259503,100.111413581449,78.81626727082444,33.97169672620316
796.2860527586931,0.5877810647294794,0.08011991096809233,0.08391157380014916,1.6658800891155727,0.01447830043082564,0.3626245805421059,0.7499094929094372,0.003724506805903754,0.07975713909921046,0.8329166386141922,0.0008718475272854388,93.12884591533899,30.765578623444945,190.0867166888838,0.008773140512761419,0.006144952864412727,0,0.016863434845039497,0.007718226842487035,0.003349587258329464,99.88804665803016,79.07484247807221,43.48896340790421
797.0437055043956,0.5856050079291847,0.08021379959052548,0.0847389496432986,1.7481852672740148,0.014546284269890927,0.36296578166600874,0.7667416651414805,0.0030287392331473264,0.08017422056249968,0.8367140420735857,0.0005940769995745731,97.04226334401937,30.98189491523427,183.8248198562767,0.009120117308861505,0.006450967025579804,0,0.009121896830550352,0.01283057750939675,0.004453747644352394,100.18252739726417,78.624917398877,41.51859448968359
797.6756647070322,0.5863993653877246,0.07992295803018663,0.0801390487938709,1.696697645475774,0.01450110944048164,0.35773933852048573,0.7464017078119246,0.0035943068032121255,0.07969521679152186,0.8059144165222416,0.0007825304546897795,98.23537448898112,30.220041001800404,187.41698839035308,0.008357652276940086,0.005077758630076038,0,0.016319875986921615,0.008219936087258278,0.003365518526135646,99.9507184788567,77.09376271214182,49.0199185491351
798.2901664731319,0.5860240537478796,0.0804363096884459,0.07989187353346826,1.9135089841530324,0.014745771141144531,0.37107420172963923,0.7619994367100742,0.00013865737098774696,0.07996831255995333,0.8427264927687342,0.0007448185818310018,97.80745810948177,29.965735116067844,178.17962542203054,0.008664890377018168,0.004716463950150184,0,0.011088643782879527,0.004753379144761804,0.002159118013682889,100.0213825339573,86.06138058018222,49.54644970172063
798.7650087469362,0.5854980733707199,0.07991746305070317,0.07919221842073533,1.9586854855264844,0.014726706704307264,0.3599835181239857,0.7399840490241384,0.00034284749485625744,0.0765457316249264,0.8570967806303561,0.000890687989854837,99.97252553209653,30.857434984063254,189.0298563269604,0.008486353722818061,0.00392706709613931,0,0.010976121326529267,0.006631352485933265,0.003342751339600134,100.02628646269898,85.56173387639525,49.196689556895414
799.4842551322574,0.5883163540860158,0.08057994545601178,0.0792719899962106,1.9712272589438016,0.0147034629533329,0.3614374087126647,0.7451112473901231,0.00021501109584191153,0.07630945896239005,0.8577895445845295,0.00097282452974704,97.87410599475535,30.052502053542913,197.82851120459782,0.008516400990958078,0.005548554215707137,0,0.013620823914961097,0.003531858965207621,0.004120963292775438,100.16740001735816,85.9390809053466,48.98273445501571
800.1301802841236,0.601851368027066,0.0799565984847645,0.07876979930540519,1.9877435713582392,0.014596858521863936,0.3525240790432306,0.7552689149612618,0.006715636670364074,0.07693901372471838,0.9047280510185096,0.0007950002056614614,96.7303841674569,31.347800399032643,180.29760142595987,0.008605540012954608,0.0058290928589402125,0,0.013461878561032434,0.005424679465827625,-0.0027600829594532335,100.92382811299227,84.87239890362157,49.23888915960758
800.7202416390717,0.5862399466501885,0.08300441893528387,0.07972897817344964,1.9848353945471788,0.014556715073516132,0.3460698969643998,0.7469069768303039,0.00012150942256347635,0.07635118649569396,0.855086051031793,0.0003075286231679525,97.82414253652492,31.029478362338484,178.31120512513272,0.0091203645966515,0.013343747976315415,0,0.007502754555993071,0.00714873310917874,0.0008678268215959349,99.71014331417217,84.20058409611595,50.24771785913738
801.2858625828679,0.5885115614522369,0.07958146092201342,0.07903811370530422,2.0166207964470844,0.014724430163699228,0.34593544992417913,0.7429989626479739,0.00039991794033027286,0.07671748884881315,0.9115198568041778,0.00011079245445865232,98.2480481337624,32.64501660904243,182.79174870012736,0.008986825496183407,0.012874782129971485,0,0.00920568078917484,0.0026962825376580513,-5.630589259983214e-06,99.94904823508652,85.801250720999,49.800166339696695
801.7816537805166,0.5857213741644751,0.08299842814070105,0.07874079052562485,1.9922049036222371,0.014876392685562543,0.34367319050110273,0.7487183230105585,0.00018522017679438373,0.07609704371257679,0.9310507188467783,1.9519239461751833e-05,95.7293065199185,30.219148658405015,183.56123480008827,0.008500924361184818,0.006536374950483079,0,0.006820213871905102,0.003504530571672843,0.0019374965098483275,99.96560678046725,85.37863717196069,49.577284561554336
802.5183576023747,0.5848443767455898,0.08292805009441874,0.08034518880481448,1.9799959485817022,0.014605779156385288,0.3298158277142385,0.7444673281692306,0.0034456432829680327,0.07004069448250805,0.9220801415957695,-3.0524759036173807e-05,102.39062108108078,31.259250232843666,175.757344968446,0.00875783431217591,0.006966709505595141,0,0.01343846379170317,0.0018305596156291903,0.007454599876212817,99.34582005761891,79.62135793748017,50.753698855482696
803.1503168050114,0.5843937303752667,0.08345871985043077,0.07928840069644975,1.9256364761406477,0.014640384529333736,0.3285365449627878,0.7332313599256395,0.002984929561407312,0.06997076074002687,0.947514736399184,0.00017713134289071915,105.7525175528076,30.751186826555195,173.76420941253457,0.006483243822975911,0.013469063708310497,0,0.010834847594135322,-0.004534593740099295,0.003666918088904754,100.69918086987317,77.77281736698814,49.636505336771194
803.7648185711112,0.5732110374820091,0.08334682088072067,0.08007607983102084,1.9439152280526508,0.014537485358609971,0.3275845127355701,0.7417830698232315,0.0033412344651003426,0.06986628247975918,0.9245610684229126,0.0003742178459965913,105.85297497089087,32.88058265714923,191.72431688639105,0.005324869492301295,0.009774860271587199,0,0.014235680718681172,0.0012432768132104495,0.0062806536942565435,99.92633763077046,78.90325543878019,43.133639639821716
804.2885416672189,0.585001069048709,0.08350225123105694,0.08054066876664336,1.8583038114126371,0.01431093103219396,0.3183062822234988,0.7302341194951566,0.0029163858871349485,0.06969355432764511,0.9006077723973827,7.746758033620048e-05,108.76297907756178,31.885062448421884,198.36060409717902,0.00565783820864856,0.008975292778588882,0,0.012969197638279029,0.005727884596946287,0.002359613431895108,100.60520590080614,78.2501899935072,42.71362242670423
805.0008050779253,0.5851040258183554,0.08321415453675593,0.08056581832712285,1.8808116699107535,0.014390920013899784,0.31433940888506146,0.7307822740065754,0.003275621534675544,0.07021320898429584,0.8966127684693778,-7.096119171615722e-05,108.3800374830848,30.230787250718596,192.77519353789165,0.006718721914485744,0.010297050954643939,0,0.006063152972571772,-0.0003278598097160206,-0.003262274864917,100.55972850446398,78.34418160087232,41.70680434707423
805.6013408947955,0.589071029940182,0.08331461559475947,0.0807302294218287,1.846315638055823,0.014460621915624377,0.32987210348542717,0.733117075575992,-0.00033606071182627935,0.0698233445490235,0.8916163401858956,6.793842095427915e-05,108.49443618482007,30.688442092096146,192.44036930319874,0.0065343473365811235,0.013710268199811323,0,0.014123507823452683,0.002511214562997065,0.007926458253141559,100.69517334762386,78.86620718775107,42.75028422927677
806.2158426608952,0.5874683508423183,0.0796468711601529,0.08138125241146416,1.842715810557115,0.014015929622520122,0.3168420153476351,0.7038905330049662,0.0034774615380305626,0.07036739579480922,0.8893144497463988,0.00013681995192784508,111.38960755387555,32.20715298218599,177.0963725218586,0.006407862770435482,0.01364715215909861,0,0.007148150960899908,-0.001809110081000871,0.0013119858878215436,100.6971577157711,78.12002844975804,41.71956305021906
806.7116338585438,0.5887799025338706,0.08360029364974585,0.08121053054707618,1.8515043089214902,0.014021117459030256,0.3286503566644353,0.7069465179755501,2.1355375852899464e-05,0.07006597763690005,0.8898637529546014,9.978986529909455e-05,104.55525540831347,32.717294601456416,190.40457440413437,0.005832332396117141,0.0138773312139756,0,0.0007426192140148561,0.00041167281721212964,-0.0027258098085716255,100.52075911686332,77.85967573816542,43.62436907390028
807.4169142946355,0.5856749144982966,0.08340601898862718,0.08220596872773175,1.7997954122938964,0.013989876149437157,0.32842019617067353,0.7018312246797253,0.00011710153882923716,0.0694079673010152,0.8766187877245327,0.00044165798392221066,105.32911306967841,31.088099857591203,191.68974335632916,0.005752766262211123,0.012150294060974579,0,0.009592275219997202,0.003241333119648501,0.0015993299081756467,99.88967116922777,77.85239642661367,42.94707016098796
808.0453820099648,0.5902955653321471,0.08346355985230203,0.08175473084872843,1.6501492427189293,0.013677457830766028,0.3336850242074524,0.7073639002591174,-0.00010926193170345572,0.07306092186108039,0.8584364078383665,0.0004468881923738934,109.2273717490234,30.75329736915116,182.99180817670094,0.005461715923874834,0.01126633116803201,0,0.012079201687647995,-0.0011157966027518034,-0.0018317012605474985,101.13886900203943,77.48648198387401,42.86060085831604
808.6633752633718,0.5873889935351211,0.07942473507945494,0.08237391747023283,1.533606016953855,0.0135804592964199,0.33046626916392374,0.6966672486082998,0.0001256074518594723,0.07352467217658329,0.8495674106560945,0.0004634152136147413,100.75878903619085,30.817030090429224,188.84769684684525,0.0064795508773128115,0.016540493140250325,0,-0.0014229724833755703,0.002983110256921666,-0.002001598569440202,100.07053465452368,80.34773513064772,42.16577435209537
809.1556749737131,0.5892197795341306,0.07957317005616033,0.08309607954654735,1.5421798035343601,0.013918522819548803,0.3266937148977824,0.7070032383238145,0.000278314883166325,0.07369024602684447,0.8649755247334568,0.0002924123394945151,101.64414999758858,31.12850239524492,196.28508176213091,0.005822083602533999,0.016916459154858864,0,0.004328615713667219,0.0010910373585553228,0.002320269961572194,99.50941057511297,78.23279278402265,42.53646314031604
809.8679383844195,0.5942113282346063,0.07987474806515012,0.08273748474881279,1.5314327101622964,0.014213009961024883,0.3179180108963368,0.7155178897699849,0.0035501519965737503,0.07334029682922652,0.8840918489143547,-2.569829892531847e-05,109.02806868270108,30.412996246724738,188.67605842530105,0.007223059266040538,0.01444701454224312,0,0.012431899707099972,0.0028546732593696207,0.0016949336321429394,100.25040176433663,78.10873904595431,42.79301889647205
810.4824401505192,0.5934720036518982,0.07997293093115676,0.08307737391242138,1.4333453417125217,0.014225735845691699,0.3286739662343693,0.7037447410858482,0.0002539271899093153,0.07316390046275208,0.8893087213505443,0.0006079433987104398,102.67632486158462,33.846017794696316,179.75468161209136,0.007419079547284423,0.01580823577242596,0,-0.004726483800195977,0.0008700189499765243,-0.001744360002504934,100.41350150812565,79.41884022567754,43.429363719291025
811.1213823277707,0.5915283832209222,0.08046151633115219,0.08321464201783643,1.3243377570629535,0.014873725654700548,0.3302985475284362,0.7233112571225375,0.003419726910036537,0.07323039105902304,0.8768041389959097,-0.00011823030355902919,115.5870796250706,31.949833713326807,199.48106843160213,0.008513497590229171,0.01631495776607492,0,0.004782341504085095,0.005445883972536501,0.005624315054869087,99.89304673983443,78.32008984323929,50.322598002106446
811.6032075761898,0.5885926931217061,0.08019550945361971,0.08303241286707178,1.3693423496895067,0.014362739812094497,0.3153652170300816,0.7040727601790293,0.0036594840983567916,0.07332196967613726,0.8604966325550544,-0.0006335061072242797,115.2064746265374,31.781019400180483,180.68149408076835,0.009249662323495715,0.014318122712026078,0,0.004247022695492763,0.0014549249466776712,0.006145379351848566,99.59571831292844,71.38278218301811,50.262656642436916
812.3329284234331,0.5855801415996899,0.0835839689142759,0.08285615247992295,1.2747341709349689,0.014150615895359394,0.31765173796584345,0.7007620275985338,0.006875035640454409,0.07340737146183449,0.8436986015997208,-0.0006918398081508042,114.95084933147027,31.132128294370577,196.76892800269718,0.009769375322384357,0.014468775936187036,0,0.005532848978996037,0.002758061854907255,0.0016556401155799186,100.19747526981645,70.40163236303674,49.636836657666564
812.9544131641477,0.5932882193779576,0.08712381633945517,0.08338475943910656,1.19667162405426,0.014265807100462132,0.31033543361473337,0.6980008938104533,0.0065712724283159265,0.0733724124773207,0.8294136564668619,-0.0005845291225525073,115.26910127477055,31.98203071796172,203.51126570343013,0.008504141773550208,0.014343305233868491,0,0.01582365806728895,0.0011237037213239745,0.0018874182367305994,99.65170293469956,79.25558885895396,50.2582717214779
813.5409830317883,0.5936664814958391,0.0868305488108697,0.08638706381531563,1.1699323068443963,0.014149403149916062,0.3078995805350434,0.7115712417229842,0.006683572645773343,0.07385784936357465,0.3340630032516743,-0.0006599499119881421,114.33891438040587,31.03925102578379,199.56818871615334,0.009530516504253544,0.013331919040878283,0,0.0022057476595546974,0.006020138755365054,0.003999449744640361,100.27526759527147,79.37429191554784,56.97345041159468
814.0332827421295,0.594969052061663,0.08642319563844854,0.0889334131831254,1.120434102829458,0.01436811781758558,0.2893399007340431,0.6927285467875375,0.006676905072742702,0.07263053529408382,0.28694694490643813,-0.00046889740596014004,117.34315771550712,33.45812870673511,196.12867916137787,0.01016757023951786,0.01422861660956452,0,-0.00017157971136768507,0.006996881243667629,0.010963936767370544,100.59781258529715,78.75642940913734,57.92007587735157
814.7630035893729,0.590889321474831,0.0864366801864705,0.08890746370329432,1.103528360520031,0.01415404458342631,0.30378070678686614,0.6882152081947737,0.003373099162942371,0.07333066789163005,0.2951413659283556,-0.0002938889556026085,102.19617995935278,32.42428781650012,193.97062978200353,0.009448856650285718,0.01485834719103573,0,0.006771822506381606,0.0067864831506073125,0.012353437990526036,99.44086238858844,77.31922552403401,58.32944041278681
815.3670308935505,0.5891323064102981,0.08683222240230318,0.09015306494802204,1.0747880808602623,0.013928341288423794,0.3029513949235788,0.6925423438155205,0.00668025830008239,0.07338706688745142,0.24933772440636093,-0.00024661635981061523,106.02941892050383,32.27427735939511,187.82551079656432,0.011906105978249962,0.012850734777984468,0,-0.0002757104896824649,0.012462131847232407,0.006596128691290405,100.26338967009343,78.25283755956133,57.82998746306502
816.4808153446062,0.5902647662038705,0.08644349412391575,0.09042753827746382,0.8891441964182408,0.013589448472121192,0.30499189169006724,0.6705676827594154,0.0034442487720695446,0.0726553489824241,0.22537502849749944,6.476496678684674e-05,98.7350743839677,30.693342166619406,197.37977634504048,0.010588106868329115,0.011522196017487732,0,0.001981195687696129,0.00627587500398817,0.014654438983492295,99.75948780216191,79.31937255410426,56.97703152513689
817.1895872680052,0.5838023978773372,0.0798247028524355,0.09120258960412936,0.8319950620277041,0.013088521405516465,0.29994005686246145,0.6523294792473382,0.00020516141040268111,0.0731540064681653,0.22980151790882122,0.0006519692935397113,94.6974608659127,32.34227973350375,186.7591911908029,0.010454329294818102,0.008090313157953239,0,0.014076789627346806,0.004066632161120625,0.007904538697022524,99.79575408760687,78.12050996431827,58.61978540155375
817.804089034105,0.5867200501468843,0.07967974638809547,0.0916028718546857,0.784314669786917,0.012690066316502789,0.3005205884671729,0.6448258454573669,0.0035862458594756704,0.07273184961488423,0.22166978615406355,0.0005254325910268298,90.37349907593043,31.164381089418562,178.82062094492775,0.00967378075305059,0.008121136971228108,0,0.0178510967925255,0.009216601024158479,0.013933731956863486,100.0356428776275,79.7584292212217,56.00500789265702
818.4220822875121,0.5900668626622058,0.07999235938292588,0.0914299309911533,0.7615806932715347,0.012569415172382815,0.30103614593092,0.6359629796434048,0.0035913461091493072,0.0729589311000064,0.2274486955180594,0.0005926656875980808,91.37934772115132,31.100816340609114,174.97798353537402,0.008961261960955995,0.008037576657404254,0,0.020962928026007136,0.005603162785875247,0.01544129842072969,99.68934409017714,78.92054423778183,57.45187196187138
818.9877032313084,0.5896825510246776,0.07770379414796995,0.09129911616673876,0.7835594096551949,0.012309101781364485,0.30793896093477885,0.632634016440197,-8.403023620559962e-05,0.07335330646585589,0.23740188504318552,0.0003989246989985066,83.24040853088684,33.83407090140435,195.53968297304533,0.008460702166628573,0.006110006891290757,0,0.022061335489897593,0.010733887632915306,0.006271010550314961,92.96241851544669,77.84436620087656,58.66429990968528
819.6545773070188,0.5892723046524045,0.07680129330914852,0.09130576536413372,0.7872558612745761,0.012353574586661866,0.3054634347376007,0.6181957388617478,0.00015708110253903236,0.07340379936245539,0.23549254947190984,0.0004149975370128645,90.96179690667871,32.53563712081999,205.796447122083,0.00787238967083164,0.005419854816814513,0,0.021618483693273106,0.012062034180403254,0.009754961044750408,92.47506339765452,77.40716188982141,48.92346422225916
820.2690790731186,0.5893407659278633,0.07683654803502313,0.0910664455814214,0.8205065849865413,0.01205087239985661,0.2922935460049736,0.6238735528694381,0.0034178568497155275,0.0733958316080217,0.2805584022401457,0.0005107393558178837,94.16190490883012,32.716189590760855,202.28702669373538,0.008736733766945897,0.00635323831214911,0,0.014113768836585355,0.007971762174617886,0.013469789064164154,92.17217566375494,70.7441856512168,49.26456869211121
820.8870723265258,0.5848304468967116,0.0731788211955775,0.08632786778855513,0.7802186828261897,0.011364841755349023,0.2796263176787094,0.6179151594078522,0.00339971353995678,0.0733005002925756,0.5318773976774509,0.0007710123389555718,92.51254103296777,32.7463852747007,189.41760543213803,0.00820548430360815,0.005639525113390514,0,0.02170843999869456,0.0010813819678954055,0.004640848245661456,92.16918185044432,71.71244380854525,49.4214187325215
821.4177783972482,0.5904923379831375,0.0736809255548484,0.08250970646739715,0.8236763736875917,0.011480964923749783,0.29674823397919,0.6241318544704961,0.00379102419380223,0.07979064053212981,0.6185614921210751,0.0005482307513935159,85.82348828294758,31.75896133550453,202.47605245920732,0.008977625403380481,0.006234132220143676,0,0.020899386088271986,0.007239467020175006,0.008778965921908466,86.2280207840068,72.32746906067945,44.67718233839065
822.0916354475735,0.5882878575005697,0.07659845408396294,0.08212624260760001,0.84088365383482,0.011182116309360333,0.27901201666322234,0.5878258419461824,0.003481878186442981,0.08017405236380512,0.6678097716570573,0.0004015840644887914,93.42771094195429,33.29559781841049,181.64340923621128,0.008187383809748044,0.006655752951526674,0,0.016610242022872816,0.009461616177733763,0.011795307264997541,85.60377969760629,72.79712799745532,35.64858193475032
822.7131201882879,0.5889950213841386,0.07679286749366991,0.08116207123825685,0.8418032976275958,0.010805393882318543,0.27575905946606366,0.6023688970925934,0.0034199082970597333,0.07965090675258038,0.6855965223729242,0.00043146798453994127,94.48259885574866,33.53561072431031,188.1497020633486,0.007791517902290351,0.0055334062966894216,0,0.020643936136951067,0.004894249216389595,0.009296595749820455,85.39462095536746,71.12317309218766,35.55540697587868
823.3241304670802,0.5869444335579191,0.07658452463612242,0.07937437576757915,0.8168997787520208,0.010699894027234562,0.27795406857764965,0.582405541356583,0.003392438159560249,0.08034473311129009,0.7201733596619729,0.0006387782855779295,89.5815741283862,32.72497152449995,194.70281606647964,0.008357339210286287,0.00835653986872039,0,0.010235528773979837,0.00043545151519504754,0.006640443820886233,85.46045453938032,70.92629787152761,36.03058965140402
823.8269046393436,0.5903734903347406,0.0768845735801114,0.07922853287793559,0.7907370518258623,0.010776869918195792,0.27886121203113373,0.581231178342482,0.003033763442264001,0.07974477678920572,0.8165515299531075,0.0004494206993183073,90.87412099624541,33.272975520450665,180.4647978131749,0.008323704576269355,0.008426513555468959,0,0.02192741173794387,-0.004693833790641296,0.002557523721752865,85.16147639134269,63.4693629866513,34.963788559192565
824.5321850754352,0.58771828012262,0.07665471538269326,0.07849727127045453,0.8086102319349342,0.010695355591115988,0.2824403849621258,0.5835309196803828,0.003774855586956993,0.08002392292311511,0.7908891097481803,0.0008130119389806063,90.30646380851412,32.388483667299106,203.57377809195825,0.007566488069815511,0.007961950332353905,0,0.015196541329846412,-0.0013622291016630833,0.0027758812873930894,85.50566718435708,64.72129930451588,34.16145607026027
825.1536698161498,0.5930021864624975,0.07749548273748982,0.07912472346448213,0.7581976069041158,0.011070684998815018,0.27796203652757967,0.5902455902010924,0.0035100035492419642,0.07980980037543799,0.8036283319224614,0.0010952350328471173,92.74600526056125,32.295946166034206,217.98049868465841,0.008093270720536878,0.007946346548512133,0,0.017274096804563186,0.002641048125044639,0.0011084213391262105,84.5150368482108,63.998034098771,36.56076943310467
825.7681715822496,0.591056482237719,0.07678684749280212,0.07921618182226153,0.6980665940094112,0.011083742181728676,0.2831727880798283,0.5997160070073817,0.0029693615073676837,0.07982773123086231,0.8254955042990164,0.0005911179669923505,92.29634666824988,33.51617643287631,202.21860080038024,0.008562426083554337,0.008713711859696773,0,0.015014207029325962,0.0060934259524754305,0.0016411990491864538,85.50456155437114,64.53864115990383,35.482293380247675
826.2569798052834,0.5891059999234984,0.07693619499353552,0.07924172754082835,0.6612762333980979,0.011443855025114592,0.316242628686106,0.6407347083813304,0.003007511840911547,0.07999930917808132,0.8582306848690698,0.0006926706247168111,92.94262571455894,31.539380405857408,200.54735133215806,0.008953038198995832,0.00783775208307965,0,0.0033040713128078057,0.0029864654977495198,-0.0005593657015531381,85.51752892474572,63.875745485438394,36.94427874828238
826.9692432159899,0.5893648979918829,0.07633878060233217,0.07836010921240683,0.647456433524658,0.011646799394191974,0.32041181011525627,0.6452868946507895,0.0035916703606651123,0.08017094659808466,0.8655846948202076,0.0007998550080363148,89.29358319281216,31.7756946674466,193.2223585188746,0.010064931394349455,0.008237069420246414,0,0.004407805729625102,-0.0019245595043772558,-0.0007563188716563276,85.13962323575664,63.58768001467473,36.22873045602582
827.587236469397,0.5947567160514013,0.07657318633604508,0.07769065504243179,0.6595018803189312,0.012171457308397039,0.3297414124781074,0.6671816435998776,0.0034445809436680873,0.08010228924024644,0.9243281358187823,0.0007513664892173002,93.50192317479281,33.13154781303743,198.98321342885203,0.010698824928728722,0.008963803513484516,0,0.006121488291993387,-0.0023806979628151386,0.0016046088082866923,85.82414297143356,65.39494094031348,35.679519975974436
828.2296701339558,0.588651258252382,0.07626136266372632,0.07807011914036599,0.6286233114549233,0.012384773843101498,0.3297488027560329,0.660643814613966,0.0035381483038431894,0.08018597121998809,0.944333976107709,0.0006805726828167663,92.1780251182016,34.183504098666205,198.97873125377177,0.012329680507924212,0.008458085898549524,0,0.007017010351561371,0.007149245500577974,0.0008051603875416746,85.24294616254159,65.04989653246028,35.82599263327208
828.7499017427562,0.5858397181283419,0.07729294951037569,0.07755661331372408,0.5976305695822334,0.012935861820234373,0.32687979986386256,0.6900489954233613,0.0036419336786001483,0.07623174653672675,0.9498082765606947,0.0006748615388617032,97.84204478610282,33.02012812963883,188.73088891440423,0.010244520618924613,0.00827729098927135,0,0.0018359825168367309,0.0023341767048371646,0.005405496172106654,85.93011678208461,64.93126390755886,35.062873832004875
829.4412162296182,0.5842769596660848,0.07673786405369369,0.07777090386353945,0.6054502009594127,0.012686482028088386,0.3310746581445174,0.6851367690733243,0.006827939133800359,0.07989720573190708,0.9388669912834288,0.0004266774886943312,87.52411659821746,32.67967387742718,199.51042278906758,0.010307635025271504,0.007235301006752362,0,-0.001478633860913913,0.0024480217607981748,0.00879212900641924,86.6582588839488,70.20091957361329,42.79015723985235
829.7938564476641,0.5899787346756078,0.07660572481661922,0.07747510192801432,0.5980217542804885,0.012911834673001932,0.32841064737092035,0.6863581952596016,0.0039191227332558256,0.07720493861925799,0.9310019668551103,0.00041259924189432026,94.85832617849252,33.953865189401064,199.23782402137343,0.012806614109130641,0.004181636275199385,0,-0.001982014315481195,0.00018125078088474487,5.843012123352403e-06,85.49034226665708,69.64183962118062,49.72077292147158
830.5550006806739,0.5905696798207716,0.07677152206198035,0.07508242380523908,0.5685140122372335,0.012954110140810889,0.33008240130567695,0.690901103204317,6.4971566521963e-05,0.07652321712013511,0.9058074402030771,0.0003448999256232788,94.1157383211036,31.842453008472017,194.41016892299342,0.012290447118716985,0.007851968395507789,0,0.009363796987939644,0.006528295564955256,0.003128644867760037,85.22556044134475,72.00169819169604,58.30006011982371
831.1625194721589,0.5816468038277769,0.07978442347620673,0.07538385742833541,0.6368105249578698,0.013142734981159618,0.3285013424201308,0.6912142462272195,0.0031584901854097938,0.07678389977540982,0.922200970586075,0.00029213086809386793,94.53646980145285,33.75745313232438,188.81311412601903,0.011907351323361164,0.007098208071288827,0,0.014271699738580088,0.00429520061834151,0.0005437924267776501,85.42138589567847,69.63362446389007,56.64264776321296
831.7735297509512,0.5787496979860209,0.07988025443751083,0.0744104177578177,0.6405647143491496,0.012585505068974141,0.3211511078859583,0.6854795794183313,6.946182402200493e-05,0.07681402758200236,0.8614979674192283,0.00035694293095254624,97.1195786233369,33.339315168863166,203.29022058496366,0.010253688864318463,0.006660909955007667,0,0.007677839744713496,0.006114733873377507,0.004408615787483418,85.93034023917829,70.48739573151722,58.601567721707326
832.307727308981,0.5842492338678883,0.08374032439708749,0.07526151380225675,0.6880761535561448,0.012588137024111533,0.3142693957261724,0.6639076827825013,0.00015014832341640397,0.07640935852775645,0.7889089251368241,0.000596832054190273,95.40646663074878,32.88390612935781,187.6811799343701,0.008752825603564877,0.006180712752430818,0,0.009972129410341313,0.004082421227432308,0.003774634347564139,92.78969298715802,71.71713648467153,57.50212979649783
832.9780928719989,0.5819672662239125,0.08321643993546027,0.07489671099085836,0.8121144085516122,0.012706036492088884,0.3276937848073431,0.6549544453112723,8.741043600552528e-05,0.07693859026747002,0.8050816679672395,0.0008558546081677802,89.45411552555206,34.16323129446956,195.41123344149142,0.007416076792566512,0.006148721022928592,0,0.005254852842767868,0.002051210036947147,0.0018286782719351773,93.02867260447283,72.83048757388211,57.11543318348824
833.6065605873282,0.5824924536024616,0.08298298616429138,0.0745903841216084,0.8301061545150105,0.012689020613795263,0.3008942107775286,0.6547727249199118,-6.683727953569746e-06,0.07604838835045333,0.813343932882037,0.0009761007308392426,84.80139865403467,34.89942415520537,193.1789873604882,0.00737344133472517,0.005483110440205893,0,0.0061609708088338,0.008589314008214628,0.005795097261839719,92.0769197474542,72.01317377200347,56.18878447345052
834.214079378813,0.582631901086046,0.08346414728827695,0.0748483033367757,0.8266956341310876,0.012290455895768175,0.2990536278931986,0.6264420842630799,0.00010368019788758458,0.07720941782670923,0.7858975116072934,0.0012815705934011476,87.37540029879386,34.00396051173838,197.43730490508617,0.0077872145869171275,0.007400229133305844,0,0.01321085522882974,0.007128401746267307,0.0003791951355869229,92.62367553732135,70.89863508641925,56.67501272888109
834.7063790891543,0.5837095332468394,0.08385130752871572,0.0747766908887519,0.8036312895467606,0.012164404755563128,0.29946420431341325,0.6270379874814812,3.816035863878343e-05,0.0769165142307431,0.7733618206328934,0.0011613014474114536,84.31797775845524,34.09391814601466,204.28553664253894,0.006961565508531165,0.007674148375176837,0,0.00958304271452712,0.00441062360068783,0.0018446398661944108,92.47149377737242,70.39641598847265,57.3410499297009
835.4116595252461,0.5969449251117199,0.08304752281606494,0.07559747400817249,0.8290094118660833,0.011456798592906181,0.2877948093956596,0.5977861885668231,0.0036115615546298634,0.07624643786288596,0.7598729992785771,0.001206678982591027,82.48980227311279,33.03561214096347,191.37967719057755,0.007093039611172983,0.0076081685354983395,0,0.008985088916069025,0.006251233192910368,0.0011187656225340344,92.96803253417708,72.33819521310834,57.223450021166144
836.0366357532679,0.5980612515459612,0.08322274911202328,0.07737349084980454,0.8196777226644018,0.01154096779244166,0.2930392310292663,0.5944398320792138,0.0033861753960487016,0.07733025507480615,0.7409366623270561,0.0013309678108976363,81.17722258451542,33.854251539582606,196.06639362784568,0.007125986319841958,0.007714839604308163,0,0.006945645118012985,0.004631593298866061,0.0015937278462517285,92.61964967152485,71.15825733132138,57.0700106290282
836.6476460320603,0.5852551646233615,0.08312490173998566,0.07875894976821336,0.80212373506923,0.011329819445260101,0.2980681036500267,0.5856476704878879,0.0032352172369567384,0.0764275720790601,0.7702709555306255,0.0023146084355023158,81.21021254369916,35.22908781137312,188.33839821731658,0.008023818144672647,0.008453175143000164,0,0.011021377580017346,0.010987895848595046,0.0025798348445512094,92.94714695993812,72.20193916485815,57.804231119393364
837.1364542550941,0.5882728236035282,0.0830346565964686,0.08230444613272829,0.7175740170572811,0.011209973460154437,0.2942133471425068,0.5810545268522794,0.0035476633787881505,0.07664104169858076,0.7401329584595234,0.0012235000085284045,86.00345765083217,33.56858815721981,204.34582807650744,0.007791538179010958,0.007854933932888924,0,0.012337250847722393,0.005629342263575514,-0.002429313113631721,93.00484692744605,71.59862867006473,56.61045861883091
837.852209153108,0.5952718113539213,0.08322269910352913,0.08187517838719799,0.7531930989930398,0.011174734634595453,0.3021926501789609,0.5869821516409903,0.0030781562113449614,0.07647865000443718,0.7478645942631889,0.0021649182974991534,81.30737090161443,33.0164970859316,193.7958213856967,0.008616723941110547,0.008245901490974296,0,0.00834177013350605,0.01572767272887357,0.0011909093865712888,92.47797241141743,71.32429639513511,57.24629327603474
838.5016257922815,0.5958726807416677,0.08361733319397625,0.08271499810354566,0.740325021985416,0.011189290856785992,0.30413851308819484,0.5861888065541146,0.003306004464751404,0.07697941496993654,0.7608693408864287,0.0019975289944627896,81.08271836019952,34.287685116620594,209.33152680186305,0.008393867810621986,0.008844788335028624,0,0.0026756449379939486,0.006667163752116355,0.001971173704067387,94.18296983111837,72.49164897548202,56.353759190634236
839.1161275583813,0.5847228547391622,0.08291257609346886,0.08255562718045742,0.6906752182171243,0.012016670171273296,0.3170569111765482,0.6309973065340362,0.0032586588696178016,0.0762317428414483,0.7888491478475118,0.0022217783945001415,86.26421571036435,33.9967327978488,198.51237477646688,0.009653408059036766,0.015994604860261812,0,0.008422090666491407,0.007659716080263059,0.005098665399114968,92.82169725622718,71.64758724858062,49.99181755999535
839.6607995783332,0.5855166696851355,0.07962758820415458,0.08293062687615975,0.7102404796007934,0.011817021559270566,0.2913312683576995,0.6129565084685228,0.003305567824980182,0.07640338766853669,0.7688271065362439,0.0011893077241315116,88.51073165968022,34.239087501763066,208.9506475679075,0.010322578452461836,0.024289916133310628,0,0.010891019850573176,0.008919536042240526,0.0049334844408146766,92.9802587692757,71.31172523373127,41.76604299740265
840.3241821667364,0.5865610427352359,0.08013164153539146,0.08300358521342353,0.6624285013966652,0.011571893650754858,0.2959696368225794,0.6142563913256153,0.003442521881152162,0.07674575533011739,0.7741851500702341,0.0011051303148003348,86.82960266949473,34.63881328465741,212.1119721888242,0.009698014594571019,0.024526337678821484,0,0.003678377701893377,0.0031245918587826673,0.0045040339030557935,92.43449994429547,65.32159894953949,42.81422563733526
840.9456669074508,0.5878294607656425,0.07308135760606464,0.08200009896114735,0.6357511715237796,0.011033605128829104,0.29471542882121565,0.5883946593416641,-0.0002832005832936197,0.07696441907565013,0.7782500541540461,0.0009690390945923422,91.24211900536442,32.44635044354526,209.06724875718388,0.010423544762787692,0.0243017577798175,0,0.006877092690420453,0.0024077321325663686,0.006647365462252882,99.4610688626636,64.16859753755911,43.40294282350176
841.5531856989357,0.5841440924667384,0.0729210430245226,0.08009637730270086,0.4850636712847406,0.010949793652936772,0.2943684838105018,0.5813748472023809,-9.261857082349281e-06,0.07633239504974325,0.7638213433890273,0.0006732633423679066,98.9399496727206,33.139707455567795,194.18425147637737,0.011281544567984563,0.023593263500330405,0,0.0008128619814778155,0.0046167511242589145,-0.0019519656795448782,99.8627383091152,64.01347242651362,35.515423502763916
842.1327725919616,0.5847837071658136,0.07355850602771209,0.08004050829801959,0.5090789769152865,0.010900007384707984,0.2872619624460359,0.5796837930255035,0.000138606702720214,0.07687726212559962,0.7603074080369283,0.000295462532162059,101.61360139421984,35.77610693355876,182.37833635010742,0.010203776721678878,0.023144733819996162,0,-0.0030444999464863598,0.005222221662385305,0.004462896685361155,99.16747303065871,64.2619784961275,36.18230760566929
842.7961551803647,0.5888620762482206,0.07293989901210426,0.08000908392334176,0.4723454886106984,0.010981698838729204,0.2848363975384762,0.5772364469013123,0.0003080889269035735,0.07676606579274928,0.7969787105668928,0.0002831887726373695,97.80194798719182,32.68388096376222,187.10310465346953,0.011692016952550156,0.024165362017375246,0,0.0011813414098664583,0.0012048240849940133,0.003548864851400246,99.59446851795079,56.90164500883396,35.66640349177036
843.4106569464644,0.5869177071912495,0.07345278010162624,0.07846270317583125,0.4797378312739558,0.011186795453197828,0.25740678204900097,0.5796212075414654,-0.00019852235267471842,0.07671133057402386,0.8412362954743021,5.8289928017101855e-05,96.26465471591622,35.903228112631716,200.59897500306337,0.010088797665673433,0.020522486287307618,0,0.0027197132570731504,0.0013228701433118902,0.0022005611947536435,100.05533086391705,57.509955622226975,35.50859579283281
844.0251587125641,0.5876161475403374,0.07370507933946543,0.07881546515493029,0.4880983806534219,0.011993749909011092,0.2882164150016959,0.6097296394518229,-7.496551976457558e-05,0.0771834136357769,0.8184185205725586,0.0007715553247605355,101.48797958873051,33.76893232354941,196.23275830621506,0.010429380178929954,0.02123163716354738,0,0.008404195911032732,0.003401038780684248,0.0008696349059312313,100.26119815717523,57.4974454259843,35.46160558045493
846.3819126450488,0.5855257912020957,0.07365146792332943,0.07434418098420363,0.45951335127573767,0.011783401316044714,0.2863978911400995,0.6036395509419087,0.0004144343267815463,0.07614335432614047,0.8615449896538383,0.0011298835340120906,98.89663490991104,33.182522000482216,202.0450029642207,0.010373801474026537,0.01647642161784528,0,0.00028583390601008996,0.006949888881911872,0.0029716050557731916,93.43377588801744,56.86149192047895,34.318588861980096
846.9964144111485,0.5878193331898858,0.07319375482984655,0.07473348664456861,0.49633903263992946,0.011838058527112191,0.28855477376880256,0.6098167686942965,-5.2385484852888606e-05,0.07732029967037947,0.8439318357624532,0.0011768585928406215,98.04241104539716,33.90546917031189,205.43024799230125,0.00944225628082647,0.017884757103494204,0,0.1760452719816174,0.014339613753185782,0.005504082401534501,92.15839817341728,56.50462207869545,34.73135800847828
847.4956970961045,0.5901699256342494,0.07378698919941318,0.07373091978671367,0.4999740736275065,0.011649171984283372,0.2588689273407714,0.5969417000348869,0.00012047988626631516,0.08027081783884987,0.8473950984359134,0.00012027129020359774,102.78486651507366,33.626991846027536,193.91667621370453,0.00924175519103703,0.015208852622596572,0,0.1770198295728708,0.003600473587110032,0.0009580551656437569,92.87905674816042,57.98464834436865,35.60446753010243
848.2009775321962,0.5892924442643499,0.07257474781710344,0.07403158792396813,0.4666006372815503,0.011818563074082807,0.2629604458535684,0.5955871269677131,0.00032631930182044623,0.07909540132219799,0.8545741178655157,0.0010682161108416177,97.49194924000228,34.0065301163759,197.5400400131393,0.008800013927630182,0.012887327819986145,0,0.1774613438681211,0.009805885187353106,-1.437725561786703e-05,93.18840142484177,57.41766060744523,35.33728383781188
848.8189707856034,0.5896114304902023,0.07332523794888222,0.07304240019005416,0.5241365885246223,0.011800230991566732,0.2857277746049329,0.5942015227794788,1.1597036876608562e-05,0.07944019525702682,0.8442167981603678,0.0017261784816440676,89.91432957165505,36.086298923348366,210.54547604571687,0.008458734461906217,0.012259265344752013,0,0.17866036661158963,0.00548549669351319,0.004016667691194034,92.92117208896589,57.54521364150199,36.029877077653154
849.4369640390105,0.5935771505274384,0.07352742724415101,0.07341101559392728,0.4568475001792266,0.011883480901014447,0.26948139166041013,0.5935222632547047,-1.3007137535803051e-05,0.07988914689116172,0.8462706973427897,0.0013935347787145966,105.07118230930439,34.64909102590334,202.46177435593643,0.007766867265254886,0.00868746495143796,0,0.17153796649511066,0.001850287203545663,0.0035862774093052604,93.02005578033295,56.00249237246426,36.868080605702055
849.9851275462698,0.588889774644106,0.07300079475792554,0.07273681552018532,0.46509729867896066,0.011728931885967,0.2840880897971591,0.6131405419575737,5.99361486654282e-05,0.08035108226925311,0.883658436890908,0.001964191858335075,88.56780177708158,34.83714653792635,190.53130162487258,0.00756920228175094,0.008084725296656891,0,0.17550303381930002,0.003951268307496719,0.002467835952219416,85.58481456478236,57.52194648186667,35.099939988502456
851.283960824617,0.5935900700735601,0.07679716475212042,0.07334422683250202,0.5199864522550766,0.011941128440319394,0.3272198262201785,0.6140868886409835,-0.00014678358673202407,0.07960881389580937,0.8859937785065595,0.0022797167439558876,85.11832011775849,33.56891285085737,209.9706379318125,0.008143065334844681,0.007024704426594426,0,0.17577505130480384,0.006568357741198811,0.005739755533878234,85.83987090226154,57.23347175574944,34.57465659181019
852.3977452756726,0.5940630955755684,0.07625124315447267,0.07413306948796568,0.4975911213947905,0.01199948188961767,0.2871056832890424,0.5863279014741466,0.00016133153253357108,0.08025936698937909,0.8848447569724868,0.001912054130872933,85.69017226504985,33.926043401478054,197.30584669320066,0.0070749342453194156,0.007024927685132688,0,0.19597932124993914,0.0026381676871333887,0.002651013120353165,85.37439403754708,57.550600071665706,36.33178015883499
853.0331959656166,0.5961910467195524,0.0769829741655667,0.07333826206205801,0.5459083232058859,0.011900024387045016,0.32843917798076355,0.6197344892248037,-0.00021405959962207812,0.07981714462199799,0.8727478725120512,0.002014041640358418,81.55963966314872,32.40026778969468,214.06139117266596,0.00804358315870319,0.0056844731956604486,0,0.18640181285934104,0.013463614729979137,0.003655854189845001,86.35646620571045,64.30758153299054,43.79985840353905
853.6546807063312,0.5936670117172573,0.08038712387353777,0.07348095000663675,0.5127904904175169,0.012012006093576182,0.2866266435341862,0.5903212122578103,-4.273053444131227e-05,0.08006889883089573,0.8788770357869156,0.0014885589296869245,84.84302144979553,33.71083252514834,200.39395845335864,0.006004674819413644,0.006504266071080069,0,0.1934513714799428,0.006501328761057281,0.007568779441703869,86.32501214965038,71.82011048360621,50.78436421013119
854.1539633912872,0.6077102676175754,0.08029919401090324,0.0787362691932259,0.5491089616917346,0.01180187924020024,0.272577582709398,0.5892755778971069,2.9214148861140884e-05,0.08067259846644709,0.8459548662547355,0.0014049328515954387,95.15803952906658,32.777246889275354,203.1680493757733,0.005763324522852128,0.0057336021232746,0,0.20207766913635655,0.006715275379292234,0.0035529993299221138,85.23639484197737,70.71025580369569,49.762409668981526
854.8662268019937,0.6091776371421804,0.08363267225335531,0.07996524772635463,0.5474352347367779,0.011825935213427915,0.2831672754465398,0.5826748738140163,4.6796526561621987e-05,0.08023853477561281,0.8339411419031875,0.0011108323002756426,87.07977063559437,33.28212587864882,214.7858476925154,0.005697488516742348,0.004971298303704746,0,0.20068835023449752,0.006423995920317386,0.000622968118137585,86.26693572129541,71.43439199947248,57.502371425040245
855.4877115427081,0.5937790279121,0.08310811321655645,0.08111423633767499,0.4795116038446255,0.011870320790753534,0.3283143240905316,0.612942031540239,4.031960668792115e-05,0.07958367389730851,0.8753256292438554,0.0015526129992064436,85.03729321856615,34.02125165829095,211.05597933666257,0.00591849697593724,0.007136211428782474,0,0.19434130991812382,0.007456235372166771,0.0028324022742351523,85.10433335882901,78.53733522731744,56.951963396707235
856.1266537199596,0.5943218492612945,0.08287059143171012,0.08201957143097595,0.5325487319775593,0.01173084281751401,0.283162118036423,0.5858039811441684,7.085719453552845e-05,0.07977999376365463,0.8447768429310769,0.0013215300798453344,86.16670084376166,33.26564545265163,216.7347233315239,0.005582324786316968,0.00808093362036803,0,0.20562485821044388,0.006606699119464172,-0.00038542901708878705,92.00593289403085,79.28757615092543,57.71538349855857
856.6084789683786,0.5935626663208826,0.08287490349327295,0.08143770557458041,0.48545337761012697,0.012055486652440679,0.3279148859573377,0.6150927544814296,0.0002897318300788843,0.0804493002311784,0.8782783733867933,0.0010168634659062001,87.78715753321728,32.50149527102935,216.81571262484528,0.005754764704508721,0.007181209006283897,0,0.19567307181898302,0.0002007191498966483,0.0024993085178234577,92.12772450036556,77.1182386044438,57.06017739833825
857.3277253536999,0.590542786522493,0.08347300501394846,0.08362920395716164,0.5311607493438549,0.011851839284255618,0.332600332651396,0.6184995394332962,0.00013259498236513882,0.07999638358648753,0.8512492368928029,0.001220558561200075,87.52060301849478,34.66251571056224,209.17132150603013,0.0055464558832684216,0.008492028083092039,0,0.0417134913907438,0.009607770477231296,0.005602026094883314,93.2140234497933,78.68075339326265,56.69701451458765
857.9282611705701,0.5924472862974923,0.08314349327107973,0.08389764266680502,0.4751377135043508,0.011672336142523918,0.32963987510262743,0.6415416763844386,0.0006581324593513732,0.07988006880820482,0.8523674227997061,0.0007942203322088978,92.27723078024266,34.449882289289484,203.02122667762754,0.005816201222297328,0.008655004302771661,0,0.04694923331276228,0.003463969624897591,-0.0020399459921238974,93.26048321408496,77.85999418850463,55.73811567326201
858.5427629366698,0.5896590007097695,0.08345736774666201,0.0835033254378205,0.49552601893385967,0.011739351694890779,0.3322548437205893,0.6344696536640466,0.00032399349059116666,0.07989166010463374,0.8311175078150805,0.0010019112270622038,87.65671821309529,33.97568516910703,205.01605235044738,0.006154539207557882,0.007643536575395779,0,0.0476909920514687,-0.0021981881395145945,0.009562708284472473,92.25866438694383,78.64541397690982,57.15904431581498
859.06299454547,0.5884387892223356,0.07978768686380604,0.08308114949974228,0.4906918438200807,0.012149140700063291,0.3316923420322394,0.6385318065854312,0.0032466450918600606,0.08005076696790762,0.8337218225066804,0.0008858088087853576,91.33056410085419,34.43891693623157,205.274912304283,0.009400136253338076,0.008645491214844805,0,0.04265517508043704,0.008633876640535557,0.0018011037841501694,92.2185387539851,78.44905298119278,59.398482769774034
859.7403430831026,0.5910073234282748,0.08332203739258125,0.08401742201822135,0.4811881112659627,0.012640326880260611,0.2875780557521021,0.6553870306643435,0.0033980792606803,0.07969171338109868,0.9009378993478475,0.00030550056070131833,96.99341227744631,35.38521482187892,211.99846998853704,0.009550422614133261,0.008449756574230955,0,0.036335243465559004,0.004869223868815495,0.006218917817389695,100.62464985425186,79.41482105973947,57.557931087290264
860.3583363365098,0.5889986536823976,0.08262866272549073,0.08434897528406538,0.4904754840784423,0.013091085402110052,0.29244096039707246,0.6882774080216879,0.009818414131781408,0.080437811061238,0.8804769928094763,0.00012794091370564925,101.5488986188635,34.177178824568145,209.03977084517265,0.009069647796765442,0.009355217307244992,0,0.039614388150584136,0.010745732328875133,0.004072092670902099,99.0057536906371,77.85971909254887,58.033281824088654
860.9972785137612,0.5884853940258699,0.08363660116292164,0.08457292512156528,0.5228316810739713,0.012926332176072116,0.2927307246171504,0.6869350471686061,0.009797664013442564,0.08009883506166071,0.8776737665272918,0.00016135030830395118,87.74489561481275,33.99759447822154,220.86978333895536,0.009249503896592189,0.00865998162829008,0,0.04277328112984168,0.007646686154900057,0.004465304876160041,100.60282699340647,78.61223091989436,57.76536624598717
861.4895782241025,0.5909069223564228,0.08343261705779127,0.0853286169445198,0.47313861575400823,0.01320956931559243,0.2873685744401196,0.7105841418962859,0.009504478536439124,0.07708776249119456,0.8553058763559701,0.0003668389056527916,98.89845346587273,35.557323543072854,215.40670144359834,0.009376803429403292,0.008801559165914885,0,0.01984151432869908,0.0023589579661950945,0.0036179900676812527,100.01668058750384,78.75733490468349,59.0503384072681
862.2053331221163,0.5907344410001996,0.08329783430323771,0.0844375923786386,0.4713433421591376,0.012964260205864036,0.2795380628358388,0.692052638138135,0.010106115017395648,0.07619912027244122,0.8310336564820001,-8.558235929468876e-05,103.51789186272177,33.718243484829344,219.63640603223055,0.008734360804674506,0.012678307423546847,0,0.007542379579560624,0.009827182083707734,0.003004587230168712,100.18916256044753,78.68322691592644,50.776340938801624
862.8268178628308,0.5883538089530588,0.0831141533687439,0.08436120985805368,0.47757549280260975,0.013178629030886572,0.28246284207618405,0.6910545935595787,0.009463838148280453,0.07704251723166229,0.8326171833997784,-0.002212003022489432,98.55236046712892,34.49603670460814,200.76085922554375,0.009144576689596244,0.01027741450283472,0,-0.0011379735893880683,0.004985122537457107,0.0029352751417229856,100.19231435611685,78.3375900501707,48.71723026455737
863.4378281416232,0.5869500456671162,0.08336199424047522,0.08517998467174437,0.47898161253273314,0.013185573106614487,0.2818059074998705,0.6863430311696663,0.010014340867186552,0.07701834688131072,0.7869019286136729,-0.0019725413654857727,107.742421369087,33.88506471812892,226.3042199292525,0.007584003764578293,0.010858942254089588,0,0.003685365531591161,0.0008419768332426445,0.00494797220651161,100.22164267020759,79.12764331593128,50.13842846123664
863.9510767758087,0.5865914939549133,0.08639007774144315,0.08501915938026115,0.4960430441507161,0.013277289983330656,0.27908495236403574,0.7160528775742522,0.01005288923265623,0.07647466440779176,0.7269051804674793,-0.0021738889130978626,108.55560941436536,34.69849409636505,213.58582429245612,0.007423089170593142,0.01178924087334045,0,0.0004992190551476655,0.006866884299054813,0.0077736870525983975,99.83736748712292,71.63825281289985,50.15048752656219
864.6493742372857,0.5861206080527588,0.08681360640967187,0.08538733462485576,0.4794696267574188,0.013430523128913744,0.27167653309385337,0.6865205677187116,0.009916181000717266,0.07660723055263212,0.7318408752763714,-0.0010033217600990613,107.62572784357963,35.15427849264844,227.1395447441596,0.007938909539932227,0.010082582783854665,0,0.01614558330118215,0.004850491474452998,0.00711718732383556,99.31978662927014,71.49060791973338,43.88273624593346
865.242927079541,0.5866153013148321,0.08684150525277817,0.08503538224652253,0.4803612352788767,0.013399247223885719,0.2625858528618485,0.6668875894874462,0.009947567911571427,0.07723015451137814,0.7039564558241439,-0.0020572296866021612,117.44053080159243,35.0778051306137,214.73532110701402,0.0073510745640574535,0.010978735564045938,0,0.009582600206684042,0.0034301537192938155,0.0033146483964547483,99.67026133711141,78.3858471413164,44.41791367940078
865.8574288456407,0.5870607862076416,0.08657444615496555,0.08608716251278004,0.436188423065669,0.01360045908912214,0.2596897335114061,0.6890364334887958,0.009904879458157531,0.07750226432392929,0.6949747676495249,-0.002178536133269796,118.90886295953979,34.94068541015343,215.16788144549633,0.005702201079582677,0.011060024165353254,0,0.004637060730971167,0.000569740964320652,0.0014583033427794877,99.82534542612882,78.29881454110937,42.727362781157325
866.3881349163631,0.5876583056028502,0.08677005717903638,0.08586019926589457,0.4360822720914331,0.013879487619655064,0.2751268845440758,0.6915217485885398,0.009749032747375264,0.0764586035769402,0.7154537227585801,-0.0011627839034175943,115.35895781638516,35.62042154962397,219.81947609897236,0.00614208249914069,0.014159937723700528,0,0.004409391748457707,0.0030962031964826913,0.0029590467037762924,100.0291999476064,71.02522399670788,34.67138499117653
867.1003983270697,0.5864753097267671,0.08592392383472179,0.08582717550572311,0.44854236496676286,0.013284433591773687,0.25788191120849485,0.6744337480841026,0.009984259336945887,0.07634437882906804,0.7011684785581145,-0.00105139540665312,117.9980165359404,36.4279521624648,203.2900509881894,0.007169773341451215,0.013850276476793481,0,0.0015576234015755256,0.001761906923578993,0.00485696289812996,100.02083129657869,70.93982858696586,35.22391453468564
867.7149000931694,0.5881190479151405,0.08628538858371781,0.08627804943745712,0.40573779026571183,0.013400037022969885,0.2599221469045999,0.665056179276026,0.009921616095136901,0.07969362895890586,0.7176666189585449,-0.0011731022108854296,118.91743830743489,34.75261134794985,228.33992038659014,0.006074644150914997,0.013516535413478014,0,0.0023523862074405107,0.006978962921739881,0.004873548975745192,100.92407180603311,79.2448601991867,34.75212894990419
868.3294018592691,0.5832144436566665,0.08643115493696489,0.08628552314734732,0.43834714265232,0.013254160807410695,0.2630236085787627,0.6752858630865493,0.00999401450973207,0.08020061071860271,0.7241337714107979,-0.001142635902357366,124.2089478939569,34.96162422926552,209.34104498157774,0.007148397180936405,0.013369711213148892,0,0.003821001857218146,0.0022967808175557596,0.006348172782280479,100.57294233069635,80.22797544475759,36.87305731836907
868.8531249553768,0.586888890557043,0.08698990256572334,0.08585189707630506,0.36509428742000066,0.013385248475773711,0.29190721041721207,0.7186490590386533,0.009767580907222689,0.07978580557300428,0.7304994064146583,-0.001178701059712051,116.55739715358384,35.59334748021015,217.81078741683703,0.005814856828334888,0.010548000435297104,0,0.0029163188063633916,0.012328594500439499,-0.0028411143799439748,93.34444826752367,71.50811818727466,28.285733507482657
869.5479309295463,0.5896330681176841,0.08727081242604454,0.08638280585139593,0.2951011687865443,0.013461170179575236,0.2947053905942058,0.7166156469554565,0.00980659406159513,0.08011807771748007,0.709830797926935,-0.0008780709787932137,116.36910675032688,35.46673867378266,215.5857106296325,0.006521487932228492,0.010357555080923082,0,0.006995095266377022,0.006777224543342078,0.005461002790150888,92.56635078175607,71.68591713888561,27.976417239220066
870.1554497210313,0.5863967672490837,0.08633849461812043,0.08550896838720429,0.23918732328663336,0.013377783551446979,0.2916586006459299,0.7240372973333321,0.0098493377640711,0.08016372290379394,0.7339275624041011,-0.0011670934946101793,105.23901463549572,35.91319210420544,214.19668110144877,0.006004294252307184,0.016579474941844145,0,0.008883373695772691,0.0014279231509609254,0.005606964227306626,92.22417031893585,79.32401773535153,29.498671364391942
870.7664599998236,0.5858519000992793,0.08645499418102072,0.08584748673538672,0.2402014426161931,0.013358684845800693,0.26447908573472345,0.6671680494289769,0.010087591769280663,0.08029271170981246,0.7462753493398078,-0.0014556033703278725,112.59134085483497,35.490448219277226,206.70477387963538,0.006436254210917235,0.030027154247464934,0,0.010848855239886442,0.0038878265963592285,0.00417321346010397,93.39035948752237,78.18876203006077,28.24903573717012
871.2482852482427,0.5825500622584586,0.07670459399068483,0.08572983562717303,0.23635778090737794,0.013019303976290383,0.2617326515457465,0.6672300286472239,0.009680378394238999,0.08043039038467341,0.8107214651622628,-0.0019550293910008767,113.35610698964184,34.4650966890401,215.24066597532948,0.006351287827553757,0.03018518532425753,0,0.0001878000496854,0.009064298709918036,0.0012719297127576396,85.01157536818845,70.89065918750698,29.637451687477764
871.9710231208713,0.5815884165517249,0.0768601900042591,0.08533392432366677,0.26402992608792314,0.013279580447609284,0.2915350580503629,0.7242432214586563,0.010262901579002255,0.08026053881330193,0.830436480416686,-0.0017138707611479968,106.92319203996236,33.18604415574289,216.5456671385366,0.006523374619506706,0.016297979828294777,0,0.0067719091307723404,0.004946790860817433,0.0014050470068286776,85.57000073980778,71.57483546454614,29.67434795681542
872.5925078615859,0.5827403320284846,0.07704398434838354,0.08425730452812057,0.24402593664411024,0.013054074981195578,0.2801414454430635,0.6442470995551456,0.003433638625282359,0.07991465659689768,0.8341931640052713,-0.0016216212652087486,107.17083634519952,35.02225196576794,232.23577469014674,0.005732567785834732,0.025850139845911373,0,0.007991365078179108,0.0034474094243903373,0.0009812415550435544,85.99743422943934,70.31276481087296,27.837174306431145
873.1895521911486,0.5810274403743663,0.07679566939315897,0.08516651993955891,0.2836703263257177,0.012704008716680877,0.2657756210188088,0.6393868499179687,0.003170352321762415,0.0795495701923682,0.8269850658906297,-0.0018735716609766847,113.21498906644287,35.93214375778737,211.35751579892673,0.005237650318976964,0.0104330534188528,0,0.007576661796413265,0.0010339894093742445,0.0009491056453265511,85.0034945421248,71.11049527755068,27.83222229677771
873.7551731349449,0.5684920828381114,0.07668711250833897,0.08454359994441737,0.23233057432791027,0.013024925495524952,0.2832404976600941,0.6613439090073349,0.0035452879372813886,0.07973031286658551,0.8554231291008674,-0.001782309632874259,112.34683281401564,36.127565930456264,198.97063188522077,0.0055814135576674195,0.01092619887551787,0,0.0017024106444951822,0.0019456426804097381,0.0014178839438186684,84.90550184771227,69.93036229601019,28.13715668919567
874.4080812614258,0.5720183539723235,0.07698002855482405,0.08284434609048841,0.23177806813745763,0.01321864200944048,0.2925038809885075,0.7027996244587821,8.928220972118165e-05,0.08016763090318964,0.8879209130061595,-0.0018297005776708058,110.03263516870858,34.77184721306869,218.3279659247907,0.00537504653080247,0.00909892972929715,0,0.009652854307081526,-0.0016296112117419326,0.0028595874500246593,86.18018186194948,72.65145066850894,29.363649706846928
875.0295660021403,0.5907709059228133,0.07666515251014616,0.08143261000163253,0.2605796267223114,0.013048298704026717,0.28027128443810556,0.6628733773055112,0.00017879644073447246,0.07706199520697005,0.8798067921324739,-0.0018089185179522313,104.63336970419225,33.954501387725514,214.159475444249,0.004690297666811861,0.007063040141333556,0,0.001991197875368689,0.00743011543267573,0.003671393820230929,85.71853153596201,62.427079562844284,27.502275074786454
875.5358316617111,0.5935097021889751,0.0763706367146533,0.08073208047969188,0.3069954369902844,0.013071955959905927,0.27850574125496436,0.6610034249734004,-0.0002252592403003472,0.07670490499828579,0.8976251726025085,-0.0015107222642673137,108.37582695527352,34.45577992850654,214.2469602563769,0.005193025361847001,0.007222747870460934,0,0.0031220351492719026,-0.0010328747728017592,0.0019604991778108057,85.33442603614964,63.272004473189085,27.311939285486798
876.0176569101302,0.5687285192443591,0.07644882744393688,0.08062618779936145,0.3310194846906938,0.012966157637088761,0.2799267583684867,0.6537199412977093,-1.408428371909469e-05,0.07651529761997368,0.8580788999926924,-0.0016730822553867636,107.81666160595394,36.478992143614434,209.80773542371784,0.005230545590633855,0.006392679237652437,0,-0.001127090581216953,0.00810971121458657,0.0014906121959991805,86.04834293727973,65.5357271226968,28.035836764723662
876.4471098489386,0.5945670502659737,0.07625280616769514,0.07988388875335257,0.4339328947337987,0.012993911183145527,0.2786626811098638,0.6634167970268403,0.0001380218915574683,0.07685426078881667,0.8673092868513839,-0.0014776219942231107,107.76962657645252,35.2997070228867,227.29272841099086,0.005737825242481295,0.004846170851394631,0,0.005777313777161653,0.010581522384097567,0.005373306441008682,85.89511874551137,63.677494046147366,28.62596608748146
877.2082540819484,0.5930092524466508,0.080518924836479,0.07716156472845026,0.7958526674044062,0.013255023967932395,0.30957641194272434,0.6997376760042024,0.00048274295064424614,0.0762301700954438,0.8784526051519429,-0.0007115984249212397,100.21293389046741,34.02176098100412,218.48176918181662,0.005481091592211635,0.0055833169886599626,0,0.009313635174979192,0.002943483931278929,-0.003221765452547526,85.7177933475956,64.66329240617594,28.433517747224826
877.840213284585,0.5920770761287749,0.07993506455858009,0.07754160646994915,0.809583816037472,0.014592801643452735,0.3147567857911415,0.739045399899499,0.00014435423936454887,0.0766029941521416,0.8713565779920046,-0.0007631817764679167,101.69058181310207,35.53578080565598,215.0827846257411,0.005849618171864039,0.003928495139127827,0,0.006780341907758659,0.0029029746800536033,0.003367643758445759,92.83466320449398,66.43429430115745,35.44161633120539
878.4686809999142,0.5984289819831831,0.07996537820401688,0.07816568108965871,0.9142216926602657,0.014617989359707257,0.31654963881578235,0.7326001247894579,0.0002482800187804466,0.07632688967839071,0.8444042423890035,-0.0006216505835774872,101.90930739006222,34.53319906609919,209.7941535607631,0.005871026642455649,0.007046062288368546,0,0.0011301401873641615,-0.0006224793018073343,-0.0007525859364503266,91.98762670999157,65.0632584122901,35.202316074955334
878.974946659485,0.6005187296295469,0.0800555123612452,0.07705673943602266,0.8757977226696095,0.01466907331541031,0.316433235919695,0.7447869320165135,-0.00018862703178177493,0.07677606830121136,0.8442622074928138,-0.0006953776213806977,103.41316311200347,35.12309279363143,211.30680005601178,0.0055645444277520354,0.008680046044530822,0,0.0067131019704463205,0.0015157445074659628,0.0025726466077568575,93.15549597371525,63.683131228954124,36.07272837092047
879.6208718113512,0.6003482725115868,0.08025062338040787,0.07750115161203827,0.925367808598159,0.014729869870532463,0.3176815570388998,0.7422771188182952,-3.2557344975527914e-05,0.08024706800562817,0.8598489593808044,-0.0006604112257410591,99.4658452104535,35.128794640537876,216.04417598387087,0.006473079190021359,0.009271877212641383,0,0.00978873731651054,0.00013675453751652716,0.005307274960072465,92.39349987152876,64.48765192867235,42.12957617632726
879.9979524405487,0.6025935104484736,0.08008133112142737,0.07748790030228506,0.9415604159933278,0.015284573319525515,0.3564306286500885,0.7538509130749582,-4.409775602484337e-05,0.07700936018787347,0.8057146410547517,0.0002446777923092592,99.61002591568972,35.44667947042895,223.1862583831412,0.006037997509286535,0.007420865122755141,0,0.006172184056068925,0.0028260428177020935,0.006417734501454143,92.85210319712338,65.57448022987792,43.24332118002324
880.7171988258701,0.604279525487489,0.08043782307864207,0.07747548760257732,0.9096976089153226,0.014670834151576691,0.3512831828799867,0.7567728270560276,2.5224926679786598e-05,0.0801951419239117,0.7932877366595757,4.1265275229531974e-05,98.29734163873795,35.920887034211006,212.50868048695358,0.006074831119706309,0.010985120972578644,0,0.007353830239999117,0.0024640900241790593,0.011797098529582465,92.73787296824686,64.6164624241906,43.0795107260379
881.3561410031214,0.5979463794681139,0.07990948889384407,0.07766218911445598,0.923225427175921,0.014974446823890306,0.3718402852226575,0.7760488867107275,0.00021984453179108924,0.0802193930364336,0.7737616754263937,0.0008324011487077076,97.59753618253959,36.130854863716536,231.33380898986243,0.006445466077678156,0.01040976110327284,0,0.006984352628746339,0.0026702116998090497,0.00717199688282357,92.76281406649237,64.90572527132771,49.5486611903824
881.9706427692212,0.5884830475525644,0.08050597256718797,0.07872941009519148,0.9289916381419762,0.014633789559602057,0.37634215813995864,0.7671656452448683,0.003119872059484487,0.08014459307875421,0.7754796001481652,0.0009563320844824942,94.2112445352864,35.13489123670977,220.38134909044018,0.006452032783354029,0.011887063073707729,0,0.006189233066445513,0.0009047732076153591,0.007618603177424406,92.6915445370483,71.52981189808797,50.211469472172915
882.4943658653289,0.6098843965456427,0.07979180969321019,0.0795539182068552,0.9333549945813217,0.01456890132866606,0.3756935200839751,0.7693917082012498,0.0032572879468412757,0.08034318019981831,0.7649745702414914,0.0008464397178712365,95.85643222115776,36.15600858205884,204.36273636085977,0.006576728466470869,0.01068530356066637,0,0.008601959940307161,0.005063338312386451,0.003964733880018099,92.70563933898042,72.04221172248616,50.43504091409749
883.1821888648835,0.5954446311101923,0.08051846615753329,0.07986872011365806,0.9683704268910953,0.014334076218049338,0.3530759997496522,0.7593888247347473,0.0031083405536569413,0.08020017195362321,0.7419576581483394,0.000661616428545609,93.2069295646669,34.83074322913874,217.40288236842255,0.006548471113837642,0.011355979168468743,0,0.014737104703759316,0.001296251283214314,0.005792435252811856,92.95663200367301,70.08142084385055,50.245429842829864
883.821131042135,0.5974119006068733,0.08024029589411825,0.08138341084822269,0.9743893165112155,0.014495136259631903,0.335778828749862,0.753607326573419,0.0032016638366329777,0.07977954913194353,0.7318489255515471,0.00046313328478344944,102.80145451125318,35.34646012844781,228.99173482024253,0.0066933465136941005,0.011355572462991204,0,0.006967853391272337,0.0013296230685082315,0.006055537168978595,92.66171144225392,71.24156830922368,49.604624529703905
884.4181753716979,0.5940324632902356,0.07974702808405718,0.08106880583069663,0.9734359571669108,0.0141454651448032,0.3000950525404637,0.7010589334405325,0.0033291414054968118,0.07985434048372754,0.7231951873274224,0.00017691140715138466,107.60193698687084,35.07343644278969,230.5130583286157,0.005561755113729894,0.011429457437596888,0,0.008367841193997303,0.0029249382721889833,0.007925111767381336,92.5904641789428,71.47811598575535,50.54465412947948
884.9314240058834,0.5919158413620335,0.07984933966439192,0.08064872319285919,0.9681431837012804,0.014133346563349667,0.29870463274306325,0.7046920001106418,0.0035284273861067536,0.07661600666975592,0.7314327633901337,0.00015207620944818098,105.66019394125976,35.38180228391085,214.74445890498862,0.0067760701739428796,0.011071266107159512,0,0.0016504409620257485,0.008951175154688506,0.005467513602008955,92.60401868189774,72.24460683278667,51.914701365548616
885.6227384927455,0.5960778133529956,0.08002416074267009,0.08106157182172198,0.9838117240888556,0.01411714291288065,0.29868641618695796,0.7044747657580757,0.0035077221366737305,0.07654412096575042,0.7705456373367108,-0.0009000628772315763,102.0837321600356,36.10911336006634,220.22971915476913,0.007451457360525586,0.008633254921809812,0,0.012015345317008099,0.010342882424095576,0.012003080812679427,93.04018377046576,71.19636692750458,50.387010042661984
886.2477147207675,0.5989449791144897,0.08026946089670511,0.08132750416504841,0.9811280195223081,0.014244512836209755,0.3335701687628564,0.7471030434643676,0.0033723851874043875,0.07626222379854246,0.7755670760050376,0.0003374688160165648,98.91298805103007,34.815367900279035,235.14122528134573,0.00702646449805145,0.008869833224777333,0,0.006918512812928333,0.005788012534840692,0.00805206574653553,93.46500248662697,71.58925798831118,50.50572769152753
886.8691994614819,0.5932958817687041,0.07959050561921784,0.08107668446205873,1.0605060604017837,0.014269321613412298,0.29951916469673084,0.7101458704592881,0.0035550030864498192,0.07675873242304197,0.7637341576016422,-0.0009483923291649906,104.25916045378995,33.79981757882406,204.17726535064156,0.007288232161898911,0.008650972031908488,0,0.006327097090253889,0.004526291079740273,0.009719742633902954,92.71341659302622,72.85441273960784,43.87576370704839
887.3754651210526,0.592957312097502,0.079918351703785,0.0812897368956371,1.1361977039545395,0.014524293674254302,0.3319213223031778,0.7507264141613507,0.003040740956222609,0.07649791679220427,0.8224259676805543,-0.00013851696365680183,101.84640295643811,34.55340601708212,219.82326367911182,0.007519020459438885,0.008301321485652173,0,0.009564631493277966,0.00018990759938542108,0.008462943469759244,93.15428542586423,71.31108340170806,42.33953731626744
888.0807455571444,0.5955278178535901,0.07960256586587611,0.08056299001328257,1.2923243370687478,0.014243202386401331,0.33454220694332537,0.7042701252011734,0.0032005386634658553,0.07741112682128588,0.8324741611872603,-0.00011245957005731854,102.67694113135686,34.284265890407866,210.18691467596398,0.007930599045361348,0.008454406859348484,0,0.010869259710567434,0.009033751355617778,0.01436243971618026,91.59895284620903,70.11814060974241,43.2727253855772
888.7161962470884,0.5985358735906525,0.0806079869498743,0.07947690506954082,1.2918470135041584,0.013668552179056409,0.30081389520912016,0.6868952183448719,0.003670020012817268,0.07645131495015384,0.8220656472326463,-0.000988566785128838,105.47136992093743,35.90454637144254,217.14645480498018,0.008062452880794622,0.006921081123996555,0,0.0033081835991058874,0.0015258418626115104,0.0058041256870120924,92.78614940001212,71.51793355926503,42.74851386753336
889.3341895004954,0.5922396114497098,0.0799597734475294,0.0792783250132789,1.283413343631862,0.013986527752859367,0.33227647289853907,0.6841888833486922,0.003541170355133249,0.07691371705858278,0.8696905979629042,-0.00017855383121972458,103.77957968872887,35.50858385178031,221.94714006989344,0.008132979496571824,0.009516545089492302,0,0.008295405644388618,0.015295780423857246,0.004633087501945404,92.97160544864981,70.82479478537502,36.014213462516246
889.8998104442918,0.5935290704396509,0.0794581235510421,0.07879844705263857,1.3474252604409953,0.013712837145262965,0.3338432085034078,0.6875256065828389,0.009740308577441443,0.07674280548305164,0.8778426044981115,-0.0009354729901482633,101.12456124966072,36.13918768537247,219.0090385484527,0.00970489482621798,0.006287970143841081,0,0.00538860992532721,-0.0008711016807473153,0.006396062624892909,92.20412355024376,64.85842312189605,28.672688832579908
890.5631930326949,0.5879285869744852,0.07980530849650885,0.07927106537897984,1.3041977122357555,0.01352172139206148,0.34679214118357304,0.687440432451371,0.009855420855867793,0.076659183007546,0.8813726243273163,-0.0010724256473868148,97.25101740423,34.297603779384886,211.67030009810463,0.008963792490157461,0.008067992365491388,0,0.003029582245780288,0.003715967706705725,0.006285025737372857,93.12219572451914,64.77709201801983,28.343423883075634
891.1602373622576,0.5887795441355362,0.08024450171594912,0.07908781930135812,1.3440096648502813,0.014740878414742082,0.3478149612594288,0.7751979842781447,0.010088758266813947,0.08024576481055933,0.9509906495298539,-0.00017753927492828814,97.82347817630432,34.70513568541969,215.1628799926144,0.008003385903724618,0.005980914787148863,0,0.0015780271262080163,0.004635038534581444,0.0049316141745774705,93.32795536259168,63.8673675771737,28.37001353021668
891.7921965648943,0.58750640619506,0.07989417819859679,0.07862205557270058,1.2803026365573844,0.014760690884912765,0.34617052169423584,0.7625656906985184,0.009681565473294155,0.08079938741902874,0.9392348023985977,-0.0002910105444153817,98.28270364013977,33.849474014439586,215.7074873074157,0.007686787144804441,0.010927001484798991,0,0.004305979788298545,0.0015963373104974522,0.0037084166589709646,93.34926488204991,65.40808120636245,27.932399200356677
892.3438515594611,0.5867332998684762,0.07961363942164824,0.0790984388296141,1.2694744626746994,0.01493843183485371,0.35585189574394926,0.7841356143143415,0.003034888791549708,0.07939046083911383,0.9473412990594511,-0.00028804266129389374,102.87256742255397,35.35476035971141,219.16778238800234,0.007481604916049302,0.009914251009571254,0,0.0016168451283360725,0.0006240953833306275,0.0002637395551278593,92.64767905853495,65.27873726224371,29.05687262888798
893.0212000970938,0.5877143563432677,0.07915834982822337,0.07910594576917154,1.2030330427419929,0.014646941013324657,0.3477048966809844,0.7593374499309299,0.0034283111947784294,0.07984246435327612,0.9534898799568159,-0.0008851970094884578,99.8019924205484,33.659633153946814,223.2194435012573,0.00781975677548138,0.010715419638153442,0,0.001680180633494859,0.008954171887585299,0.007602062323086852,93.17089631976106,62.85816846438987,28.28502543416457
893.6147529393492,0.5849122093369769,0.08012752733402896,0.07927422327238276,1.0868501487964375,0.014867559599370792,0.35268940022479145,0.7698076976937586,-8.594223710773221e-05,0.07997841856165748,0.9375924301873415,-0.0001544826475331817,102.31841404737295,34.76125423226462,225.55027529598289,0.007417313871893362,0.010750017455738836,0,0.007130594800501375,0.0040546995999312515,0.006467813231295727,93.06109705826691,65.58533039323169,28.644498863149032
894.2292547054489,0.5704311726123255,0.08022247148039716,0.0796491672650724,1.0164239328099463,0.014558676997593941,0.3497025527173525,0.7562429843529588,-0.00015232095713726396,0.0805499954924582,0.9390863496939529,-0.00052911071982382,98.2476024301688,35.594224247150606,215.86189170979327,0.007960920703518209,0.011033291097261089,0,0.004443548011244051,0.0065609909803123635,0.005357006608092534,92.53192121510345,65.18692063803014,21.340806013613896
894.7774182127082,0.5851697888067451,0.07999377603308071,0.07968968360889174,1.0370970416977727,0.014720985156555623,0.34443355197582937,0.7573971028605082,8.147275258248027e-05,0.0796744172818296,0.940417717038271,-0.0006801017485610476,101.22018635984759,35.38184280792813,222.34356452208775,0.00692030614305869,0.01193482624002594,0,0.006082899176565948,0.00864823759741333,0.008694698881246275,92.43150175566528,64.28862809191831,21.615492204309042
895.4512752630335,0.5867360235904299,0.07993843804556151,0.078632761876158,0.9662108179512192,0.014555313484517742,0.3439451636654419,0.7589508390723526,0.00013521613544509786,0.07963051383441512,0.9412817717276641,-0.0006408012721228579,102.66123568105891,35.36093224178378,204.4944362120194,0.009179490942083531,0.011889265707156312,0,0.005390324449181955,0.007835467334158283,0.0028049126145769333,93.19087301755725,62.29754329298736,21.68370665633287
896.0937089275923,0.5873827954246014,0.07976443690182305,0.07893009518574501,0.9957153665758594,0.013195874061938912,0.3475202896464512,0.7213134600022515,0.00026061913128349955,0.07978004496041732,0.861466935121178,-0.0007744874531462473,99.64834315175368,35.711155711491905,222.53724271114893,0.00620838638223995,0.010836082788029546,0,-0.000957822382260571,0.008869653415167138,0.0059106388658927145,100.43810306568622,64.22114468677475,22.075379861954783
896.6837702825403,0.5840502073954247,0.08038925668370075,0.07931084135811022,0.9954248816640223,0.013360685623589259,0.34045507944429676,0.7226830362408352,0.00017892283837345587,0.07989101762930743,0.8507807500378433,-0.0005967432806925144,99.73927354680225,35.13236920883682,221.90088454875655,0.005787806555885698,0.010555305697026517,0,0.005204889338567021,0.011095348768503595,0.006997302521541584,99.94200511503253,64.16683085634173,19.961737651829196
897.2144763532629,0.5852751365781126,0.07975120605961933,0.0793014836650776,1.0074152165060157,0.013315166125749756,0.3164481038087954,0.6686033459980596,0.00011502274788927881,0.08016568651229464,0.8659737879236207,0.0004731313395787435,101.40565568768535,35.517344407612555,213.31419595623947,0.00659088789456615,0.010847022714822742,0,0.004846614872645346,0.0018269265100998426,0.004336968706080905,100.72109470676665,62.90498866894006,21.214908599195287
897.8953163782028,0.5870484406337024,0.08063390477425574,0.07908364718416487,0.9925305449669003,0.013140421555310785,0.31595594457328435,0.6780542775553366,-0.00013311145482246755,0.07997363304339655,0.8513417336991773,0.00043049513681134896,106.04197640659473,35.37198075708773,213.76633149615265,0.0065788463974115535,0.01048363419024855,0,-0.0016792259934845064,0.0022156644961011085,0.006614606163090583,99.48196333702491,63.74009799403647,20.868457441227743
898.5168011189173,0.592282826978945,0.08319953580902355,0.07871417945195551,0.9756992396818436,0.013153326033863478,0.30074544686665833,0.6707540560777648,0.003900153858684631,0.08027133578233599,0.8474155986498708,-0.0006524774641687281,100.90133505984741,34.40085610632837,213.522658208279,0.00620692926983916,0.01004588774565126,0,-0.00027490723109721386,0.00033868905981448115,0.0019638442961188583,99.15454014345161,64.02420301548003,22.04588509568185
899.1313028850169,0.5879829109688126,0.08648744096386685,0.0793016121213768,0.9545551389670529,0.013008236891855783,0.29208012549748935,0.6567328178684687,0.003386310080707481,0.07988247091402513,0.8326803984489705,-0.0006556788920052798,109.6471213670796,35.90329102796724,216.1194642718972,0.0058326856725070975,0.009840436387278668,0,0.004219145170463577,0.007122301166731269,0.0030123042772053354,99.93725622139371,62.68078448804405,21.54407796337724
899.6550259811246,0.5868173081729858,0.08692524075185087,0.07932508673129834,1.0165938381046504,0.013166011020732681,0.2998739201715215,0.6665412811580181,0.0032622080128208325,0.07979780636457108,0.8430029554733737,0.00044266675584727635,109.77002212825556,34.96947988233321,230.0118799601817,0.008916680443125062,0.010373083423604856,0,-0.0014726281345654323,0.009725082975137925,0.0013481682083441877,93.11049255658958,64.19529704992671,21.54146479085549
900.3672893918312,0.5934575881839683,0.08666237879019194,0.0796322489107747,0.998134718456088,0.013201008028765449,0.2927847840060679,0.6571702497351026,0.003631452299753514,0.07993388175231793,0.8393760311284412,0.0003756594836574147,109.81246890577425,34.14369225018323,219.92198519382023,0.008815930029506232,0.011615164847386762,0,-0.0046123311887569084,0.006726122573795382,0.0009938290307608178,93.30064681772394,64.37683953956201,21.181681802547473
900.9608422340865,0.5922708444904033,0.0869950844627966,0.08060871861753202,0.985081527563198,0.013115353119852324,0.29000631059689336,0.6718386285746701,0.0031098470802182446,0.08023850443761334,0.8236755687970864,0.00045305273164652625,109.82817840511801,34.020561879280066,224.91858328121663,0.007878867571111491,0.007887959101293269,0,-0.0040028880446431984,0.002355431603630162,0.0029199067458773823,92.58069799422297,64.72614776721437,29.01119344116014
901.5962929240305,0.5879815452568399,0.08689858412655757,0.08082692777174885,0.9929090877734595,0.01339924489336241,0.29390186733531937,0.676227413925918,0.003581172153358932,0.0795511479162836,0.8678015972577499,0.00022672604826825814,99.35902956198794,34.305496818795994,216.8363294940192,0.0067054309757401285,0.008528342972154199,0,0.0016554183083240437,0.002676671664751839,0.0007554442692209247,92.32438484282716,64.25788872302061,28.659399739560843
902.1269989947531,0.58632110860595,0.08715787362837682,0.08168523859670336,1.8148858590513541,0.013401983123460706,0.2863833785623287,0.6732823475863458,0.010022723188143172,0.0800682592730446,0.9279102734148464,0.0002930161606399769,108.17640886214474,36.01551441042239,221.94984589938036,0.007331601749374774,0.007496182995571275,0,-0.003153092741404278,0.013619382835438332,0.0034312988741794924,92.88395490509494,65.07127773720823,27.963458193770258
902.7868900958488,0.5970969124372261,0.08666603205062878,0.08289954279823399,1.8056639075720204,0.013759262366748938,0.2907099128625573,0.6751689244689891,0.009820182306873353,0.08011763642044262,0.9237894062401851,0.0004032994307995815,109.59160067485449,35.02441987951255,228.6679278361416,0.007527929061207178,0.0074448068765479766,0,0.006750638196881487,0.006446921465948103,0.0018728215430867303,92.43575198628707,64.40280649842124,28.39099665754669
903.4258322731001,0.6038442016445358,0.0865303883529514,0.0827656740646072,1.9804031778811015,0.013691054828411101,0.29122519166750527,0.6727916767681341,0.010058541970129314,0.07990110247135744,0.941072638296538,0.0016938767053260243,99.3590008557071,35.724068530425036,217.08558883143834,0.008601745686913458,0.008878060507278176,0,-0.006042002722719473,0.007728046193494445,0.002629660720558426,93.1285718412511,63.913077588403596,28.47842099475107
904.0403340391999,0.5965118812291116,0.0872072767222943,0.08336121320855235,2.3078177503161594,0.014080443446521566,0.35195355441324305,0.6838468857958718,0.009809921723508388,0.07985287604448639,0.9181084541845014,0.0015740774585630182,96.29401297402258,34.464664607370445,209.5819083144552,0.008173553381972185,0.007612484517899902,0,0.0006392135841696337,0.0009215701840056458,0.008459238663895821,93.11620394115705,63.284484606782335,28.29963151637404
904.5640571353076,0.6023118626331452,0.0864203267231083,0.08418447944782757,2.3255926815003893,0.01374568933159282,0.344245397717915,0.6751018009846492,0.009912512828065963,0.07988685990361753,0.9132580832963938,0.0016975795249473404,91.28372398549318,34.45343306271417,225.45132787106948,0.008741716956683366,0.008801854279808122,0,-0.00025901107900471853,0.003265850619495578,0.003020840920864948,91.93526408050613,64.9453337756988,35.29178850950056
905.2309312110181,0.5962136394815956,0.08687519319580427,0.08463632344309577,2.287152335918995,0.014160857244935859,0.3415100875061666,0.6787440725637757,-0.00040149051744526454,0.08016369116323598,0.9110709276194342,0.0019325722716201452,95.67053019129484,35.08367265270798,208.92265032145397,0.0081061965271806,0.01029248171675686,0,0.0023060498862431697,0.005465538580659414,0.0022577747819973845,93.078409558302,64.16500717904283,35.192280712398784
905.8559074390399,0.5958409523313153,0.08659889889921694,0.08570680716518174,2.3382211144618887,0.014317190138517663,0.3521935249024317,0.7042292426523321,-0.000341263415546644,0.07991694258848889,0.8977771038150699,0.0018018421444689204,96.36636149510466,34.3737425858166,216.0199486066642,0.008788069047085453,0.014203691289222116,0,0.0005152535767082192,0.0023183643566175387,0.009243658969884497,93.47353266647444,63.58807665147866,34.995735454586416
906.4878666416765,0.5910673344975372,0.0871592510187469,0.08609487513661002,1.9684970708356173,0.014954167731745087,0.3461920267510975,0.7137955713604266,-2.062964298576278e-05,0.08034917082343267,0.9011426108415834,0.0005928699579106042,98.87943576833612,35.51061877683541,220.5741452161446,0.008652760196805975,0.00824331213632458,0,0.006565722313708897,0.008334817868786447,0.007595581153442152,93.79033075439807,64.05540016525671,36.34493380990586
906.9941323012473,0.5924708547944155,0.08666898657239765,0.08538249086351643,1.7957713915443445,0.015276498334538136,0.35253953729679827,0.7318383437291699,0.0002004185563600051,0.07970641075925361,0.8661878143715069,0.00030180747934064337,95.59637096069382,34.77136216954539,210.13639238819167,0.009726748953158143,0.009872845037457726,0,-0.0004908814997451648,0.0030302174836046836,0.005604469641548978,92.32414759829955,63.87934752301335,35.71066391630067
907.6819553008022,0.5916942064615957,0.08358023488076619,0.0855411945590798,1.6951233492906508,0.015279222331268858,0.3534197524489657,0.7477595332698321,-0.00027510334098205077,0.07995793959161698,0.8640556393280608,0.0004445259438310208,93.35836725398664,34.713440437341646,218.7232219786288,0.010970690034021928,0.015184629450989914,0,-0.0001886359654584618,0.00372375838897502,0.008536459754709323,93.02617159930146,64.3304177337754,36.44534367846003
908.2964570669018,0.5972044207850629,0.08310420423479918,0.08543984487960886,1.6140417206126159,0.015066133517833794,0.35235792770470215,0.7505057389027537,0.0001936080468407445,0.0798491110902264,0.837202354133833,0.0005418045323391409,94.16111769472343,36.020429241128724,220.8032037204434,0.012468955353948086,0.00924579240482951,0,-0.0037703521422120085,0.0033424814745728155,0.00501985005036279,86.13918998641914,64.3270208515854,34.3515354964862
908.9179418076163,0.5931379557180992,0.08333786941894716,0.08510296262732803,1.298181593934548,0.015098087093721919,0.3567775532359517,0.7353747278597071,-0.0001663821496578037,0.07953014741083572,0.8502439963510086,0.0005037878710781622,89.15700151390605,33.83892394153844,217.22140490223103,0.011318921729222501,0.015338444915697629,0,0.0029364036424584794,0.003656899239303137,0.0074439162814270415,85.9973745520514,63.238981377729566,35.577037605583094
909.4276989544945,0.5941803369187372,0.08014400872006393,0.08455758564610384,1.2206095331712612,0.015309233260166843,0.3552489671774882,0.7506749121762081,-6.492323657589878e-05,0.0798412822720473,0.8456796250009444,0.0006366386226702436,86.99523860089663,36.194913780662844,213.08832549902564,0.010461990019182419,0.013998920035641042,0,0.00849367153310026,0.00469940365168636,0.00832980830902863,85.16292383790206,64.0902952743455,42.571193400984384
910.1225049286641,0.5856554184849511,0.07987336240254743,0.08480964950836749,1.2238619545942568,0.015403295670228447,0.35102150412339483,0.7667030298109994,1.7722418629104967e-05,0.07929524324212565,0.8419413659732388,0.00047561167435925336,93.76031516557178,35.23111973352046,201.84943698638517,0.010567992349143041,0.015991742634778976,0,0.0048606654114887295,0.004519695806771372,0.0019109047184618384,85.81762996615333,64.65540487705054,42.70211428824309
910.4960940705541,0.5932199338400647,0.07973774697766826,0.0822346858351945,1.174168729494973,0.015939212656102437,0.34997000883739515,0.765287234953296,-9.452636158359367e-05,0.079999490925523,0.8501005367834225,0.0007897820542376649,97.10194297831113,35.254738897956415,226.3288092531975,0.011086399523591037,0.01249677818307911,0,-0.000955885985250982,-0.0012746871618566809,0.008966810463264455,85.27334437248815,62.55949467298263,43.66377958536013
911.229306405105,0.5857121165267102,0.07990021390067843,0.0784752155293121,1.1146035151858686,0.016053312576339004,0.354346252401451,0.7716749474127326,0.0002968690472250858,0.08055506215531784,0.848037380488982,-0.001008061786155274,105.63679842852179,36.357052939130114,211.04228003993703,0.010243405030709984,0.009221594489624682,0,0.012172603514385039,0.005041694474556893,0.0067677884642404216,86.36211021980368,63.889260745156506,49.719286769093756
911.8612656077415,0.5800476395142009,0.08044343695378948,0.07810983935515203,1.1121900705334617,0.015590952514646813,0.3542948743805875,0.7716987761002012,8.276776094943845e-05,0.07966073175040173,0.7516955801898143,-0.0012895367301120771,101.48739904404937,36.00473531132733,223.61230921588248,0.010245054284697023,0.008293545314672707,0,0.007508227982955916,-0.0025292843124029626,0.009596325900022082,85.23485624579665,64.19308039878474,51.022079775353326
912.4373610134601,0.5655946890582253,0.08099104979332977,0.07765370986050271,1.137611988153285,0.015329758921708415,0.40699741005231577,0.7697507008093422,-0.0001397098007064252,0.08009740332493662,0.741707617997547,0.0006596140332787012,88.85254796516028,35.785325240581685,227.18875642764658,0.008104958619028732,0.00918851081958415,0,0.005977179528807902,0.00809591324845337,0.006803350161893062,84.71117230368694,70.83927452826548,49.86171817565632
913.0169479064859,0.5809187220444351,0.08037638014423207,0.07805244510673537,1.1203295840871517,0.014757206180922243,0.4099793609632387,0.7951213321506646,0.000290234607208422,0.07946594240808069,0.634739770535495,0.0006238919071922053,91.61455070373987,33.982992613674405,226.42933371354752,0.009598405415291415,0.00907997147906015,0,0.007561794537083855,0.0024223216538593207,0.010586707709779403,86.00889467564005,72.10445576579359,49.275978812972184
913.7047709060408,0.5738568792692441,0.0790607002428691,0.07701007062210649,1.0851981010184713,0.014862016443542531,0.4002342686010991,0.7965551510093912,-0.00020427324258518614,0.08024538459650359,0.6237163503456818,0.00048672664638491325,94.36666729092777,35.22633586376112,236.03552165588252,0.008734621774403106,0.008369139701746318,0,0.012048282533012121,0.007656918074295115,0.009680690211433477,85.13088715383132,71.9479551836928,50.591160031025105
914.2948322609888,0.5812551706664154,0.07940145238777889,0.07726005411047328,1.1109607686282792,0.014909935129246965,0.3818334476131817,0.7694231848294942,0.0001982842754530191,0.07727036411490197,0.6234113758666024,0.0005700610377645044,92.29420671439588,36.4731869390326,241.58848806318164,0.00832212683151933,0.006874305319108556,0,0.011195961458235874,0.006709522506114869,0.0077127496278592885,85.32105250723843,78.92208537857493,49.22408835954397
914.9023510524737,0.5706795700502427,0.08008833028028393,0.0776918190786103,1.0096965776646805,0.01472544325270898,0.3827916327355348,0.7677233152098982,-1.2721415751640767e-05,0.07688512611980619,0.5599571401553542,-0.00032831528840666474,92.24661670405067,36.461050346922384,231.29542505738152,0.008455487744196414,0.007937815814009475,0,0.0012293886846822897,0.005684743369638055,0.0058475945355254445,85.33300298889449,78.46793913622682,49.70780070443643
915.4295656358888,0.5732102736964378,0.0834041100010134,0.07783303118973119,0.8931112784772423,0.014805220557046328,0.3869200798437535,0.7613591076147781,8.219573595971798e-05,0.07701969272372326,0.5678473091268396,-0.0001337897032932025,98.520595655123,35.39084437775675,214.24278387232368,0.008061387220448721,0.008020656718576116,0,0.005839064032526085,0.0046877753639996775,0.015919669332579888,85.3222449619031,78.13583519504391,49.92559119796651
916.1313545846731,0.5718064061761293,0.086531246682769,0.07751100924407685,0.916768934776258,0.014465837363100904,0.28429078531177654,0.7612826040913078,-0.0001825784141727462,0.07716452628084908,0.5599447571740283,-0.00043239732653938494,102.60326444019742,35.174633775442246,225.75422590476742,0.008181067142447027,0.007833729502956322,0,0.007331806815864293,0.0054420247409319765,0.007515308380268563,85.27990880122147,78.20396488766264,42.39277677332521
916.7318904015433,0.5798632833197663,0.08325030328471628,0.0782908269400358,0.8747460567038816,0.014368775238326598,0.3036826921824186,0.6984546006759524,-0.00013994645436603552,0.07022412233935482,0.5534183969484967,-0.00024235688389545677,100.1207249052022,35.76853616873334,202.14533632899915,0.0076991182379606525,0.007571911709271526,0,0.007285802899895064,0.00981832344835948,0.010902641932411828,85.0984162584831,77.21142689837804,42.77585904443862
917.346392167643,0.5747924584062041,0.08673961257459059,0.07871190235791664,0.8523404964396568,0.013851743346306275,0.30648136430131645,0.7071055400042872,-0.0002393837801938256,0.069710639939721,0.54735086512019,-0.00048639481345783,95.40223406562022,36.64477534796975,228.37831211802435,0.00822333741715767,0.0073364115192144155,0,0.014031729883936533,0.008952412810738643,0.008281695999837796,85.90774709227222,78.8346230417418,43.374403015280066
917.8805897256727,0.5800451281938906,0.08650242500088358,0.08164055288241602,0.759568899101842,0.014002690036044036,0.3187009045528211,0.7336178633947185,4.670018041877577e-05,0.07011469394130754,0.5469446961041713,-0.0003307801569205213,102.1536850373317,35.22553900157833,230.7414663513342,0.008528720632527005,0.0075059578531496435,0,0.012260063577237747,0.006683166588836943,0.0064545358846217725,93.3150111605632,79.50017619835143,43.094793316596025
918.5753956998424,0.5870843742904116,0.08603475358258683,0.08265231268675455,0.7243564533117473,0.014315538366508588,0.3185630962875182,0.7252363492784798,-0.00038093697648311525,0.07014752271036391,0.6113094487509665,-0.00037092302753588037,97.19516960944924,35.00702108847144,221.84524311284193,0.008761205886010204,0.007518495685950909,0,0.008749467405579936,0.006767638541160159,0.008106717995703044,93.00998482243389,80.12472473037084,34.53773094725255
919.1689485420977,0.5854822697291631,0.08756288267870238,0.08268046879195091,0.7241232299284408,0.014108978392548214,0.31972335728486545,0.7363303923784162,-0.0003820199503370645,0.07068101967242053,0.6299021497766739,-9.452774419479524e-05,96.18774297993696,36.880952281922255,227.40271161151415,0.008350050934174534,0.008547683887669858,0,0.009332570883742529,0.010857490726484335,0.011811403137609939,93.43020010404894,79.12385224883809,35.943848146654695
919.7834503081975,0.5849757705236519,0.0867489248224621,0.08363284553338736,0.6640047786260012,0.013977986297405797,0.3052018223176795,0.7004838088134678,8.960399416222414e-05,0.07021619934261336,0.6775345683393132,-0.00031371093985118633,102.03966032033057,35.5664008740142,230.57504722792262,0.007673907889092236,0.007000537542152543,0,0.010707264797597208,0.00501148150026541,0.011301525547938203,92.56718281478994,77.65035137560945,29.13252337727994
920.3106648916126,0.585898508873383,0.08660531931761385,0.08305980165349276,0.668124076840012,0.01400644661669421,0.29900369197888993,0.6916739771583499,-1.1010598729078243e-05,0.070050480096788,0.806306466939789,-0.0003141594392637954,101.90442618397945,33.37383969549278,214.94970935827087,0.00746383877137661,0.007250360647247194,0,0.011479591185853661,0.004574374767738749,0.006930246665822974,92.55694982444464,78.75797075262652,28.622197383436898
920.9880134292453,0.5859572770900348,0.08704935398270353,0.08388257514164132,0.6318855383623212,0.014094519896714045,0.30664721409436835,0.6956759060020974,2.66922310001809e-06,0.07048976342984646,0.8232995740942751,-0.00019492270641191447,97.580764796732,34.65221283438203,241.28704758451138,0.006981480439634013,0.007280957844509513,0,0.0024253361932610623,0.007473494954711607,0.013131077792386136,93.11539935332712,79.04790482418366,28.76682270292602
921.602515195345,0.5848885728069477,0.0869040050652359,0.08403183246399855,0.6001307244214686,0.014075443724192352,0.31740026236064306,0.7009868927291023,0.0036722742497435736,0.06968192128850861,0.8563299561463343,0.0001973098615674348,95.33986256166082,35.84431141351272,211.91738990105003,0.005897492891175582,0.007636789612568282,0,-0.0005849163263059389,0.00525724758506595,0.013133715382966753,92.70954109798836,70.88551413493289,21.5647120037164
922.2170169614448,0.588353938464976,0.08666256169749004,0.08512994909621781,0.6290295059015691,0.014083362085610217,0.31790306703369875,0.705459805238041,3.654282041440771e-05,0.06339697215430638,0.8546781515143895,7.632628122174025e-05,99.3304814237679,34.74437804240547,244.65717010786514,0.006692055128060139,0.007652814685362429,0,0.0020194332731760167,0.007671551422689098,-0.0016578899225302424,91.60950482259193,72.67356847851437,22.628704297499237
922.7791464179336,0.5871051109720179,0.08617872069792429,0.08493810363984813,0.5943490793480627,0.014027668784417378,0.31589341038753294,0.7060192672747481,0.003456623803158805,0.06399384749177318,0.8573477853668716,-0.00014403893132973808,101.15793836748372,34.67495700242338,217.36864559442785,0.008719184282403654,0.008151959257509809,0,-0.0007730234451981265,0.0030076341811655924,0.002999730814141128,92.8180295530065,70.95102759057073,22.01691315060233
923.435546031722,0.5878097459960099,0.08670406474342487,0.08442347961450519,0.5838614035343651,0.014329556234596237,0.3218662234260925,0.709905209440301,0.003589299126336923,0.06309246617619962,0.877618388069927,8.235524954224908e-05,95.9166213272259,34.48571273463698,213.7106834263852,0.00977026437136731,0.0076091579800663545,0,-0.005587553511145844,0.007162825643815799,0.003661545640082999,92.32837833588886,71.02180651149449,20.522234718964363
924.0500477978217,0.5898425957319807,0.08635999085945853,0.08534068931045789,0.5787891954299162,0.01413157496863056,0.3216852064220859,0.692051291040252,0.003420866727773745,0.06308840944642263,0.8359676833974018,0.00010927039450265609,95.29271273519744,36.54607963461843,224.2130543357984,0.00888099546066238,0.01433294475970991,0,-0.00036995277268912167,0.004019240230173832,0.004213595287785404,92.77363196193076,70.53036828502255,20.925143164310665
924.6854984877656,0.5869087231261962,0.0865398573985967,0.08600769705308108,0.535247667127384,0.014177973602380366,0.32550394982498826,0.6961749439133218,0.0033138269233390365,0.06336908995883364,0.7984733782153196,0.0011921206016012973,95.68747524989824,34.36606746944378,226.19497182865217,0.00941933014605535,0.02158763075594027,0,0.007193008968660493,0.004948100111609393,0.005912730949258453,93.0023369394968,70.91527133885587,21.10921483421381
925.1952556346438,0.5856893848331851,0.08698350302067842,0.08575157811374037,0.4953689459442746,0.01416784676922548,0.3280331327856402,0.6882650040551613,0.0034130883684527647,0.0637151281665114,0.8408814256278699,0.000925527690428772,89.29754021968556,36.24646111931957,224.91462824369904,0.009899529087269175,0.01673538371051009,0,0.003081557595034708,0.0018236825412714834,0.0006655944360978534,92.06597162602968,71.75790011357506,20.661903911671754
925.8132488880509,0.5880647346671685,0.08674163721498951,0.08564219011829523,0.48532554345897305,0.013903534398286175,0.32205979769929793,0.6947898724713166,0.006675751631494681,0.06376218571812549,0.8316366959222693,0.00033844843085637226,90.74798705544465,35.9863305869255,216.49708291031436,0.009859382664369035,0.02479703862127204,0,0.00040535313569778873,-0.0010347352550306435,0.00238171702842252,92.68603965743843,71.68861372273959,21.610916088489464
926.4871059383761,0.5892607434407718,0.08671717129894153,0.08956062846229279,0.5152982160979696,0.014133424472864002,0.32817966563323037,0.700097580058547,0.0030817356008008816,0.06322319280630866,0.5466079321988451,0.0010341225989091106,94.59566735036294,36.04328330450575,213.00703220259993,0.008486620716679417,0.02142675594987831,0,-0.0009335066914697072,0.0029726771502310194,0.004112077128347594,93.20112290260845,71.26886052651403,22.752923051322906
927.0911332425537,0.5864656177115583,0.08673678458676252,0.09339423750106347,0.5108139795596232,0.013930194025153088,0.3275733025027469,0.7043404345097739,0.00677939347382387,0.06254400009061512,0.39919026577196565,0.0010784460727227567,92.93209879282622,35.78578739762274,234.82077003978543,0.010291544710742395,0.024956982083252754,0,0.008277182843934463,0.007793525571149736,0.002417677949675743,92.65496413875081,69.90428203559392,21.786506434335596
927.65675418635,0.5863983847401415,0.08628476510935573,0.09368584129344537,0.47810520788264865,0.013992819227854034,0.32563946441728187,0.7014999597635985,0.006540198194934005,0.06344252084479945,0.40763863642165926,0.0011611153068494336,96.85188772122035,35.97575889626063,233.02779084632496,0.010339314358124213,0.02140535849172559,0,0.0022918258995124415,0.005969871202067679,0.005371443627240157,93.2640305090427,70.76222228614894,22.291681967200553
928.3306112366753,0.5901264434004834,0.08644061621795136,0.09389982775508238,0.5062100290764869,0.01444624229785686,0.32912608307757235,0.7012251294508016,0.003469661743221719,0.0628836823071557,0.41284748496808543,0.0008700567190967489,90.5879563811843,36.620800719253175,218.26129407047546,0.01060494293666992,0.022500598595661607,0,0.00604041266258652,0.0082471528170685,0.00645057753587871,92.61394898404649,63.92141211750756,21.491567355631886
928.9486044900824,0.5874050012115231,0.08389620696456783,0.0942461393282674,0.49423108189522547,0.014260106638804632,0.32724690393752454,0.7041555215046948,0.0030841224286725236,0.06375111978276003,0.3795252697628374,0.0009889792007319943,93.10114700301405,36.354365281683485,229.61884866313721,0.010439262401764526,0.02092134680543296,0,-0.004929180913391017,0.009981246301581075,0.0039259558375214785,92.41461867910934,63.36474946350376,22.63908910516969
929.5386658450303,0.5793888810397334,0.07008278673222225,0.0940549681733645,0.480471129317506,0.014307806458639834,0.36095925419923564,0.6907901326104119,0.0037195467329261206,0.06300938860543383,0.39634111632028907,0.0010858134343846165,96.21977264897711,34.53879189210444,227.6509235707365,0.009426706502451594,0.017642290498441814,0,-0.002406235246471739,0.005795381191030709,-0.0009192806436524891,92.8214702694571,63.95015811401097,22.58311720741919
930.1042867888267,0.582601351120921,0.07005472994408651,0.09344417683190756,0.4910887965838139,0.014050864193655248,0.32467239581642693,0.7004633761238029,0.0034620814491549685,0.06993259816006146,0.41359643214029274,0.0009769487564237544,94.04505860148721,36.9872387310741,220.48947116383746,0.009459350915608808,0.012996439192533843,0,-0.0017671378224129734,-0.00010238088843138402,0.002555976982851466,92.71512812824305,63.719845012775416,20.624160749185304
930.7606864026151,0.5864288003716432,0.06982941853670696,0.09234957577671142,0.520396036444401,0.014098438032522453,0.35715324508433655,0.7065419551682484,-0.00010477806871742997,0.07368140794230449,0.38287753160008525,0.0010836895000220404,95.38019302931521,34.91044186752339,219.4166759787527,0.00905997128178749,0.013721365780108505,0,0.005751229081858149,0.010172857852955604,0.004036177089193338,93.06048276572255,64.17603532375763,21.432787259338223
931.3786796560222,0.5882798469146812,0.07014695663690589,0.09049289480122974,0.6166980915228868,0.01391506671196608,0.32614932304250016,0.7038915435702121,0.0033671272564195277,0.07351053442299134,0.38366289333824316,0.0011216241039846088,87.65481759151773,36.267187250114425,222.2657573922188,0.009615503675803608,0.010826348420756263,0,0.003059950190045445,0.0053684620261389305,0.002265061705600021,100.28446981519579,56.75604369013077,20.58131268887763
931.986198447507,0.5875131066789973,0.07076874837422176,0.08813433131753558,0.6206091362382578,0.014167001152175635,0.32645098716670334,0.7139303562084177,0.0033091051008504605,0.07299752060435463,0.41671059682945966,0.0009364351247835886,95.55451819918514,35.431124419418296,223.79099815519118,0.009055684565638836,0.016667668590485768,0,0.0029092366202558787,0.008144796573022573,2.2191712876158676e-05,100.45281979192845,56.12048067731419,19.929233938943682
932.5622938532256,0.581010450907776,0.06996727623381102,0.0879056735970871,0.5978645272381139,0.014542925729956586,0.3585568360086802,0.7489280003276582,5.743300807465491e-05,0.0731704435992631,0.4420610931769323,0.0013770662353125456,96.74989073128906,36.42459802432434,222.9293446246326,0.010230673420594924,0.010701120535753913,0,0.005804357756838744,0.006541874599667048,0.006579433731772891,100.18258639849685,57.39344489321797,22.715270605871222
933.2117104923991,0.5811766547034436,0.0700962554409569,0.0810438394978568,0.647395102092195,0.01441824803499809,0.34965180506576027,0.7159166779921453,-0.0005299566548218167,0.07347655889502022,0.5839233044306548,0.0012414378043413901,98.4962486963053,36.396992175372205,230.743353327092,0.013580496436546888,0.010528258378856355,0,0.004076880906799804,0.00012167463133748273,0.008307879634756625,100.24572926184592,49.544849982967804,21.583997083394024
933.8262122584988,0.586633634536676,0.07020492212499839,0.07730221194828926,0.6673959186727633,0.014475910726691642,0.35749956052210174,0.7444521271338101,0.00024904930000436065,0.07310823979100756,0.6701610589992645,0.0014110061619736136,89.47113200236299,34.69296696950056,225.97242288987448,0.014310746825956148,0.010777209274102032,0,0.005907592343224196,0.0047997838022264495,0.004285509041024373,100.29935262002518,49.09750746212746,21.31885699962729
934.3604098165287,0.5841614699486397,0.07011682836128046,0.07496133562967897,0.6508479013796266,0.014803751622394022,0.38079832796164964,0.7800480108697261,5.964038920189254e-05,0.07341795127090428,0.709393418149312,0.0013080516994170678,90.45369908971819,34.81327942037883,227.09466201641192,0.01948928376289003,0.010658841953600028,0,0.00035354467241216427,0.0043823745400073935,0.0025983756019855265,100.65551064914338,49.37692543784626,16.034213445801
935.0482328160834,0.5791586791257642,0.07004805579482785,0.07514488355489178,0.701724957935391,0.014424759202470544,0.3546447724414537,0.7823977045347835,-0.0002825940843245707,0.07345635611270167,0.7063776339186016,0.0013533663173602673,92.19881488896974,35.3800493397101,218.3872969091458,0.01930613980522739,0.009961507335637386,0,0.0066087356013210495,0.01022726035899274,0.0056765623063226595,99.03022858521203,50.98456953501492,13.73619764189254
935.6417856583388,0.5807742564797066,0.07012720443655568,0.07436864464745234,0.7593950343995863,0.014635657948468103,0.3573770258804533,0.7818686302266146,-0.00033015783021138426,0.07270636364853324,0.7054560077078177,0.0016153454791844274,87.70202595704464,35.80755829551024,226.9271860988813,0.01941678811450517,0.01579499140399714,0,0.00017490983809233555,0.010214697899762235,0.005357813355608184,100.00599052744859,49.83775231914578,14.774326223858024
936.151542805217,0.5874766354534896,0.07372101599865163,0.07252314245384538,0.7232131832073201,0.013789688081916326,0.35231925483995824,0.7126227594288064,-0.00010631950726240173,0.07325966311034739,0.7070406163871407,0.0017422497343202907,88.44473564612281,36.76782872292323,217.58549498206636,0.019328137766165217,0.01608361668091297,0,0.006273818717060179,0.00845137579856853,0.002558229509496353,99.96895951901627,56.900227935682494,13.998908827737264
936.832382830157,0.5830033897960142,0.06658785826916112,0.07340494982262677,0.7984338996842962,0.013864630789805498,0.34805851141640015,0.7722925867528218,-1.8196246547234312e-05,0.07348328764285601,0.7067473242638136,0.0017368794934746873,88.07608054491901,35.72686515865596,217.3792362390481,0.01909064434278464,0.01594530206307783,0,-0.005062236668281452,0.011497620228943777,0.002939232159269188,99.87433220724618,57.775972672483036,15.091205257469493
937.4503760835642,0.5822511291665972,0.07372476771688352,0.07166298271448188,0.8300474702241026,0.013779273736645845,0.34881909980686443,0.779284490191519,0.0001764924480640016,0.07290891510451375,0.7199091690684243,0.0011937572954576932,85.75330527293501,36.245769775785284,232.88718752336348,0.019255392340405606,0.017179757756028605,0,-0.00042074361923922663,0.006079290109748262,0.00770864337505187,99.47215896733834,57.518285789492396,13.703277273909405
938.0578948750491,0.5824301520039854,0.0699547327776466,0.07152562593649302,0.8453151736652518,0.013785421818533986,0.35029192907632406,0.772914282018493,-9.224873560362893e-05,0.07679144469266204,0.7126460054130481,0.0020682988453305726,86.87946200459264,34.59360823115058,211.5263799503777,0.016527519826199634,0.010929124906504743,0,0.0021979072286826004,0.007435139721307031,0.002253511331958038,99.43547474158484,57.47150250759835,14.880545297542636
938.6235158188454,0.5836871398940822,0.06987317907738516,0.07160159557204923,0.791848923461581,0.013869125644546922,0.3550581515648477,0.7827854186531177,-0.00021745627904251627,0.077102573476868,0.717262537261559,0.0017490069582239399,80.4429816464132,35.83770617329417,221.4520279222752,0.015646802765420596,0.010522898217947208,0,0.004110658032587037,0.007122726645092352,0.0024790713886263375,99.72545369589578,57.35164962312964,16.21268591070086
939.2694409707116,0.5823093859798834,0.07013328291905722,0.0710940263594287,0.8471647349277948,0.013680713261587978,0.34892612444820864,0.7164730091695146,0.00028169848239771985,0.076669453103233,0.7180561293923862,0.002046440237543182,81.42292010161468,35.455524911249896,234.52815985591093,0.015355141840649374,0.011533148496410987,0,0.008113141883268676,0.00919699009100654,0.006956214750607561,101.65519029194573,57.55773326832239,13.932921536530051
939.8804512495038,0.5817229756159434,0.0694998733818404,0.07185894454070921,0.8955595117954958,0.013696839023779432,0.3473522789085261,0.7896868492325656,-0.0005018764574311553,0.0765864094670332,0.7441279766768645,0.0017373851528633508,84.97086010188637,35.4945935943963,226.02206781592614,0.015995193139780407,0.011392999348206433,0,-0.00022759951769345645,0.012411884914461135,0.002967252104505563,99.95622129117702,56.63999813461557,14.441673116292959
940.5124104521404,0.5818556685984972,0.06994437013289914,0.07163013277805769,0.9590822838215033,0.013974206442750018,0.3294240974763793,0.7531611895989049,0.00033730251283843496,0.07949701550511509,0.7441553106113018,0.0017488665750941114,91.20662881270474,37.12495122861097,227.2354955993751,0.014310047155526293,0.011550892590004474,0,0.006123515405155286,0.00504057698768267,0.0002769421803045123,99.52578987915386,56.84525167863292,15.141923022153147
941.0570824720925,0.5840791426441728,0.07309311574660861,0.07144392032325886,1.1580130383065599,0.013675829901731272,0.32556977218236643,0.7025093540747562,-7.975855018690537e-05,0.08344337200915804,0.7395700695956062,0.0009603384249252973,96.22177108898961,36.014325945497525,221.0148104589285,0.014002729678861776,0.011173391835619837,0,0.002358694846878136,0.005713427206253578,0.0055367187801508445,99.18086353266865,56.93398947556517,14.09146291872981
941.7414139843399,0.5818471328795928,0.07309286820641392,0.07168184540409515,1.335514831399907,0.01422922716618866,0.3282076790344326,0.7486990658441841,0.00010928836589433721,0.08608901801706603,0.7350046351462319,0.0009429704906470664,100.4899266767362,36.85007107481384,211.3005274276731,0.01569790383000576,0.011111318493914488,0,-0.00207359954288984,0.0033863385283738777,0.007127563192404229,100.1132042759102,56.51213043741631,14.412334196692875
942.3349668265953,0.5820513419462389,0.07361430969045908,0.07336121580776525,1.4553420611930168,0.014284084982923642,0.3124409330593338,0.7397953638872904,-1.8468776375591146e-05,0.08739417881240114,0.7346913668805257,-0.00010752212739646843,99.57398006411029,34.35040377068311,235.39752126463878,0.01557082084802721,0.012401785308138609,0,0.00011691692552219177,0.009676457294731529,0.006259520424069713,100.18522120883401,57.1099696228217,15.40052665662849
942.9459771053877,0.5783557496750622,0.07051888040547896,0.07319136617249195,1.4809054419522172,0.01438570982962376,0.32549261466023083,0.7446832312052448,0.0001288053345991322,0.08691389811272376,0.7523043906232121,0.001019368915515287,98.89318792168719,36.139846119617886,227.5228780688441,0.01603121016816753,0.011416310586032884,0,-0.0010059968389913225,0.009885639243575033,0.0028755437568358196,100.29072906411089,58.08946787586428,14.71826131384794
943.5115980491838,0.581223069299244,0.0734267960574598,0.07371060227569655,1.5047225089699618,0.014412795385089838,0.32784620749473586,0.7441679424344518,5.1480726090957164e-05,0.08639932794749068,0.7751947669998454,0.0015806781188702893,86.80995215319562,36.69822534384347,230.2044632487676,0.014321246075636574,0.009113759224163074,0,0.001041637261872258,0.00326559641580883,0.010711648577666131,99.83693265505005,57.738869856683166,21.404816811508187
944.1889465868165,0.5775998113545274,0.07687708230565722,0.0747215546549484,1.4970200834291645,0.014657155908993543,0.32940115666825687,0.7423542747463525,-0.00017885427235449295,0.08657713854669592,0.7537610764998611,0.0016574262654505628,82.13739747551068,35.829496043579304,217.17353556996036,0.013292154980142766,0.011435246837697555,0,0.005844957447623318,0.005297580246034314,0.007188357716207948,99.99741085083492,57.72271403219706,21.73283862423026
944.7824994290721,0.5816880120740161,0.0800060160939652,0.07938942139012153,1.5247354988143302,0.014729901075845162,0.33175942450282897,0.743122508949147,0.00022069759432743658,0.08613802821863861,0.7539756934384977,0.001358657983820752,97.01998352433839,35.80754498806454,224.13253717538984,0.012694899333160056,0.012877285112859627,0,0.002128746353977766,0.00542072082106503,0.007624268618707436,100.05617628606,57.06613337029407,22.312235379195652
945.3900182205571,0.5798526355920812,0.0796179781287394,0.07923824828416942,1.5441606639497267,0.014767448699198434,0.33090943078802465,0.7427388441525021,0.00029931565425221076,0.08644881730191564,0.7487218467692327,0.0007124274134112798,86.12816033356705,34.974720662307284,213.48088431837775,0.011698193027718823,0.01038461734823751,0,0.0064795007544517745,0.002957318722332888,0.010582326911228134,100.5345773905773,57.241062840332596,21.389901213859016
945.7670988497545,0.5830159953791975,0.08029419526142552,0.0794171093849182,1.504114315896435,0.015164075590409888,0.3696259880074941,0.7587492848865286,-7.681844883704096e-05,0.08676234110113419,0.7710718233961059,0.0008576432482590076,88.05703010563948,36.9781071160074,225.20862415004652,0.011218186140383668,0.008262723720527854,0,0.004038474688907737,0.005922845246222902,0.006881688413100041,99.57821088810789,57.296430000331874,21.412621307374422
946.5003111843054,0.5835446336136877,0.08342679411309294,0.07985717415768288,1.0490365840931895,0.014579476097608072,0.36738270757902913,0.7481534813454788,0.0033780219112461954,0.08364337541392525,0.758700074322674,0.0009396199500746247,82.19025656635019,35.7600501384415,230.8101826120484,0.01085302782410378,0.007838133562960153,0,0.0060484733690222515,0.00716948695688561,0.004862024561499529,99.51252178699724,56.560502074573165,20.92682152549063
947.132270386942,0.5805490295740854,0.08320863965031447,0.07938989996774153,1.077697047055585,0.014877440685149021,0.36875926208746,0.7125512075648172,0.0033485855478661616,0.08333503085780022,0.7726188320252236,0.0008630127413764518,87.32269462792364,36.12092408291876,219.0726574719836,0.010147422387947094,0.0071481298219425535,0,0.007526493612831923,0.0055019055034901555,0.003449710545789739,100.45377112021903,58.423277752414606,29.884190298076447
947.7642295895786,0.5795288749429767,0.08031886670314603,0.08067336922622369,1.0217755337880485,0.014450760440636937,0.377223425082275,0.7632086433058314,-0.00017809781185079048,0.08015560285912278,0.7372020844961127,0.0013199909505624513,84.30847269964424,36.00842813569953,223.05348818016674,0.008439382397933438,0.0069983645607576495,0,0.0005771749980046622,0.011994788420606932,0.004473814536355392,99.46543223837398,56.38712448745575,27.37121523048869
948.3054101222232,0.5800514613971947,0.08306575876422016,0.07979619930634259,1.0158874481275633,0.014511375001161678,0.36877383862557134,0.7702202166759743,0.002930806392270317,0.08021592975357741,0.7641927971304814,0.0008072098147563928,84.37948037277334,34.943363675638935,220.77703608467942,0.009036112515925218,0.0062775172104351335,0,0.004809847412756986,0.007469568052975841,0.004849357390655862,92.40435147840948,57.35928712193463,27.811210908204174
948.9827586598559,0.5823378139916536,0.08347536919690673,0.08049104426028253,1.030515539973617,0.014024650782964315,0.3707552757413018,0.762689667257776,0.003140616972176639,0.07633838472380128,0.7721079996680162,0.0012749493746052306,76.26489982478392,36.408798784808006,221.64148136515047,0.01042750584549315,0.005654950188847097,0,0.007541167129582535,0.0008377479592230567,0.007965171917946283,91.82581419372899,65.49748424510908,27.251260361451514
949.5937689386482,0.5874054054701648,0.08317447963707839,0.08118249479061727,0.9572403547101231,0.01489541688821636,0.4300348115634731,0.7674132386925736,0.003132153173436439,0.07638150623990414,0.7739739898367721,0.001394106330608801,62.483635322704004,37.06107583182303,235.63239622000816,0.011297924605276394,0.005859554484853466,0,0.0034464327360499924,0.009402299947616655,0.004457846550392848,93.09041185114165,63.788954432316835,27.97473963600071
950.1803388062888,0.5842073782383431,0.08300433944411313,0.08162369621498851,0.9428374801693101,0.01484748662207826,0.37177635242518875,0.757296595489904,0.0027761606164838763,0.07688654515788923,0.7028296146668193,0.0010667466342143507,56.743852545938154,36.28758965138369,220.70885218599898,0.012670484563394884,0.003537745708842673,0,0.004591768151359915,0.011716725015744986,0.0073820902066466165,92.66122754325153,64.17617257889532,27.85929123631198
950.7564342120073,0.5805595377189997,0.07968782309720053,0.08222489767007375,0.9899151831945185,0.014174738971328907,0.3148940392585921,0.6968684226952353,0.006611478911846156,0.07310361574628593,0.6884440903197543,0.0006629198345221249,81.44619863290433,37.59809937499088,235.60647172058225,0.013040103949426432,0.002915492148596072,0,0.008437525679649312,0.008688239287969102,0.006434430303789549,92.72596378486057,64.16185859690349,35.41713166548225
951.1649382269713,0.57904167175527,0.08030809973682268,0.08239558457053296,0.9253708449631235,0.014271956329522176,0.3137001868587233,0.6960987788492113,0.003236585114530931,0.07331123003865639,0.6408602889837638,0.0024351075732832028,81.19513321994386,36.28420256174124,228.06306879814235,0.012808069307291161,0.0025623817662875606,0,-1.6713357054415345e-05,0.0038005163302071267,0.013278529445341698,93.67881365298551,64.80682179737568,34.248767336978176
952.0098781553585,0.5826533901541264,0.07967099074094523,0.08166908059508607,0.9357089112754515,0.013910886985993734,0.31742334729308824,0.6656443680520112,0.00672079914855746,0.07282488773536784,0.18069824162367576,0.0022568497090051814,90.49330229007518,35.09046046844511,223.91379341541042,0.012215963868418717,0.002960416573916824,0,0.003014760145368248,0.031211172730319453,0.02318290123222814,92.64122291478726,63.83656021582861,37.60479676387874
952.6243799214581,0.5795262829968264,0.08279754062280191,0.0819308461008685,0.9686492275481708,0.013769085999733054,0.3142732070324457,0.6745248931560722,0.003147087956048312,0.07350168092800226,0.1326128060073672,0.0037080133796788704,83.79121792174712,36.20512926411312,227.92598138589938,0.013533967466033065,0.009330325255986772,0,0.007359012360365773,0.04466627538706536,0.021629683246269966,93.20461500014596,63.70306701069562,36.03549861052608
953.214441276406,0.5702562393832571,0.08301322034909561,0.08247974871157958,0.8968985115682994,0.014187062711725214,0.3156901590885571,0.6676259886228902,0.00348007094584266,0.07363638076850393,0.13410989503138324,0.0038267786750988946,85.03278192861596,36.6531717864897,231.80903109664516,0.01319458146834857,0.012845714950997853,0,0.009345139323284065,0.046078542616100386,0.025093898673882335,92.73640498981777,63.387285413748366,35.08678341946969
953.8498919663499,0.581239046126127,0.08340764766546668,0.08375944678014063,0.9116602145827438,0.014579391589360679,0.3254413092378856,0.6659772361401983,0.0033229496475396304,0.07345144173915313,0.13578086170596068,0.003759236705123457,83.18172972731163,36.907676557208205,226.5903726588257,0.01841605786094085,0.013805195366176302,0,0.005324214329621744,0.0396156122144968,0.02217019322707516,93.07822481279871,64.16070853288412,35.689533568076
954.4574107578351,0.5863287601899673,0.08324718100277739,0.08320132593514044,0.9345345779200838,0.014750898608418035,0.3113991118963518,0.6668184148375493,0.0030573970598302192,0.07655328930910267,0.11597536398768726,0.0035819320897056348,85.33095565516552,35.02181356718885,209.75994726745247,0.018622747233717808,0.014518536185407752,0,0.008481090597319302,0.037891612060700845,0.023709103937022823,93.5308525481572,57.38813465633816,35.37729454199475
955.0963529350864,0.5883017685211819,0.08027090845311416,0.08361340220825325,0.96568603054744,0.01316549800539645,0.3154519445626993,0.6557331678452353,0.003421514345363152,0.07666748309112521,0.13385935588044842,0.003421560343383195,86.45959676628269,36.39568262971531,221.3624615781019,0.013878914357774582,0.01535818262065073,0,0.008389909010587868,0.04350676403096542,0.022538845089453762,92.57165551585287,58.613709450391625,34.866842963735635
955.637533467731,0.5875047551414521,0.08001349268148407,0.08319565128437631,0.964440906778688,0.013293058418536336,0.3168769780500159,0.6701589956023001,0.0069818528280834475,0.07673008389346624,0.16046426040349393,0.0024293986500247286,87.3989801681337,34.67661649461426,225.2088915898972,0.012008303856187116,0.013060456417903812,0,0.010791521178220029,0.04726297754722888,0.023421038715441028,93.10918057427399,58.31944265221075,28.33011675372496
956.2345777972938,0.5880070775333094,0.08030225769039238,0.0824724908444253,0.9636856401008445,0.01342773839431346,0.3159621708860826,0.6588595990494642,0.006574887170169761,0.0765783757128659,0.12689369000055595,0.0013082744818898242,92.78302819001631,36.28531026067876,221.65319005241196,0.012648386139701238,0.014119334298120572,0,0.006485180772919746,0.0437027636890256,0.028323920375622827,92.78876575648627,56.18002790919987,28.341805494650867
956.9014518730042,0.5966433874927135,0.0802890006556158,0.08217940771132767,1.002167575922703,0.013251859954287275,0.31442316358274025,0.624452963527275,0.0032721301551165123,0.07664864634521251,0.1439295229419376,0.002232389033904174,83.89512706681865,34.82193465985035,214.46629269302508,0.012283216057417006,0.014316387875095945,0,0.005534188529329544,0.04314712802641707,0.028539414488880786,99.70893905995874,57.164443180570366,29.29224215955344
957.5159536391039,0.5836367271463888,0.07928054807460048,0.08252147755701954,1.0776589166161012,0.013330415468069581,0.31770859771264626,0.6579192367426641,-0.00011932908184602793,0.08037624083839151,0.16681428869831175,0.001316192977826235,96.76962732166028,35.945830307264615,224.1845155297497,0.011694258790484175,0.00972866063490237,0,0.006111856138281318,0.04530484315112232,0.025035480004798938,100.16045232404052,58.27547048166467,28.386624182704974
957.9698469890642,0.5942266592210026,0.07998541071626646,0.08222376245308533,1.1921699149653144,0.013312823857493968,0.3235259343584923,0.6900497312513652,0.0003224301634385459,0.08002133697653792,0.2054334292534044,0.0013840626624588587,94.94385160999842,35.67041291544733,226.00449352741887,0.017450080564257918,0.009207492533144639,0,0.005216415105861729,0.046735503469643974,0.026122448984495002,99.41969437188482,57.20441524408169,28.451528521946617
958.696076349,0.5910582132927886,0.08044671223059267,0.0833882641744098,1.1998048267462116,0.015021312445215264,0.37246603990290983,0.6868472307950416,0.00029340322158055346,0.07953455011224175,0.32752945691379987,0.0004474802861594712,100.22103151273191,35.198188932881166,215.36375544998626,0.02422594265999661,0.010975030565335721,0,0.012933480586679029,0.04369608848090762,0.026348329858845575,99.83273405215917,57.5607110795442,27.65582615992134
959.3175610897144,0.5887435402279547,0.07970203848870347,0.08442966616566702,1.203104595039054,0.017430363617919137,0.3142899677259203,0.6971761894244038,0.0033044759352044554,0.08018594999677475,0.3657233990139538,-0.00030888548208754665,102.83465951469096,35.65325719806783,223.49826619574065,0.024577506840682314,,0,0.00434210050732698,0.046046797815318855,0.025487269852977987,99.76544417515134,63.65210413003465,35.48200794581339
960.0891797846466,0.5932043807879843,0.08025551295155016,0.08716070605267143,1.218025799093216,0.015112063356888644,0.3112196716936639,0.6949607216333318,0.0033298122864926674,0.07977601155854515,0.40178741746069596,0.00033699239047135115,103.24435396430076,36.44638506032597,240.001101680087,0.024477344819839472,,0,0.007514491348974876,0.044713031368895116,0.029010809035787417,100.2252515680696,69.99571355299732,35.30978286178894
960.4313455407702,0.5925004591953171,0.079454108623355,0.0868943843259013,1.2230070962774275,0.013563057037175572,0.2874755901258427,0.6875963885811778,0.0035221175403787656,0.08016530845206152,0.3838272296322089,-0.0005206005787059399,102.89019062425069,35.86361912750245,228.46483745115407,0.02376185246258688,,0,0.0018585137092377354,0.050379239976629374,0.0218965089103502,100.0439289847054,72.68323909643358,36.689963128511536
961.1191685403251,0.593239913440515,0.07975268418698171,0.0880882458421513,1.1525292734124668,0.01364439498132475,0.3124837587611659,0.6934640151707953,0.003400869871313312,0.07984918547986172,0.3903618076105559,0.0005930540004587606,103.28826642584215,36.98740449695165,220.09776124677052,0.02399963839428322,,0,0.008856157647362809,0.006754714905520316,0.019432279083464718,99.60922342722253,72.55104447040411,35.71081477929052
961.737161793732,0.5904698147859574,0.08647150282129852,0.0882484823125801,1.154640670887429,0.014884343760429476,0.35341842880383645,0.6203257177829058,0.003528142197241496,0.07990612998704227,0.4019927623314948,0.00020082547714978297,99.24482308745861,36.57047380761757,225.5567140589027,0.024229541577039788,,0,0.009041848516470262,0.00808845572405116,0.016015043081823523,99.95293616657163,71.95428658862622,35.879836747217055
962.3481720725246,0.591381443657375,0.08641105779279182,0.08895393601334232,1.113855712518988,0.01496752157865738,0.288716111204134,0.6096428327937546,0.0035071159929351853,0.08006636179025745,0.3920533032109572,-0.0004083743422577625,101.18160757155421,36.72298372938672,223.57670905470636,0.035784009901841135,,0,0.013338447721427593,0.005420352703764139,0.013248004237392506,99.98286357728291,79.19902817237627,35.18988725032427
963.5632096554943,0.5925711689737537,0.08681947266866544,0.09089810764898616,1.1029200735620586,0.014958649440555997,0.3551160792456497,0.6054334627767817,0.003263694715809603,0.08024094935482616,0.39772730536308487,0.00034895329549441154,93.6545454131581,35.688225928085544,222.55917124188252,0.03599149578202748,0.01085075845190093,0,0.007358342429934943,0.012458507987849102,0.01239012970549858,93.3260393570081,78.60509369918162,35.75816713587204
964.195168858131,0.5828418133738029,0.08687523296354317,0.09083873520641074,1.1565250705504626,0.014819294226016971,0.29358753759436224,0.6083811520040021,0.003470665720893816,0.07629852961115811,0.39937930050839304,-0.0005422869692993249,98.33791429347092,37.132138684138006,219.35349761855304,0.043605632093193444,0.009765612752897291,0,0.024384960692447576,0.010199124882625928,0.014803470152991141,93.28687303097853,85.8339033181487,43.86706271785201
964.8026876496159,0.5827755584755859,0.09652375493122164,0.09080820539742943,1.1461244355056028,0.016243996602568738,0.3572155419971593,0.5991389090705331,0.007114935605076662,0.07656296273313404,0.4308919616847721,0.00014521046759589378,113.96618021206442,36.321727810544196,227.6047499111158,0.04409470116164323,0.010041835792397204,0,0.03584244709334238,0.004697520000639844,0.013053235104749877,93.94588480213477,86.01317254340013,48.246853649338384
965.3403766949531,0.5823555805294701,0.09642320919843754,0.0915253102879259,1.0792205679844964,0.016464953333871952,0.2498315896941231,0.6143744393118667,0.006478207654027335,0.07679258187327972,0.43536406159028346,-0.0010853485762315693,122.38171738000675,36.69403087261945,235.56853529921787,0.04370301163877776,0.010084010457682738,0,0.03020509972591645,0.007769901508814328,0.017144013963247745,93.5258192506809,85.65727111000626,50.33755086733739
965.7174573241507,0.5851378085259179,0.09659107054364488,0.0917609309791845,1.1636530419659974,0.016125716624977506,0.25042964862842226,0.594117463691524,0.006477159524723221,0.07706966382324239,0.44117250997793755,0.00047101331069434904,117.27386850282177,36.18189433775234,224.48293727355036,0.04379928543005233,0.009909044173373675,0,0.026961978756173826,0.009965929719196158,0.01336482256881856,92.41758443906876,84.85888265263476,50.48639412823318
966.4541611460088,0.5915444426739341,0.09710199965617058,0.0919791431423125,1.3039344729465987,0.015015589847638903,0.2918444480099497,0.6034534287174328,0.00665665398206362,0.0766189513597503,0.4318103639383288,0.000807502276589136,107.51645344229196,35.70856635159732,240.26776284947476,0.036453186192448056,0.0105166664578558,0,0.031753236895390384,0.01050623700293284,0.012829066918796752,92.6468726501958,85.85080021925246,56.33613003125265
966.8661566482804,0.5879123966043348,0.09697736949155827,0.09207270312331928,1.4276081053979865,0.016177381609355865,0.3236231975465577,0.5977709268785717,0.010393280085097727,0.07640259668673983,0.45727404253701537,0.0017474569494617563,107.32266752210907,37.02363654982482,239.02725755185992,0.028069107503884524,0.009793041664932684,0,0.038752087025235714,0.013635313324853512,0.016350059741261906,93.1303258969111,85.86342010646185,57.239418689477894
967.2048309170965,0.5829603110742534,0.10709135411113124,0.09252546255894567,1.609020320895241,0.01704783781072942,0.3554732795098489,0.6084602574649943,0.010016502911835633,0.07706217461743646,0.4565454439760614,0.004828692302543333,96.26562110474441,35.386496703316595,223.67848721298796,0.020285502938871443,0.00991466884866997,0,0.0342993141471619,0.01822908004464642,0.011382504794259677,92.44010464277552,86.51885077886335,56.9651856594583
967.9275687897252,0.5878353287489545,0.09681216155174693,0.09539913916028797,1.594380230325166,0.017019671940237038,0.32586431954184614,0.6061354423556028,0.006548533960347506,0.07724409020611285,0.5455900889327099,0.001318151812030427,111.2967712303949,33.43813512587675,219.10031649825206,0.021186088840749146,0.009292630701459864,0,0.03374974507190764,0.015202538364851057,0.012047230399643944,92.95938541575636,84.64968789263233,56.62203078553757
968.5874598908209,0.6098092251260149,0.08643393642854957,0.09580056102373917,1.609548892780393,0.017230447901543326,0.2915268502092779,0.6281175930680116,0.010259985915788375,0.07693095071193032,0.5848960443350938,0.0007752727452188467,125.13281051147712,35.761177257648136,230.3528080508655,0.025667611807815963,0.009961402407578483,0,0.02647575251518286,0.013815969436589491,0.01580021929321884,92.92026994464548,84.14847491865594,57.86493550238542
969.2054531442278,0.6084429877486931,0.0869521276304262,0.09498010491029629,1.6389029210105268,0.017350174941854746,0.32583200548842434,0.6662610705604882,0.010232295718849602,0.07682647280092324,0.6088587507476277,0.0016665456081825611,123.95545736748265,36.54288654889076,235.02671306501182,0.019975959868742746,0.04451577172178595,0,0.037072948121276955,0.010035277434123436,0.014397440329565879,92.21777039157574,85.26934331006537,55.58187709984421
969.8513782960941,0.5897139551832545,0.08705358340284888,0.09648441007935435,1.5968339397894058,0.017215011507752547,0.32493008297720793,0.6739967092987424,0.009921096264926314,0.07699869979710446,0.6226521112958466,0.0009619305681911663,127.23953360927732,36.12201624771239,224.71801351063863,0.020334434926954355,0.07558273391416012,0,0.024477792010829606,0.01484262167673956,0.010600624288842068,93.11319330227016,79.06548937419473,57.98386910772901
970.3751013922018,0.5902806139507315,0.0863624205195524,0.09523781334178298,1.65597759154552,0.016896585216445617,0.32601722193331395,0.6728459967269846,0.009828166120856772,0.07692451776379797,0.6155439358686686,0.0007358096817383825,126.61310112174573,36.28353473042981,238.99844524826148,0.020462678721298998,0.07441400216054635,0,0.03225064031554004,0.021282874443889113,0.014500800070387043,92.88360319514202,77.67874737171775,50.56188978961299
971.0454669552197,0.6078250864454657,0.07697221991963703,0.09764984020019611,1.7217195089179838,0.017755785244031787,0.3225946843095221,0.6764299229400973,0.01009412388402922,0.07684328327493567,0.6144831242983994,0.0009368088295052291,108.08872078000806,37.13457760553029,211.3359175587839,0.0202690575619827,0.07515297862449634,0,0.0386962551652104,0.011645932235255323,0.012783335697558313,93.37061918954332,71.49103154625077,50.20602803820228
971.6844091324712,0.6091845232463896,0.07639413885136563,0.09844144700378414,1.6795440987226196,0.01476650209696242,0.3222136737705782,0.7104538841028731,0.009805723976680654,0.07668417058368233,0.624038167153514,0.0006304599451224602,110.59970503677096,36.607673382133086,230.9124133664224,0.02051772638602254,0.07464488774094694,0,0.03560154580248184,0.006653423899777185,0.014015747864578428,92.49358564630863,71.64134203885027,50.641729085817204
972.2744704874191,0.5896190719914306,0.07636452490975065,0.0986335998452088,1.7635207848475243,0.014840304615250776,0.35308635469460303,0.7235771359221044,0.006494121196479417,0.0771720766798756,0.624225536266854,0.00458994662380901,76.73907952174741,36.1695128581905,250.75327855317164,0.01904479941467678,0.07499080986315226,0,0.03575803700679688,0.01497276612797123,0.016063285798418307,93.00298167501717,72.23452004576117,49.7004422615361
972.8575488677524,0.580442024936204,0.07715868523876611,0.09906956286635199,1.736114402879863,0.017860058405863546,0.3561885853901732,0.767026356304468,0.010095354682425646,0.07701007411472924,0.7312789168587185,-0.0016430269232522473,121.7016555140288,35.077810112515266,247.04329473182182,0.01915732965589664,0.07488595114334606,0,0.01567714808118504,0.01565803924828072,0.010797979894871504,93.04987360410934,65.21515793113312,50.26707189555965
973.2066975984908,0.5812762046170151,0.07675122720373917,0.09880910604730131,1.7333585684592707,0.017680777846913746,0.35308997782752155,0.7670656319862824,0.00971704418345399,0.07638244865802214,0.7184743265374787,-0.0015285335310680495,118.23227602682445,36.13361431686497,222.10293281278913,0.02068595183286156,0.04856208429505716,0,0.005957645841462541,0.012306774633601423,0.012207506802612457,92.94758978895037,66.0845153569586,42.17911813462396
973.8910291107383,0.5950508795067248,0.07693803411575216,0.09913008652302664,2.041075486956856,0.015923435448430383,0.3240858153927309,0.770239963019633,0.010128444978485997,0.07708662889861975,0.6076755974433306,-0.002160707129894575,116.55306576337753,35.96902292917992,226.15872219775352,0.02109061836192325,0.04831173604125876,0,0.021583016024130826,0.009350869364479895,0.017379167314727904,92.81649777675398,64.85876976513296,42.83893839799101
974.5613946737561,0.5789737474850962,0.072727975329676,0.09540681329655509,2.059688707714102,0.016030761689115713,0.32160282487252007,0.767514244996632,0.010050588614541067,0.07669362890933873,0.6087704699364637,-0.0018985435485326643,97.47389263357125,36.55690241893586,228.25474750335104,0.020736593605929783,0.053163652805530204,0,0.0136160667958644,0.011359119868422658,0.02242564325812918,92.59595829101238,63.668100729985184,42.95380435393774
975.1689134652412,0.5805739231536042,0.07723386699938004,0.09437315322495106,2.0607837402254514,0.015985325477812607,0.3527211469877302,0.789792121552925,0.010014009099079142,0.07726161155932754,0.6257381951989603,-0.0017389079170157342,98.51212844842121,34.61351605548457,237.84528954097232,0.018468664901404037,0.037981316853955685,0,0.01823696636188105,0.013720329794556481,0.022145862886961635,93.76440464286797,58.12632093934485,42.3249924427386
975.685653586734,0.5808239953077085,0.07347220895631988,0.08614389750585028,2.06987095196911,0.015836478952568844,0.3230077114425014,0.7893131144281812,0.010126831023367235,0.07639276920501391,0.5937559478597603,-0.00212889531505365,102.73213663172177,36.90820858792444,240.01213310805792,0.018991072337242527,0.022409355885264985,0,0.010569713723719011,0.009177850123401091,0.02502656384144683,93.18824306596188,58.51093893061932,36.44244723340966
976.3874425355183,0.5799931931004702,0.07362630438194677,0.0840909365044261,2.0882457444120623,0.01588676023329085,0.3225097655903397,0.7961299983261511,0.009812472224881142,0.04997868982329971,0.5813183494781757,-0.0022237159620962853,107.44792912454662,35.09603096469491,221.50031483900932,0.018345745800308736,0.015883555124756504,0,0.013722171172427189,0.00668549835095816,0.02466739680202992,93.15356684801492,57.69452729125201,36.30184998802199
977.0089272762327,0.593193025512423,0.07322918031698569,0.08153877183876847,2.0155561420808077,0.016923826550423137,0.385259020525821,0.82242649954208,0.006575971349182155,0.05029237536048054,0.6210165188517076,-0.0020655219549453826,97.47073633436405,35.80876598520175,232.47992104547845,0.019022909421089564,0.016653990805238512,0,0.0075400852594510424,0.012384003055121178,0.020481422037743557,92.49364145684935,58.30742042263117,35.74546207682478
977.6164460677178,0.5926351709321717,0.07686510705518002,0.07803316981389635,2.0414244882822956,0.015909935816941403,0.32529549320091883,0.7909445279526767,0.009900918491994912,0.05000158389668227,0.5970531307132078,-0.0018346980933402115,105.76308231395012,35.97761358464733,225.5600364098447,0.009356050253473447,0.013226807942271705,0,0.009800470467103238,0.007324661790335778,0.02117727368481382,92.44247418215534,58.67836166315871,36.440195352918145
978.1366776765182,0.5795319439727753,0.07657026054751075,0.07812923926671093,1.9696564638348173,0.016095218432353377,0.32337827077394216,0.7887574192474678,0.009953758463415514,0.05018207637942227,0.5881960604108226,-0.0021269476855269543,103.27126216783738,37.22514025522391,241.44940179174682,0.007955925470591943,0.012945963200185947,0,0.016215495573871697,0.009254279188612314,0.02265949780550244,92.92664115621163,57.55009447170547,35.9979783839727
978.8349751379951,0.5934611870077655,0.0765653944860484,0.07903371708528327,1.9437706159406396,0.01601289576360675,0.32289536142858405,0.7887379159590905,0.010000668645836883,0.050256487842348804,0.6057866972537901,-0.0022631852651117832,104.55071139853136,36.55098930828651,247.61282530712677,0.007520893923811201,0.011790326977665891,0,0.011362970761926484,0.009254552475389323,0.020739052882351026,92.83049295112778,63.99061860667492,35.213209764301936
979.187615356041,0.6013950529129778,0.07984099513108117,0.07846850536351524,1.9708535775077975,0.014889417707558939,0.32805727066318113,0.7841145001394793,0.009931552457423543,0.049775146478583006,0.6119446117136849,-0.0023405131265097027,101.54978649497866,37.013947843233915,239.5505318559142,0.007388491736124898,0.012489364547779245,0,0.004266517895223303,0.013432576460691799,0.018175999748367373,92.32350861821591,64.1796338288086,34.42976855660507
979.9208276905915,0.5928443236440667,0.07721514596012369,0.07896692787428929,1.9558809033529545,0.014879440983059463,0.2985953067752695,0.7694319294775666,0.010315854307730387,0.05000579126642233,0.5851056824594097,-0.0023404550811209797,100.96629342769805,36.782794953732804,228.46692196387875,0.007506275999094793,0.010185942993688139,0,0.010358400531099845,0.012997364615082732,0.023818813893919995,93.59318271725132,64.80835556651554,36.03738471505344
980.57722730438,0.5999579064406937,0.08020814214081542,0.07873029235606367,1.9045175890690664,0.01477306273422031,0.2974922657322511,0.7662627458956249,0.009658936330766914,0.0635292732529197,0.6091839012781664,-0.002301681627263958,97.60904077267381,35.83241466369052,241.84417748390854,0.007664904688676395,0.009482602416663276,0,0.013004753821782964,0.0011394847032501904,0.025585251022470168,93.67768742467105,72.01672661236913,43.12136906048516
980.9228845478111,0.6034904564778405,0.0797802661589749,0.07779902457063986,1.7699890382315457,0.014901602735163277,0.3477976628592351,0.7878452714036159,0.00988357557285886,0.06365766400861717,0.6214884834827534,-0.0023068192019432185,105.01543744401722,35.488119958055904,241.00030775940814,0.008198933199612636,0.009606565059556703,0,0.00982827064399048,0.016207779663521545,0.015009816267719042,92.06419972644365,77.37184055279027,42.71609882151827
981.6840287808211,0.6055052167283727,0.07627946303853868,0.07785991967141506,1.6196504160122354,0.014690324265530939,0.300251912072599,0.7622426499773112,0.010063886921190824,0.06995256805297254,0.6335653533295175,-0.002613959782810921,106.01109210190106,36.116701145952625,223.1326663303323,0.007904775554017024,0.008684533535909353,0,0.00355311622420036,0.01263650584253722,0.012874273756406209,99.50965546673561,85.57800965764308,50.637565804942625
982.3124964961504,0.6039029787359129,0.07610647830445565,0.07804259307750167,1.3874646955939596,0.014819620561319458,0.3474481899377585,0.7621531045747064,0.006951161518573573,0.08033309244804608,0.6607876309515022,-0.002614958581595541,96.55614630016282,35.64189232052162,236.2856198622701,0.007462588813875226,0.009343407125852516,0,0.010435019157873154,0.006578979681691764,0.016234982937392357,100.52861150476774,87.61221314227842,49.88406145358651
982.6581537395813,0.6027964938440425,0.07652021996255663,0.07779868585447126,1.3266698876032346,0.014482725064218703,0.34372749100103006,0.7610941236326618,0.006921050146224974,0.07977095206390936,0.6545891604755844,-0.0024794630294430993,97.23854465035073,36.67673485478085,219.97592232915656,0.009039349348645179,0.010364267535185715,0,0.016755806647110735,0.012200852807828606,0.015109086954859232,99.88152538594066,83.92072408490462,50.84761575570561
983.4158064852838,0.5977050411068937,0.07319619260607012,0.07697922666161072,1.2125790284783893,0.01460886035929193,0.3011349788095384,0.7482739006581496,0.0064459732579798205,0.08311393916145848,0.6316569920693133,-0.002240738352624534,96.37992785882207,36.30637660349644,234.18065581516183,0.009511489013719784,0.011153109255984011,0,0.020287951959386562,0.007560012219809514,0.012658874454719376,99.89917950777442,92.8224927564205,57.98846299985192
984.0477656879204,0.35744539119740887,0.06940513698607319,0.07678715643850019,1.1338964786530417,0.012818609972377612,0.34366400833157057,0.7527702934809413,0.003390819382314959,0.08358648822677822,0.6377585194678377,-0.000542518623461404,88.32871567711425,37.19049875177041,236.78105053794997,0.009890438406638833,0.012170580403670602,0,0.012187938754379929,0.00950120233903363,0.010848775499981957,99.98295939823208,93.0912332300648,64.21948804194916
984.389931444044,0.5990788863305272,0.07333362427338858,0.07582576695705474,1.094139321878786,0.014614339886319144,0.34334891382082716,0.760773798283461,0.006797927101165943,0.08376561117446096,0.6351565601828176,-0.0006290994897812271,82.86748882781576,36.34011376082543,238.41385554438682,0.012307517791345254,0.011571273543228127,0,0.023148571143933636,0.0022322521096141126,0.007830968434175347,98.88907395022358,91.58501014267235,70.41087041676434
985.11616080398,0.5708688562127994,0.07324152172962829,0.07468388125661214,0.9816362457640846,0.01477347684713158,0.34753400463851114,0.7637094545991676,0.0031586662201908747,0.08009209947178873,0.6650345630707115,0.0011322641705648281,90.77836335345512,35.757553023985935,231.25456506678609,0.014933516378337054,0.015199740531504066,0,0.02099792093311793,0.004616166205542505,0.008209750840009916,100.73739698351584,93.146172692892,72.13056331196823
985.4618180474113,0.35749026044568616,0.06989053319115482,0.07499968033655216,1.0013260291896149,0.011860375323453689,0.35343762805090806,0.7474864623685606,0.0036506895197221337,0.07659465924834474,0.6474791060191867,0.001369506121919177,90.49792226107061,35.770878205269426,243.42724296647066,0.02064360505725573,0.01382928155601277,0,0.02084651967329502,0.010876033675484427,0.004190163307098347,100.1234378823557,91.84640895864375,78.14851221255637
985.7516114939242,0.5757277677427879,0.0734295356005246,0.07442129353115788,0.9439035946031245,0.015296708858226118,0.3516049700328135,0.7732695224864463,0.0033479177954860375,0.07619129658493062,0.65034250828247,0.0011594933204834342,91.70752832950102,36.724695810123464,237.25794375313578,0.015910790333004708,0.008634889323362243,0,0.02220398607530754,0.007970640732358553,0.006206458899876362,99.49384008680633,98.8570668732217,78.73324095279314
986.1252006358145,0.5732655645739146,0.07320320371678347,0.07384616728387035,0.9743135772569487,0.015245115480704985,0.34285104827244894,0.7733669040925211,0.002971337876043752,0.07644175243099698,0.6365771132332165,0.0013534402660857134,94.10423365624129,36.738089385715824,232.7638756828849,0.013234046717246293,0.028116786929918147,0,0.029689984085903946,0.022323034177620753,0.005644670899041966,99.18370724820727,99.42489050629466,78.63663045465661
986.886344868824,0.573644641589732,0.07327311448443069,0.07303481620139073,0.9317888119422049,0.015299113327968418,0.3352585057183414,0.7353465051132173,0.0034172265953918255,0.07617956385090696,0.6377287661087118,0.0012587006256209517,87.32009853802383,35.0134721074364,240.3140355957551,0.010415802841481612,0.017992444980187157,0,0.024271317852503894,0.02778555660616165,0.00931047780047353,100.3330304974672,100.13604405943943,78.75686537255118
987.4868806856945,0.5754632978927856,0.07305442821094259,0.07351826568176369,0.946523885717688,0.015357594098331062,0.333423005403338,0.743413881489003,0.0036867328400763243,0.07714118331968554,0.6404803692874459,0.0014518216021439149,88.5703969388838,36.042788099747234,232.1509809012539,0.008939790405015044,0.026820812871610398,0,0.02884763817702144,0.02020877746745115,0.007626707595947494,99.14228698799086,100.56050696040515,77.9228247650073
987.8569783402771,0.5707993810777798,0.07352839594827162,0.07292072758407259,0.9216115218065141,0.01525136723387138,0.3356615374536222,0.7527363118931462,0.003553121910068822,0.07653145456245597,0.6409463807109977,0.0012550489245235854,95.66991237556715,37.301789856439655,236.41194392355354,0.010013905385961534,0.017989481236534436,0,0.026838572179274676,0.016442542845197906,0.011716705847755032,99.60419524328337,99.66051114246879,78.62072087209776
988.607648111365,0.5800218539067364,0.08633094926416465,0.07326814458686083,0.9490154474958655,0.015103437026830225,0.33629864181135133,0.7378670525153437,0.003480578072506915,0.07640375813904553,0.6405868266702738,-0.00035723975837682756,104.25316224948318,35.20804622579352,255.20837701850908,0.010812530257289324,0.01832479504958086,0,0.026732803639657212,0.020896068462965583,0.011298510884795226,99.95339704886042,99.78558908157078,77.26598782294884
989.2186583901571,0.5844063158329283,0.08656320041452668,0.07383095581737754,0.9073282083227483,0.01536759912731471,0.3368193827742574,0.7713745081363769,0.0032019128823773894,0.07684887680611002,0.6463641516165065,-0.0006977319927401341,103.74953495973496,36.1186778518017,241.35174516194976,0.008686870909191957,0.027782733600977567,0,0.028457035883069002,0.020365810055269818,0.009103263415602955,100.71913998708935,100.06308230061705,79.98583384464457
989.8401431308715,0.5832320642910378,0.08636610398054712,0.0741179929215002,0.9563627930435133,0.015839980538459867,0.33434695671301506,0.7797918307205718,0.003543395212214415,0.07618155162751697,0.6388403266540864,-0.0007628292920936863,103.14081770425425,35.51220523949145,239.2009252880471,0.011312084944099505,0.01112387055964473,0,0.03221026090990187,0.02189192321456666,0.007495768818890284,100.31426126149633,99.99947870681162,78.62085752431769
990.3917981254384,0.5829889348375238,0.08706640623907251,0.07524230733008526,0.9145775717867543,0.015190945365135957,0.34047007373383603,0.761423906899159,0.0037169585085818574,0.0768513659149334,0.6019655901944799,-0.0001419784499747267,100.82523688483225,36.711884245133426,236.66106894748938,0.009317356078498786,0.013665237664283488,0,0.03082898841482291,0.0210668203271802,0.007582205195160957,100.34617340862081,91.75336409642716,79.33207047304958
991.0516892265341,0.5859038371441457,0.08731927627609354,0.07742105759401574,0.875177472926154,0.015194147614024208,0.3345448708322878,0.7730955923870308,0.0029737367761592933,0.076904050330823,0.616640550516362,-0.000785491609259276,104.26838987013848,35.339127925522774,234.95652617860188,0.007764062216369497,0.014513105001096423,0,0.03299451457995279,0.012954679047895157,0.013411675699232573,100.39871489319133,93.45686107767763,71.07698786653847
991.6592080180191,0.5926385623806474,0.0873474487706482,0.07964659782963837,0.8377245483060332,0.015681617900281834,0.32318928685050075,0.7660841138758188,0.0035070926331425088,0.07648161678794518,0.6272268162295023,-0.0011671858965718739,102.33797196974076,36.068482312699786,241.32402144603077,0.008145320222440211,0.01368193328470735,0,0.02964471090517333,0.018112190689886704,0.007057445495746463,99.6713484819125,92.54417279944546,71.58714097271042
992.2876757333484,0.5838752320519537,0.0861376242628147,0.08283167973539315,0.8273502292727337,0.015487975130964646,0.33558369862680615,0.7701025983164124,0.0033724169089911697,0.07669404045199588,0.6176225530937772,-0.0008024887462525799,100.29976701255646,35.17049988404651,250.4594686592122,0.008927385136966903,0.01839342981289897,0,0.027865824699341468,0.01819827936130421,0.010658513534648093,100.35942780213358,93.37610385057349,63.60374834404112
992.8463137025298,0.5943677962953003,0.08741987069225089,0.08539374634209075,0.8455537054014914,0.015312499863671605,0.3352151565358666,0.7720301449686148,0.0032645357893074456,0.07659922445789973,0.6429738268223173,-0.00010356937918907666,100.79336596901568,36.580050138462994,228.67676630295475,0.008196663609390517,0.010637318341574333,0,0.023826438186320582,0.020186910545468974,0.009013742152210473,99.58275331529697,86.08041010077686,56.79148833197353
993.4992218290109,0.5811859456855958,0.08724034002396465,0.08639967303584328,0.8672756535809392,0.015237302219579323,0.3276308338193219,0.7734451265285808,0.0031450055732307057,0.07739447555755997,0.7213986824432277,-0.000858629833488003,102.59166237409661,35.36587406305834,249.05170917840778,0.007990804869101538,0.010762094477849331,0,0.024025194850938927,0.023840070575798098,0.010934831571870175,98.79659297377611,85.28338651640074,50.02458704348763
994.0927746712663,0.5802407866436013,0.08684558848173925,0.08738533512978196,0.8586084583262883,0.01553146478689726,0.3299798120958233,0.7766715143447241,0.0032923940069875856,0.07686935872344086,0.74860765359043,-0.0010591935412618066,100.95347917490376,35.42991597699808,252.6895088736939,0.007918143833679244,0.009621372214154442,0,0.021799851117071736,0.018147669236125406,0.007132071021087387,100.32731368642756,85.2211382514538,41.9584313110091
994.7212423865953,0.5776862468440659,0.08717804390162251,0.08724396361024461,0.8360811530671566,0.015306717467114104,0.32370786505701316,0.7700668655312153,0.0035121822687108626,0.07685509383253844,0.785339374264838,-0.0008143613233694009,99.0303110146657,36.4210991535152,258.53042515148564,0.007957051007432051,0.009255416087656652,0,0.018465306445127637,0.020245102861943556,0.009407984109354424,100.35946734962889,86.0132287075136,42.98526449337136
995.2728973811624,0.5715392048119198,0.08683395532846723,0.08804709056734984,0.7029903798167179,0.015144099362277938,0.3268744865119949,0.7702309947489533,-0.00011761410295659036,0.07298794203601049,0.7896545825455685,-0.0011766229348353224,100.16128907129875,36.61393145613065,228.40435096050507,0.007036275896056741,0.010385078851956336,0,0.006789341889140502,0.0010083094804765893,0.007962483666467835,100.08257396529885,79.86688838230846,42.645006336162815
995.9258055076432,0.5676149125214562,0.08648765637306409,0.08768590439491786,0.6322465811891453,0.015468285428851345,0.3536845430318388,0.7796120913011725,-0.00040362200770886726,0.07670067092461814,0.7892576791744439,0.0004949018892201813,98.37768524696584,34.995384379172485,251.76797022275346,0.008397583465909245,0.009836779945260749,0,0.012563496753466418,0.002591932099975331,0.006906601054964288,99.41247615168439,79.35215250966445,36.881020633280144
996.5228498372059,0.5780840411828555,0.08665045904733863,0.08809994789910562,0.5623685569625526,0.015674131451295096,0.33811135460528646,0.7719858701185455,0.0031219466828935577,0.07600800717543776,0.830929387712045,0.00011035214580498227,104.77519118816798,36.875440958324184,243.21767907742287,0.007265219538046763,0.010297261840755393,0,0.006866234387725644,0.008716310150558942,0.007821187415913658,100.07263752462475,78.39032369621722,26.973896689182826
997.1268771413836,0.5754471849678364,0.08735584746585145,0.08706825518919428,0.4647908743798195,0.01572870670516116,0.34930182318109804,0.7828457545680872,0.003487092113862964,0.07674313720306326,0.8456775222644689,-0.000968822977516941,107.18611293368183,35.02760288439224,241.35297654254066,0.006282797637941438,0.009192119864571444,0,0.005115200336291181,0.0033284230631351816,0.0017933149783057193,100.04946623955779,78.20785118961192,21.985945601751503
997.6994810597947,0.5771116068344437,0.08666093886171143,0.08708760234455643,0.5386048508314927,0.016618704046219342,0.34932267017927554,0.7825068589792834,0.0034231894160061723,0.07653595117927718,0.8697207170358746,0.00015465888364918492,106.77281434509521,37.22862600916299,241.09444351067407,0.008397641646264182,0.009301625388499003,0,0.0016459349343048322,0.007750059172187667,0.00753545975435897,92.36497186827746,71.83235558254361,20.61221917888649
998.0486297905331,0.5685699410577852,0.08702779386964651,0.08630089507238549,0.4934554338924093,0.01553917239930087,0.35086750089232216,0.7788180836177515,0.0035627306164330553,0.07723537015023202,0.8438821363580022,0.00014516270636661088,104.63931095438264,37.215159595105945,243.91298767679243,0.007864398308105492,0.009894618241559149,0,0.011892826408429813,0.005272922780596924,0.004469033815532176,92.70176179997664,71.21301048161165,13.77155708702223
998.7539102266246,0.5754747007593523,0.08644626627335351,0.08558763324222293,0.48374439378349576,0.015714269578842463,0.33378093163419664,0.7740111075312628,0.0032862185083822005,0.07314424282269967,0.8431604001868719,-0.0021051113882181905,105.64252787838821,35.148270498404806,248.1698916098756,0.012502309704277082,0.010000082737032949,0,0.013919301236597039,0.0022019879284933693,0.0050195587436151325,92.5212205230892,70.52380011651324,12.65050792027831
999.4312587642574,0.5769081927569308,0.0864368251921247,0.08556977999422292,0.487121235438474,0.014978229012068252,0.3320291031638742,0.762589008691136,0.0027079748682224303,0.07320773726171138,0.8042184812333673,-0.002400632357813457,105.36420549926565,35.51005574463717,233.78613680519317,0.012717948303430832,0.009262692910059881,0,0.007937395398790369,0.012460496592202747,0.003268468608420005,92.01727961879148,64.40889000939842,13.783715914988402
1000.0527435049718,0.5798839085124292,0.08632397689974054,0.08477360256848551,0.43520552433752935,0.015162394095366752,0.3325108503859531,0.7713506108114364,0.010228356208813212,0.07290035749199779,0.8040887079548866,-0.0024911204125179945,110.03651104723166,36.92065444738638,240.77747736946037,0.012535271406528764,0.009834877351001315,0,0.008049575864854438,0.005915355088125341,0.010632597017313374,93.10658651076807,64.76251341236296,14.530932892892123
1000.6428048599201,0.575460265359612,0.08626862147501144,0.084155742690851,0.44383569140627144,0.015237160583772644,0.34960923214481465,0.7668399133479362,0.003277770680198686,0.07035919944714991,0.8019554058069502,-0.00013139823166481845,101.18467711185748,35.29009541931564,237.46173137150132,0.012728867451683208,0.00826963342278859,0,0.006659244847822245,0.006526193066553076,0.009385522117301662,93.30743648678562,63.45310206072923,14.9138020771914
1001.1909683671794,0.5939053539629716,0.08671255166585871,0.08382900378137499,0.3926107025743377,0.01566917312463211,0.351975624109537,0.7727619423388385,0.003284676959164029,0.06976977968463978,0.8155923792130766,-0.0004014223868352254,104.59799663261472,37.79848585747188,229.19640614287817,0.011456895728024701,0.008122228706748225,0,0.0015136276953782264,0.009059589894969319,0.004853869098066766,92.72010979655893,64.45461770760885,13.68927287465063
1001.8648254175044,0.5939702977767981,0.08618276363319317,0.08508258932711495,0.42723379388478677,0.015789591367348164,0.34841819524137485,0.7714442673740212,0.0037404376641678536,0.06929752613619655,0.8468584128668356,-0.00017767652877901023,106.0991820191364,34.83159293140536,237.6426169933758,0.010633278220980487,0.008716418461651679,0,0.0054363862377635255,0.009854325592054168,0.009640061755850561,92.48007471418265,57.588229680175395,19.939482804197887
1002.4688527216821,0.5793762680492558,0.08322598519783968,0.08449523655198754,0.4379359954146351,0.015589444386462637,0.3366680020844502,0.7675551145589942,0.0032575273585849,0.07020023123577644,0.8344667105111642,-0.0020146502244479743,104.09615106692937,35.163114298153886,243.22528717860925,0.011147610510132883,0.007777397338496365,0,0.0027478200808742337,0.009989412256845291,0.009079425736218878,92.31617525864,57.17347967908177,22.150752772828163
1003.1043034116261,0.5803131957263057,0.08326621153330027,0.0847923534021118,0.444819491218313,0.016047068036454445,0.35050881890122804,0.806979009567943,0.0030482888452720664,0.06945128736015431,0.8895229970389121,-0.002146224105934758,104.12557341982696,35.15984534885501,224.38876483871928,0.010919784039338281,0.008256970058760563,0,0.003995161913670179,-0.0026225869016926655,0.0016726402584563644,93.80419774548048,56.392007219612196,21.3064322623325
1003.6524669188856,0.5790127281291391,0.07905345390283727,0.08423063237326457,0.3833495201573503,0.01590158172722142,0.3345993617258464,0.7713633652980301,-0.00025736542366929595,0.07016031273045531,0.8432561390579898,-0.0002245332628331602,101.32158791073175,36.26589973642442,256.2787409428548,0.010633605985423055,0.009663442762522543,0,0.013341698963370237,0.007308344017063893,0.010225435033535669,93.0188113764787,58.70738400801,22.05444196367358
1004.301883558059,0.5806267570940016,0.08002857818495149,0.08404766622350274,0.3202527114802695,0.016133781800142428,0.3277545168844319,0.7700306018040143,6.071637541340705e-05,0.06925457615404555,0.846853538445266,-0.00018696518570586964,98.02644596655064,35.57683206725276,240.02653176282175,0.011333467617130017,0.0075687778179861975,0,0.0068672311181811494,0.005608053241274882,0.004642486783513779,92.76166275547268,57.12378421249266,22.00396444301708
1004.909402349544,0.580146254112985,0.08021562513108015,0.08348131582535458,0.34011936240259466,0.016029457923881944,0.3279084837674176,0.7698525957078435,-0.00016333243621435438,0.06997690830214513,0.8802668269047313,-0.0004135903260347387,100.63148749681284,36.780296297616744,234.49446517738937,0.011381364842433463,0.016928354994035968,0,0.012802191874699095,0.005541432572246159,0.005030995784847235,92.39257918100567,56.549470231413096,22.298445584376662
1005.516921141029,0.5805485157608176,0.07991756955209672,0.08459936830223815,0.33524836227140314,0.015919031299263718,0.32900905701887684,0.7727605497891433,-1.4608110149322748e-05,0.07041180816287114,0.8772496874057225,-0.0001344692304568093,100.04369390087149,35.975080408985555,227.69021391026652,0.010366885102447217,0.01807128203604329,0,0.008521132891999168,0.009855335402609668,0.0032982530678161903,92.6211736340006,51.19430268328428,20.510945809423085
1006.0825420848253,0.5791830223135372,0.07936791855142387,0.08327356629177787,0.32967824902127046,0.015963743880271847,0.33122427838714763,0.8058177628724389,-8.585469147238359e-05,0.0699402543722148,0.9000536081628068,-0.0016852920546800573,111.82842273320452,36.72977530672662,232.17377883915012,0.010167042885977032,0.018309355761399228,0,0.009492630206976705,0.0018931492415502236,0.009067703895490966,92.63486377586598,49.882358363917156,21.93541593600589
1006.7214842620767,0.5794325719384641,0.07988634793669559,0.08363878422476394,0.35129569405861116,0.016107762520944896,0.3476645896351798,0.8021523433531655,5.28518988851798e-05,0.07378402565494988,0.9012126400524476,-0.000822042159660129,109.01008783567407,37.7696471065272,237.60547802462654,0.010423967587494304,0.0242720724025296,0,0.007398645807445806,0.007444251898991508,0.0030281218944620634,93.12183837794973,50.04284362866959,21.543568699559827
1007.3394775154838,0.5789855465321984,0.08076853327497757,0.08281547320287691,0.37124158580673433,0.016149014907235984,0.32877679158089695,0.7887234901397282,0.0003341514404544189,0.07647343093568243,0.9280812502474884,-0.0015596291932690957,110.09012400511699,35.547390640150574,247.63160704632494,0.009925119859846444,0.02306704479787606,0,0.0016221685093937436,0.010850597507472307,0.006038233539865188,92.54675027876888,49.9759974586864,14.799317775659745
1007.9469963069687,0.5795150996952912,0.08017530155301104,0.08210010650299872,0.35336053924652794,0.016123437382728693,0.3297359078488096,0.7914481975776245,-7.062972971130239e-05,0.07640921961717774,0.9043526770122807,-0.00170378849940871,102.04614638075735,35.89098732875711,238.76693397486878,0.009808828964520669,0.01952880421922377,0,0.007712432595071807,0.004330672892175961,0.004944717743267459,93.24512753032458,50.29202660501751,13.41212524814593
1008.5091257634579,0.5816490313169741,0.08039319935052094,0.0815494500932508,0.3738191951618606,0.016119293436843776,0.34640858291265825,0.8197809938835138,-0.00019119453964890016,0.07638533402030892,0.924245716455406,-0.0012960416545788331,107.00418667151827,36.38302358877352,241.61562040265576,0.010663294931592973,0.016178251239983593,0,0.007837715435736187,0.004176528450643208,0.002345022470517474,92.73423027316451,42.63162951342169,13.89543086611856
1009.1794913264757,0.5772452814989176,0.08010690117176622,0.08136018898555823,0.3353240321652612,0.015896892803620912,0.3477794338422427,0.7865807343183266,0.00019324592950953004,0.07660980027844867,0.9365250640927051,-0.0015045413147873768,108.18740137446292,36.97715876909546,235.5148318511672,0.010467877972142436,0.017294528277724926,0,-0.003989044471367333,0.004023521879795521,0.007815293765219344,91.95483765689839,41.91446548840159,7.095202244104844
1009.7590782195014,0.5787070393682401,0.07955214251473663,0.08111605183849069,0.3760268312191334,0.01624681911427535,0.3475651536305832,0.7932859436525,0.0001868032639235959,0.07720397514864491,0.9512020072917599,-0.0015816501098948044,106.50445066852267,34.913317142495366,253.4377003471323,0.010398058382670635,0.01972369380390576,0,0.0006687795483373597,0.0027994123960387966,0.006270422707987774,93.32353795176824,41.79975607241761,6.5615488360545715
1010.3631055236791,0.5760921905099837,0.0808657315134971,0.08184959210809309,0.38782517220833285,0.01638494840556564,0.35554728559445475,0.8236812964533259,-0.00015038644254153181,0.07327400396772128,0.9666390381594169,-0.001556176638818125,109.4408640933501,36.319895790463995,253.9030994776551,0.010551522154847608,0.016450914826646006,0,0.006246949005350931,-0.0009446851170711486,0.0036746697649270668,92.96563149180547,42.20652103056295,7.1184449053171965
1010.9636413405491,0.5770383766707766,0.07991155375726534,0.08029911686852452,0.4023217107606908,0.01553943093216565,0.34762564617811814,0.7853677039370098,0.00014781980845818537,0.07348433096731748,0.9217614141004823,-0.00224601712210998,110.71279768708736,34.85378328508444,250.661318970755,0.01018889478191581,0.01509330705823656,0,0.0019469765021906675,0.001295362558537667,0.007220677773805211,92.99803080249102,35.631799168488286,7.287180468798489
1011.6165494670299,0.5750924611761506,0.08028295924145994,0.08097676003426904,0.38775104321162945,0.016000812327077202,0.35574055979235103,0.8231167166777373,0.0003268192484561808,0.07406464875953819,0.890926744033204,-0.0015223779879222396,110.12836744133752,36.51581032050261,240.53353058959925,0.013337684064076046,0.01592976060044589,0,0.0016115543429042567,0.008813878448568029,0.005478107364874262,92.7512544313732,35.077933658520806,6.7380608222420015
1012.1996278473633,0.5804349130664421,0.08054894190401483,0.080655868926755,0.4147700819848408,0.016040234635717184,0.36561853259569976,0.8236755328581437,0.0035907477770237895,0.07296319128717192,0.9212767965749133,-0.001588950495564044,105.68150141168647,35.72269525001655,251.9551647904523,0.013028208014482352,0.015394202546834724,0,0.0009105947151366403,0.007225693841180228,0.008189788469893943,86.07188960516223,35.37133237043097,7.835708834625246
1012.8141296134629,0.5780469328615564,0.07969301288008318,0.0815440386793631,0.52082833023791,0.015700474503494828,0.3550836095929976,0.8135465461681525,0.003700396157865881,0.07311383396797491,0.8823235476215078,-0.001408012028668786,109.20089526628576,37.37375436884659,260.6482138383348,0.013591669856040165,0.015776300726318096,0,-0.002582191724674333,0.000582046646807056,0.002177953112213911,85.14885728750126,37.17218025447951,7.4097695626729365
1013.4006994811037,0.5827012364640257,0.07996070767167637,0.08038105406266942,0.5678500830266969,0.01585834220302611,0.3660388575233067,0.8252980945548555,0.002975102803470395,0.07302135167752939,0.8967636709015406,-0.001946949556707695,104.28331932492051,38.04117873259134,250.040872878742,0.01346291747638965,0.015462033956204014,0,9.437676140811643e-05,0.002579149145711436,0.0035474659452579284,86.52327033988824,26.919360986232128,6.758158829431022
1014.011709759896,0.5855199776468567,0.07958343704926228,0.08306675079079236,0.6414709506289337,0.016461698537821007,0.36989069141336883,0.8237501632673828,0.006403547432328107,0.07332249578441817,0.937072947024412,-0.0014815484076181355,103.59709147248937,35.95788538284866,245.25599134060593,0.014130367270709968,0.014602139994382708,0,0.003626072850713034,0.006684338678287567,0.011670969217352795,86.38572259011978,28.911048914950406,6.789655626892312
1014.6262115259956,0.5829240580339228,0.08025597496932588,0.08321504250271997,0.7101735941998611,0.015745167104998254,0.3664624564724352,0.8251733671585905,0.0034105581565454734,0.0733799994882433,0.9057629182200471,-0.0006143075700781585,102.08992555868663,38.44120714966034,242.0703813838287,0.01488768378557501,0.016634387910030975,0,0.001776783268567149,0.0065826106943706175,0.00648479779797154,86.11979285330362,27.7633799137342,6.405476688904075
1015.2337303174808,0.5817071061895134,0.07915991316160935,0.0837926595975866,0.881712055691898,0.016071592601347096,0.36910161867627406,0.8124122803897297,0.003436672659222549,0.073111478209299,0.9008858657197836,-0.0006345997308838029,103.17743968788749,39.29997884182847,241.74715390396858,0.013938072060306625,0.021181416638554967,0,-0.0002647958351196506,0.0045755314878006175,0.0030323870111536363,85.07478799727045,28.383102777903204,5.763824402512997
1015.7923682866622,0.5837551274470992,0.08053238983362297,0.08294325319265364,0.8694940079508856,0.015870291316999473,0.36887309947748653,0.8214759931137958,0.0037774503289996486,0.07288814551787873,0.8618214585351367,-0.00010154664563334816,93.69734686833668,37.09467567216522,248.626863342608,0.013573567481443028,0.024107147241818252,0,-0.0029143232538048135,0.005661986654267249,0.00704366339923884,79.3901017810169,27.842612193400164,8.012269653487607
1016.4697168242948,0.5820991174310532,0.08331620901358339,0.08387449700155723,0.8825394729665474,0.015901327112897132,0.3698455031386389,0.8231593203881467,0.003230851000078101,0.07350262011309959,0.860508192774912,1.900008956886448e-05,93.97613752110136,38.5566456476835,242.58803543115275,0.013740292506890687,0.017930288754617163,0,-0.0033647584933053742,0.008002935768482447,0.0026646296719767403,78.7568789973329,29.23872389506825,7.284293690421424
1017.0807271030872,0.5837276996521362,0.08301047234794659,0.08287590634307783,0.8632351799461523,0.016049481441279462,0.36639756932529133,0.7993545594915713,-5.3535203430094664e-05,0.07362912469172442,0.8640849807919373,-0.00042951528397774756,92.84959332698357,37.46087176270177,245.11482791234886,0.012921611738140156,0.021056140927583452,0,-0.000679067075749259,0.0054601712736387495,0.0010785563380586822,78.68175448791553,28.99261808293466,7.402155947490608
1017.660313996113,0.579149342355552,0.08310543951172995,0.08305308322750903,0.94208336236862,0.017012400288118516,0.3718902493539978,0.8068073724715564,0.00014336033907364615,0.07389954184329825,0.8427878489732712,0.00042957668252891726,88.30223765166507,37.25766211531395,242.23500554058353,0.01339023229901875,0.015527480309218047,0,0.0002553963920573589,0.0037539241134511847,0.006520367741760133,78.90950327250137,28.012229129793756,5.452973473454719
1018.2294264272168,0.5802703056496005,0.08428462208461202,0.08397497172493976,0.9524714846154758,0.01724724144767069,0.3673889802233486,0.8150233164542507,0.0032724928874777563,0.07307564022160587,0.8500376100050112,0.00022115459158121147,88.20697363400224,37.35980805340424,244.6533015043246,0.012724276063198963,0.014487234016097264,0,-0.000979298607317717,0.0015991977477318176,0.0020299958353780885,78.00780682141912,29.850391318841986,6.9383383002186445
1018.8648771171607,0.5799874130747873,0.08263529500568723,0.08506456303027636,0.9867078798726647,0.017270720312360648,0.3517727215714758,0.8156540125445421,0.006548180359746718,0.07330034269653443,0.7881128507139791,-0.0007071036621296726,92.67979060882404,37.885747676607174,243.7687695399551,0.013897821790020564,0.015448809939148283,0,-0.0018119411762241152,0.005091351223813747,0.0066064598627661305,78.95582117911054,28.325617187255048,6.933634882053907
1019.4793788832603,0.580338133231599,0.08340195962948305,0.08484433309739929,0.9649593551151469,0.017309288906825898,0.37146014076479067,0.8718129899432361,-0.00027495124936125734,0.07338116906561098,0.8933758061454886,-0.0006912212165757476,93.32416946160231,37.184093017446465,243.67911545257127,0.013306126439328384,0.020999629433857105,0,-0.0030887511761846374,0.006271276702225285,0.006641494281481163,78.83755581069758,28.847362149991856,5.566396807691112
1020.0868976747454,0.5797815906192807,0.08339237998204527,0.08598704112420567,1.0155500430618,0.017282868964183226,0.3674118691401433,0.8258362453302884,-0.0006257878514839588,0.07358689552677963,0.7994467489556784,0.0010032136615724305,91.71524736464082,37.80791059080376,234.37592545742785,0.015790996066180972,0.016434181764848618,0,0.0054825788197662316,0.008461672971871283,0.004898704014274839,78.64773751677359,28.61381881398534,6.857378114279662
1020.6595015931564,0.5815983898383372,0.08303363777615723,0.08567561527702842,1.052508795527694,0.01704533731313895,0.40087303160016746,0.8279049023087703,0.00045650366852726667,0.07339410046061441,0.7790442806039597,0.0009895567473954205,88.17547255662032,38.024152935237936,254.91650510871168,0.01329159913905472,0.016488040335911645,0,-0.0008510429494807357,0.006816106315261589,0.006270949745955865,78.28961869591076,29.09203612058538,7.161113538738269
1021.2984437704079,0.5794371000807277,0.08255442739767431,0.08677114091930348,1.0882118372296314,0.016962813722120502,0.4047019350417598,0.8260108374817897,-0.00029508727940090424,0.0736653672550162,0.8006569778087674,0.0010696103768591933,89.94681992839703,38.36195633232935,239.20778004523976,0.01314533263746353,0.013760340523873333,0,0.003773478026807231,0.001196309243195414,0.006630394183232755,78.56749304594577,29.710956393749242,7.18576169684491
1021.9059625618929,0.5802187020980637,0.08321084744164176,0.08661205175127099,1.05316676579484,0.01675678092306841,0.40476517181590316,0.8016320283029914,-0.00026462750363093803,0.07360169679043795,0.7668138603692247,0.0010853387200192922,88.10680931669935,37.37685079372807,259.97615318960965,0.01577974267648005,0.012733666067004372,0,0.0014620833603795833,0.0032023350225461565,0.007540724316397405,78.04726925224975,28.8400289030125,7.183952687309293
1022.506498378763,0.5799391136774843,0.08341190852607462,0.08696926352713752,1.1042218179327856,0.01676550720651107,0.41002323802036045,0.8052082921695581,0.0004456654067259258,0.07287738390791333,0.7622950007970398,0.0006922670319208819,102.06916440843138,38.27548664385178,238.153289005199,0.012658271710456914,0.014315301811867286,0,0.003372648682737314,0.007914386037485892,0.009527723542765558,77.85024777490626,28.059661921893337,6.941022480582776
1023.0756108098666,0.5808133320081568,0.08330020088287549,0.08605594873631783,1.089939115751662,0.015312657263489302,0.34892674633292364,0.7921904348962252,-0.0004548861381080037,0.07372630813340546,0.4627785804744987,0.0008034287494059757,99.52357211278239,37.5313875499354,250.07266669440136,0.012945021210979195,0.021766520343622097,0,0.0024011144171635513,0.011746775349638678,0.011864276568955896,77.59624808670307,29.055792813401574,6.7421628069049335
1023.7250274490402,0.5780269326342334,0.08342191016202226,0.0845519222602643,1.15392963790479,0.0151504920951818,0.38504633454539,0.8007566465467969,-2.2824990829489267e-05,0.07364403521996765,0.4650625176627564,0.0006576671143580881,93.00553948677968,37.15847037247824,236.70694734758717,0.013000970937602023,0.023407025190571036,0,-0.003769249015109716,0.011731846902791285,0.012498597226995681,78.19460015604999,28.763806331420714,7.909238735562276
1024.332546240525,0.5821782600351907,0.08398680836623507,0.08456671869233438,1.1911947475086844,0.015251641414327404,0.3553689004839384,0.7938565495051196,1.8378716975885381e-06,0.07369468607282795,0.46875076714105984,-0.0010641669378267727,101.6408245894982,38.00380716131434,240.09763628542734,0.01590536308494425,0.031646923896345214,0,0.0029820326117102093,0.013569153085178282,0.004005337420594702,78.52871908402741,28.029446664065862,7.660118379920221
1024.9470480066248,0.5807577737529661,0.0801581908573313,0.08537237584052854,1.1638726001554438,0.015096282630177255,0.3758450544593674,0.7515384091908422,5.088950857379559e-05,0.07301646233967217,0.46283695548090814,0.0007109323655315622,86.33745306964008,37.28140489242986,238.80732485043234,0.01288532476525786,0.03029473433347951,0,-0.0006084184005620611,0.011013491143704661,0.004800791109413309,77.55989686476221,27.866058360466077,8.224505011621648
1025.537109361573,0.5825112825986951,0.07950863163330499,0.08507619340509259,1.1713748757195286,0.01510797412247975,0.38532308022196593,0.749191452731765,-0.0001275829586961885,0.07367777917077199,0.4432672122622784,0.0014310984384247759,89.86213615500887,36.60510327601666,256.8041018499848,0.012049589532164404,0.026344181730389105,0,-0.00488051218980876,0.015767974899477358,0.009367709184654873,78.41329825166137,28.036797739441536,6.236546657250589
1026.1516111276726,0.582187406876649,0.07971308811302709,0.08459254212962365,1.2255518253892892,0.014596071507577068,0.37183079969955934,0.7285772490680965,-5.3625035463164004e-05,0.07364772759175957,0.453087857948521,0.0020684367711724483,84.34074065493097,37.87079824042792,257.53028817611164,0.01298471587416577,0.031145306452748812,0,-0.0019614991017344583,0.015336675793008769,0.007114585338420575,78.15639930220355,28.957231581294213,7.9061637798979865
1026.7626214064649,0.582208117380896,0.08008286319347524,0.08431317148739174,1.170406016225816,0.014544795947086603,0.3686854964660986,0.7423469773915543,-0.00014979838784406058,0.07681399593700781,0.45864956508794213,0.0016851209250546458,86.86639054737448,37.226519903127404,244.54609512183478,0.010732789923246708,0.030360619914642544,0,0.00044640363595805526,0.015843038945270074,0.006536660785125211,79.21238724338599,29.106838325630825,7.179440362687981
1027.1955658325805,0.5827131551683571,0.08037697044672315,0.08435043045142454,1.1688430732441362,0.01434272101223512,0.36167431059360283,0.7419884163026556,-9.710360208633769e-05,0.07622241963202525,0.45996689176927263,0.0015166468496690534,90.06888646697804,37.911274896233564,257.3249830883241,0.012936603346466402,0.030377211461970907,0,-0.002131043402378376,0.012630199134572275,0.010752217626214172,78.44609540753339,30.35426354440891,7.110374966857627
1027.914812217902,0.5839158970247118,0.08025929042489884,0.08442948240036995,1.2101320529612343,0.014348493172332598,0.3646722984401599,0.744208684481463,-1.3860124997340318e-05,0.07652276307452455,0.4676413826411426,0.0016219286780045177,91.58158320498333,37.91159217052726,236.32275365382463,0.014072097218904648,0.03059439094999383,0,0.006810851451047423,0.010881962663936552,0.0008814537752072134,78.10048141666327,27.79855779964194,6.513706012096104
1028.5467714205386,0.5840983992078579,0.07980718542388124,0.08435635635039847,1.2842702559434442,0.014431720466387925,0.34724515361773983,0.7438476926795018,0.0033946890655184867,0.07725180410094798,0.48500558470762,0.0015014493077564017,90.4992814483009,37.46987920101359,233.45316574095386,0.014021013975949284,0.03194974681649089,0,2.096422125242789e-06,0.01686327434443975,0.006329267443632194,78.40352015519656,27.57063657245044,15.04472171391979
1029.150798724716,0.5892132465850587,0.0765004440456769,0.08377836500584657,1.3101419321132146,0.014382806760462113,0.3647861446116853,0.747796584821104,-0.0003195216271862969,0.07702105222736795,0.5839345194339529,0.0012472272236656607,93.94889196583198,38.06347379704221,228.84769147752178,0.014359419034796381,0.03055408778725432,0,-0.00046217484533511146,0.007897604482225259,0.00800538591537754,77.93824197503875,27.769756306124933,14.285311570482634
1029.7164196685123,0.5816819651216925,0.07602875214331073,0.08402310797361144,1.2621286968030443,0.014298718242848006,0.3652116614234235,0.7469242599136696,-0.00017105846108655587,0.0772005462578853,0.6230606509756977,0.0010748353920419162,90.8738742366237,38.070985678349004,241.14670498027942,0.014253144429796628,0.025970252446319158,0,0.0006913452124086665,0.018319221914183094,0.0075365819708180185,79.39670987782765,34.79137225046779,13.660225938015996
1030.3623448203787,0.5746347594904342,0.07642204927325219,0.08387393921444816,1.3335387558129381,0.014623920609616403,0.3622834146484286,0.7537861270437187,-0.00019038325705256865,0.08000040201526658,0.7253858961543503,0.0014341498640632825,77.22607375999932,37.45276506360164,230.12278567606086,0.015165272946581985,0.026551921975354977,0,0.004474234027371397,0.012346081165465681,0.004870837883197094,78.45248093610768,34.655630617252164,15.48544475522221
1030.732442474961,0.6018986799407847,0.07685373041014569,0.08352847758901759,1.2915009482434494,0.014635328301639636,0.3701252499423405,0.7484152800785642,-0.0002281975142702532,0.08020115166515954,0.7491630579366142,0.0010171353197899395,75.08777616546831,37.93611355714263,242.76194229670773,0.014585444652544228,0.0159685375372404,0,0.000340474413938184,0.012181387867442741,0.005691341094265391,79.36362407103213,37.789635511926576,14.164793126457232
1031.45518034759,0.6036008736500065,0.076753630695181,0.08249653641066135,1.285492496419161,0.015098025576868925,0.35963736254798667,0.7657067930949684,-0.00011019448600343844,0.07651289122257328,0.7478555925490068,0.0011626666808980505,101.09627954169206,38.819801158200896,241.91939864316797,0.015477495555653356,0.012243669480211264,0,0.00044785252462283594,0.014348999740849735,0.002009788790580258,85.61559918198482,43.73169976766994,21.73258094236115
1032.090631037534,0.6058919295131893,0.07645762542225787,0.08231912217236358,1.2919714759840564,0.015260154838094897,0.3592283027023856,0.7496359475236011,-0.00011488197406930129,0.07624614988129838,0.7844289250693947,0.001332162176977706,94.4584436681175,39.13593911300631,234.536034083157,0.014707160457381714,0.021449047468031158,0,0.00636596695914444,0.0023299078349993674,0.005847954059030919,86.28695055213086,50.648710588164874,29.440575396868265
1032.6946583417114,0.6056613980670575,0.07629169258973587,0.08137941667446495,1.282183216107805,0.015151960814759448,0.3593788430128997,0.7357799196420918,0.0033383058367439256,0.07705224874066362,0.7779233309888511,0.00045225211121149405,96.37973902567241,36.80027962574689,235.67027113375823,0.014154420126670945,0.012666532374316853,0,0.008364128691054316,0.010106296233351115,0.004851003573113712,84.96659745005483,49.256068596520144,27.528060175294407
1033.2951941585818,0.6083900126371596,0.0766064690226328,0.08097751921009619,1.2726762357767616,0.01544374005536869,0.3570889697177233,0.7616475749228682,0.0031175466908110044,0.07614695620408042,0.8123137279155599,0.0005641477870017076,100.46679118765788,37.248998269176646,249.13889301011747,0.017328705210875393,0.0147170778632057,0,0.01187074454161162,0.008237446109452517,0.002996444273725093,85.39632156764023,49.74422775245021,28.53099374481495
1034.0528469042843,0.600725175883702,0.08716720699569928,0.08016621681140446,1.2587968320951053,0.015330467730958398,0.3360086010129644,0.7533091801322231,-0.00012005840504204432,0.07635478889704585,0.7742025513847911,0.00043977597501518735,111.57645886771839,38.23964589505268,249.54326461553265,0.014150052185562374,0.012533686879916777,0,0.005966652632598006,0.008051886336356314,0.005443809385151677,85.58133053589509,49.4671141649736,28.740174099370705
1034.7930422134498,0.6047584795864634,0.0867050440097506,0.08010102273690814,1.2438266343423237,0.015609918157425155,0.3578334911927126,0.7639477838664128,0.003160416552650569,0.07648287583583019,0.8068854172167229,0.0003574814434652243,111.1230917225363,38.746712843374574,241.8231148995885,0.017027808745604944,0.01633426332332818,0,0.005936046354298229,0.002879146128591704,0.005078596926300792,85.54600683612506,49.96833285134363,29.310326501305326
1035.4284929033938,0.6002483663845367,0.08628979367493178,0.07982760069405999,1.2449058633622445,0.014982676349660997,0.35801751590726505,0.7393615088102101,-0.00024836799567234263,0.07745163326891147,0.8196334536274346,0.0004712172373536607,111.36509395996305,39.9196631454913,235.1980241851973,0.01697040789289528,0.017099726757608978,0,0.01030262062066753,0.0051768915534313635,0.0019935360832413194,84.94951222904551,49.32031934802665,28.31830278433221
1036.0499776441081,0.5998445915516086,0.08617130326270869,0.08082527505660043,1.2457832382422316,0.015423232266656761,0.35785573501185924,0.7459430439621869,0.0028301203831814993,0.07649397368610288,0.8223097982275831,0.0002675228033832332,112.3384639797934,37.545626895162336,241.78395764186757,0.019508581254579382,0.016915221953449792,0,0.011826384539498441,0.0029852432710178794,0.0014682476152454841,85.0580716230526,56.84485266509552,28.69524898601588
1036.6784453594375,0.5976319727745304,0.0868891248710794,0.08152337872402865,1.2636594716907048,0.015633520583922676,0.3645360999525275,0.7454995286214348,0.003570958889696825,0.07639542764644096,0.8258266065550377,0.0004448088295252854,103.34636545098742,38.64402636717933,233.44594937434783,0.018281347581120905,0.017727677903819426,0,0.01332121493206698,0.005036589030794394,0.005960714007922368,85.34526970506161,58.876771973139185,28.788236094802627
1037.2126429174673,0.60239756070482,0.08646107064240693,0.08144265113020535,1.2363776326324292,0.015458181212559435,0.3626911681673147,0.7276250065638286,0.0028290434121452804,0.07735103340867487,0.8242617654524856,0.0004927099957286733,110.34169552047267,37.72371473308012,239.3244742299331,0.016511147228882826,0.019655918812904155,0,0.011600222445948695,0.004952269003737039,0.008136562896241165,85.56985073256736,57.14674425586996,35.1609632501801
1037.8934829424074,0.6005431211243238,0.08647454875285916,0.08179139886594439,1.2290762826845478,0.015483588621284539,0.3655662073017357,0.7372820155931067,0.0029752185242325553,0.0764097182433662,0.8274622616059224,0.0005391942735682975,111.80116924399096,37.20527799547112,256.6803934106474,0.017615784808151992,0.023283658394084656,0,0.00797854969883492,0.006584083509950463,0.0065627368422,85.85409161589808,57.500652167260746,35.4030509787822
1038.2461231604534,0.5936584070320241,0.08274397451467679,0.08261601650513029,1.1986961815308828,0.015149050591197305,0.3731674777493682,0.7347862822603278,0.006402587991966382,0.07663625981458753,0.8069639340906665,0.0002413606531463214,100.79860053865181,38.00947370164733,255.06756512301587,0.016271489942871878,0.028663523249891677,0,0.017980492287851486,0.003215403909042151,0.0026087392137757407,85.82376114404364,56.320243214812194,35.59861111590423
1038.9967929315408,0.5776463149990508,0.0828902020840713,0.08182245865632334,1.1386081708205755,0.014986411998926379,0.3638461445056363,0.7370268303657778,0.006651291233017675,0.07984196117774389,0.8450586665657348,-0.0001529488734494684,109.86731963981401,36.75745339295451,241.28797659477746,0.016509456320416303,0.03351637450426463,0,0.0022927563295139265,0.0009733267737049535,0.006745211363914523,84.94604310493105,57.61953610005864,34.14018748967017
1039.6008202357184,0.5781561040726394,0.08316749490510088,0.08230231818645156,1.078698058563129,0.015819624393389378,0.38166235454374686,0.7608962083866534,0.003211342877610214,0.07641070966300641,0.8533689470234952,0.00055316609720915,105.36684727966038,38.32826454432329,261.9900413955674,0.016549821285499065,0.03303618643662358,0,0.004897208643736593,0.004168794367712411,-0.0017173087343228944,85.96369417126431,56.61144052948015,36.17324810077735
1040.232779438355,0.5765352824581459,0.08312717207492669,0.08322513193593141,1.0489740760132196,0.01502555416966088,0.363999069168651,0.7432777320943664,0.0035891204290226467,0.08023572144189157,0.8273271970684403,0.00017320713952337033,100.50758985159642,37.93945903430937,230.0237324660578,0.017237030041258143,0.0335013282121711,0,0.006105975605335165,0.009527733008183133,0.005401988478698614,85.32773976928057,64.52803809484823,35.39296524916956
1040.7669769963848,0.5828518380694955,0.0835690167031104,0.08364741740278821,1.0756349108580394,0.014818539090442208,0.36471243730443414,0.7634038299119907,0.0034036451012766887,0.08013359386589035,0.7453830301026987,-7.192263154098348e-05,103.7328223265834,37.87767773431471,231.65356771593173,0.016460058412907857,0.01786434759033098,0,0.011308320642835037,0.003692842099497164,0.007447269146125026,85.15489467372157,63.04026857911172,43.63643016842981
1041.1789724986565,0.5738111003470034,0.08311636269148015,0.08333455295320742,1.0289591485776077,0.015064967727270248,0.36683839120458894,0.7636484147693052,0.0032869984473962283,0.08003679119626593,0.7049056466631687,0.0004076604827003359,94.35186574531022,37.952173986748356,245.21569389780612,0.011952430645273843,0.046848920278761044,0,0.00981845859305635,0.0030081103435781967,0.004565213245083613,85.42818881678438,64.10459108421617,43.64501925174339
1041.5525616405464,0.5833378280045908,0.08306668261284351,0.08338575600474392,1.0249663237319953,0.015273345599655595,0.3644838409130137,0.7602201852900284,0.003658365983692255,0.07962750763515075,0.6875674395542952,0.0005908112280270919,99.56096085368519,38.0989131192802,258.5902281386523,0.010156772638289792,0.02792480638333559,0,0.011285029471849011,0.0023401160358662338,0.005708923327036122,85.47430917094637,64.02813613231474,42.096093567838736
1042.917733177734,0.5769716368261631,0.08268390241041865,0.08352805099110525,1.034222090758072,0.015087072990269608,0.394609252269334,0.7694996594630155,0.0035994917860135657,0.0798063868381584,0.6906762552229155,0.00010255223407686067,95.51980057073327,38.26774445364763,265.0896109263391,0.009000908504283162,0.00867701365356537,0,0.007771047123209668,0.0030926036379640485,-0.004199601493009299,85.48648851830463,63.9691218657724,42.49980496426684
1043.5287434565262,0.5827087337942044,0.08419471366585664,0.08284214858248366,1.0352948093822338,0.015390179921947968,0.4123137131110274,0.7835072504407151,0.003585964595126897,0.07992620140943289,0.6908303337513017,-8.856548394536645e-05,99.29369049558431,37.57835295509633,257.1104055586802,0.009587015142670923,0.006649828026340411,0,0.04374833231917346,0.004999766613916066,0.008237436132719468,85.68376410220539,65.8899990030745,44.05554670429995
1044.1397537353187,0.5838875466404101,0.08356691391854296,0.08379225880963774,1.0144798003185336,0.014875486363563234,0.3627292319752441,0.7782385347281943,0.0033650095856117735,0.08021278061328904,0.6603015185880221,6.602099739773842e-05,95.38075916516904,37.55881702168829,246.46253425671134,0.00938479170964055,0.007751781921748626,0,0.047303040093528134,0.005560581221932556,-0.0006588118278406034,93.11455244782633,64.98563520214812,49.95404011438116
1044.6914087298853,0.5837346621180514,0.0828249793036709,0.08274206798722333,1.0490151574649613,0.01552216598876562,0.3677083192808352,0.7949741299944288,-0.00010929687328842915,0.0802225282485908,0.6838323613682333,0.00020566814686476758,102.51016402820791,37.37824689137578,239.47126601504897,0.009712295899521583,0.007683445697211817,0,0.04716443824054728,0.00675784987666536,0.004315282546271384,92.83425221558646,71.26861869922907,50.67008986574149
1045.3547913182883,0.5840365839316517,0.08357154486912838,0.08196321884335632,1.005139961038711,0.01599612072694902,0.3634577120856967,0.7967532489305047,0.00021206404709632704,0.08050194999805828,0.6886668411415646,0.0005184787760827828,94.27299286842548,37.78716712906337,254.6619679331109,0.00981044470878012,0.008528357839365713,0,0.0445754133271423,0.0007614240221632202,0.00027260811636916444,92.67123550956822,70.78731383300276,50.05970511678705
1045.7318719474858,0.5856895032660133,0.08363033708765175,0.08233667529525336,1.0186597783071547,0.015490964917883628,0.36388832232727364,0.7680511325345308,0.00034234185245237764,0.08000607083398159,0.6715269561642884,0.0004551503920804589,99.44457837491846,38.93134694866556,243.61667086544446,0.005276653435374167,0.009661425910498081,0,0.04551043313476701,0.0041610197463793595,-0.0007578615523696334,92.84939741936554,71.43057863968922,56.521847098477075
1046.3533566882006,0.58380366481234,0.08027057031393629,0.08254583809705784,0.9941612392365976,0.015035551275818187,0.3643712385339539,0.7824516405795147,-0.00034087855530303237,0.07992446222012331,0.6887747443278555,0.000347730770238897,98.79450123094556,37.58057150804671,258.715372677767,0.00550065732915873,0.008975743330897209,0,0.04033409797514663,0.01009610546537566,2.4389668499902664e-06,91.80390874273769,71.02430586675949,57.809879381181396
1047.0900605100587,0.5831813626591985,0.08026311991137614,0.08113874092379778,1.0323800030797534,0.015377974999225613,0.36736683312095186,0.779248587701431,0.0003663557009717254,0.07975006072857063,0.6935948799041654,0.0005842173328624637,99.51135269305476,39.05301044771642,268.4647851281037,0.005407388884198852,0.010277731591535883,0,0.046926010144089675,0.009196375921599328,0.00302273477989565,92.83415946185605,72.1411474062945,58.095153649207106
1047.6871048396215,0.5789965605988124,0.07687842587881989,0.07939439584994264,0.9913712839701153,0.015342439004539118,0.4047923894797451,0.7939085153517054,3.280672016163706e-05,0.07998911099342228,0.7473675181466416,0.0005586187954401582,98.75291355175796,38.550828403909,246.2183708099842,0.007397625731290882,0.016585392945507885,0,0.05153262275792739,0.0030719278992254935,0.003152392139346924,86.38575106031644,71.08242418715818,56.15606322805996
1048.2771661945694,0.5889448172341386,0.07731002914901246,0.07935599130270214,0.9600828113567713,0.015547729244971312,0.4062171776304846,0.7875639760717824,0.00023808481046109695,0.08010930159915543,0.7629480663891699,0.0005189035962630866,99.32455821256212,37.78823521549662,248.2551002200637,0.00775877527765754,0.011739231276225046,0,0.048674041554444054,0.005664016796787081,0.00349688016380301,85.55597699857246,70.78873440456557,56.00942139931214
1048.909125397206,0.5799572112580718,0.07688234666397879,0.07910290653071746,0.9453147308686706,0.01538075124578347,0.40698706430838244,0.7996156367587707,0.00031857179341127773,0.08023773643528713,0.769114664571299,0.0005697735205614895,98.46771926788912,37.822791675346025,242.71576871481025,0.009289305276700199,0.01679157587689056,0,0.04609958873425969,0.004567204143646678,0.0019648279052043743,86.4778115895404,71.61510232634802,57.109941749624504
1049.5271186506134,0.5904192134486415,0.07684087513235517,0.0790015074816889,0.9354062635169023,0.015857547508424687,0.3775761832599692,0.8043721153986179,-0.0004487549388559093,0.07988412051418559,0.7669062086691907,0.0004533281488813221,86.15158676435138,36.870973284526805,241.73906950333526,0.009182557066224105,0.02078197697324268,0,0.042663228178881706,0.0029615171326720317,0.0020342119260932548,85.84741991926965,70.00005530964746,57.72404139830892
1050.1346374420982,0.5893178333382725,0.07629269425785037,0.07823209166537957,0.9702808411103723,0.015163950212823416,0.37853353788309413,0.8069414401993588,0.00035110471965697494,0.08032860034747843,0.7926473133391437,0.0005342756892051723,93.16070140278349,36.73842013849282,245.27197192565902,0.008742372231465874,0.021558898590217434,0,0.0536850308077475,0.0026715002510397214,0.005334073310674923,86.36133958683106,71.5377203048422,58.137277178914516
1050.6793094620502,0.584084642610462,0.0760179805211926,0.07730206643112547,0.9675668810390723,0.015323332657333892,0.3762877180640606,0.7980181508488061,-0.0001039002789077051,0.08018592853642556,0.8424273236112897,0.000806415407820881,92.35937531383408,37.63703714433437,260.677317623913,0.00874809376613017,0.022707074015497486,0,0.04777223482607245,0.0003278806976315012,0.0033048434005088973,85.27215590917586,71.92962743927119,59.06927950944866
1051.3461835377607,0.5826932421279867,0.0763266223410388,0.07686140314133691,0.9416802115216252,0.014933283795040662,0.37769041661650465,0.7777490551795581,-0.0005130814662801024,0.0796376213369371,0.8572942282308819,0.0012068090769715239,87.87503754655796,38.41315639853416,262.40122970439666,0.008603991869255617,0.022050233388311215,0,0.041411834419576854,0.0061965941623204615,0.0005893042765458697,86.11969573621714,63.07377051138506,57.59445099325106
1051.7232641669582,0.5842055021546284,0.07605654322783094,0.07585743893800619,0.9164707577468224,0.015043586448883019,0.37610116637377,0.7735270564316509,6.790689224190565e-05,0.07953367498772168,0.8546378872892898,0.001115231435459884,85.47657547579787,37.60850687555927,244.1506980966225,0.008485239298366632,0.02183311434272994,0,0.037994588083820356,0.005946138605474882,8.885567673091012e-05,85.03499895400844,64.74390627393612,50.18723377223104
1052.4425105522794,0.5834051630469824,0.0724471040844359,0.07657509511306579,0.8844337305326442,0.014979563019810295,0.37871160632988976,0.7697556187257962,0.00010924331111667849,0.08029880972327025,0.8499040389691599,0.0008193056610167883,82.22886030388437,37.24489693193263,247.96182685978954,0.01278916599223617,0.02247626791731311,0,0.015904699210250263,0.0053259509833905915,0.0023283574660947293,85.6346690798468,63.4453936219961,49.79407075790721
1053.0709782676088,0.5840114739687324,0.07632940160253583,0.07433033376871323,0.901423652428943,0.015493218531010048,0.37376666377321405,0.7688729800318364,0.0004316927151694726,0.0803041365090898,0.8689588240269789,0.0010142582830079778,68.56132535772879,38.13489892399378,237.76467702160238,0.012807119585211147,0.02217232659833813,0,0.006571747901428569,0.000368752629953081,0.0054848769926215,85.92684581667359,65.38686255388599,49.49425813374863
1053.681988546401,0.5821612849007691,0.07019238496900097,0.07467564791821812,0.8795377245295404,0.014926023004525992,0.3790888748392519,0.7758713658587992,0.0033044270347794592,0.08023551693581828,0.8536723850334188,0.001221996566454056,-53.57257142898573,37.73019620264909,250.79041090597633,0.012724578081426284,0.024960825686644483,0,0.004259191728265638,0.004940753006689562,0.0014960968410135927,85.25810771371225,63.735397832061686,50.27103241040506
1054.2929988251933,0.5811639290987204,0.06979789035067616,0.07521495031038791,0.8988606449160155,0.014689283643988325,0.3742430991159657,0.7419379506412312,0.0031862812962743224,0.08007492781135613,0.8172978774552604,0.0007734206544079438,-54.01290736420538,38.50010300321227,244.59624475799404,0.011817924458947665,0.0056875862835889576,0,0.006947139061380521,0.002962687930587464,0.0005709170107685091,85.67571249173085,64.10712736734637,49.44615991384668
1054.8481453070676,0.5827824036086618,0.07028588226272868,0.07472184552934923,0.8716775746130652,0.014486551847479727,0.3676947540619417,0.7402494307983819,0.0032977063991679093,0.07972845889292333,0.8250823993719735,0.001073676245980056,-50.28529412691853,38.07598873387121,254.66885446561125,0.010169883624563388,0.013424910159604987,0,0.009098590638155433,0.0028209849754673964,-0.0031449017306697815,85.7498237164236,64.16535518509374,43.52639748349886
1055.197294037806,0.5817050050454534,0.07039991093728502,0.0751521950973852,0.8288573851051677,0.015003135990163053,0.3573563073350471,0.7648731248878876,0.002841484303291876,0.07979063544350387,0.8152613066951464,0.0005971952354117779,85.96294012691781,38.47833662203365,260.424694744353,0.009694168065621215,0.012932063616580735,0,0.005885893577558041,0.0031257326800105557,0.005713414220640041,85.81190424074937,64.5980328797367,42.61774327683684
1055.944472321586,0.5831954195655266,0.06959926353026086,0.07594564790140997,0.8488737731230045,0.014565335526895066,0.36278448748757075,0.7447430760356225,0.0035317967637366558,0.07921087887341148,0.78868389339182,0.0005306125530549549,97.8498295995394,38.108893702912724,258.06690181848643,0.009841144014668356,0.01214500080645034,0,0.009445240814755134,0.0019519563818608376,0.004632114798726241,85.3207728290018,64.90726186451144,43.622724289221054
1056.5554826003788,0.5841354632335846,0.07025755910037493,0.07540330758782987,0.9046709433807972,0.014287065017125183,0.3465253349201104,0.7304966377351652,0.0033244738551029794,0.0795887439989733,0.7512354302766673,-0.0006074371791187248,100.71938635890328,38.48493111781437,255.14536135849255,0.010408528787783458,0.012656996336373981,0,0.014647339291456965,0.008497569564256803,0.0068362327616930015,86.25003839208578,64.71706986017182,43.206835356171574
1057.1699843664783,0.5780115262938427,0.07070752756827217,0.07590796537937626,0.8369014645872541,0.013417562631431523,0.3466198780693385,0.736474391864638,0.003363670258165391,0.08009085049751387,0.7479826055955493,-0.0007353499442361397,100.46148457250477,38.4934599537929,258.7795297687894,0.010380735662110055,0.008196691744549314,0,0.019835483976048868,0.007157691680319318,0.006245187783160059,86.53833494679299,65.1162467663197,43.15115392499054
1057.7600457214264,0.5806584643831442,0.0702324432922374,0.07570193706227761,0.8507305549322522,0.01404661218248347,0.33113928097003725,0.7298120332932844,0.003616115648190528,0.07989490236037557,0.746206212040486,-0.0014597104870412957,97.34450261269538,38.43399105907968,262.58874909860214,0.010301348193628759,0.006231077605298084,0,0.010616053064447366,0.009510926842926497,0.0032636313218139786,85.4803307399338,64.9188172860307,42.112302337212746
1058.4234283098294,0.5828180296965726,0.06993728769377906,0.07519543771498062,0.7913968717227414,0.01389161601543678,0.334830084471453,0.7346544839880191,0.003832208060802266,0.07999350299182187,0.7300058796305704,-0.001667342550905376,113.61269270189761,37.126747921487414,248.25798163261865,0.010014815147002648,0.005735334673756736,0,0.014359042687509094,0.010362211369774695,0.006155727030668173,86.02818989649786,63.85688674295599,35.925982944401916
1059.0169811520848,0.5812164642756354,0.06952674293492948,0.07594539740309406,0.8014223783604292,0.01446597993156071,0.3602612471961098,0.7549382611522373,0.003154580078709023,0.07978245773926126,0.7577314236705851,-0.0013660045952067358,97.01151207873343,38.35945560962659,261.8580727581055,0.00972840524290832,0.00591487823643617,0,0.016967120049787173,0.002710445441167649,0.004334824840338516,85.82395512392462,63.63032212249713,36.14699094535718
1059.6244999435698,0.5793693157204343,0.07012551540557369,0.0761548638691961,0.7941633429878653,0.01424355794259989,0.35925402420483277,0.7571355138977537,0.003482881718401588,0.07923816003750771,0.749607834628298,-0.0009031204442944068,99.81139492200052,38.12628557337172,256.05112205600386,0.011066829779721345,0.007775200471816439,0,0.014847677458944011,0.0023210463576598733,0.00754842440816572,85.42061811094439,64.05993714335094,35.054980579652025
1060.1936123746734,0.5791752334615156,0.06985599964360667,0.07624627666092619,0.8196769435113833,0.014664678119155448,0.3672830462347906,0.7714780437226991,8.061807133145216e-05,0.08018599924148742,0.8065947638053087,-0.0009297135941122373,101.70412346889046,38.985634496264886,250.8264680529659,0.008143792124082791,0.008881692297591852,0,0.015041882218003039,0.008653233309565784,0.0009023253775627708,85.77006825781069,64.0180817440555,35.17850145245552
1060.836046039232,0.5762942640936309,0.06969377341295825,0.07586622529525694,0.7901196008080773,0.01478445284314583,0.3686298259669747,0.7746593704369786,0.00012680244359046847,0.07985724082768753,0.7831915829342969,-0.001223625366577027,113.59397425929461,37.69991603099015,250.19252923486087,0.01025857980142605,0.014051564300078988,0,0.007723841434416125,0.003860582645633271,0.009711319632042116,85.4566314848761,58.58826153050649,27.83161677950376
1061.450547805332,0.5810233812586125,0.07010713412003415,0.07477349989640429,0.82378025487145,0.014684477664883096,0.3715369931914857,0.7814665557702346,0.00020479488209206942,0.07998369131236428,0.8022910650452173,-0.001009819959975292,115.31776254910719,38.275807932161456,249.49674542004536,0.010994423037500901,0.007472880696356792,0,0.01035805043369896,0.008516302837486677,0.006768498273102093,84.99321003779966,57.28461440978055,21.082784187607924
1062.0580665968168,0.5739171327761471,0.06979825377581123,0.07322486243804427,0.7919306299814177,0.014802026066942094,0.37697191621635806,0.8283464761839979,0.00013575074318929002,0.07997319697092661,0.8111080963268295,-0.000789147244641185,79.45028609588435,39.25994808208346,245.9729785978123,0.010689327151366517,0.009262064719091658,0,0.007168107067665476,0.0027365908932092944,0.0035527265644089735,85.1998201031297,50.943490317632076,21.546563743774744
1062.6620939009945,0.5807108177047677,0.06923015715471431,0.07372041090112628,0.7936132734915435,0.014921567627641666,0.3761258053817751,0.8239747017492693,-0.00029738288219681414,0.07995362466917397,0.7930140370507446,0.0012286638017064747,81.13194439337684,39.10165728021607,243.35868066858632,0.008081820045816621,0.010089573785706425,0,0.00368410908656321,0.002067681752554321,0.005970367891372534,78.90178015877099,49.9622956223999,22.652069701655257
1063.2172403828686,0.5747913774067418,0.06950154983200267,0.07209664753242134,0.7638423485884187,0.0154483001098119,0.38696027396086985,0.8250064610602724,-0.00046152733956249,0.07979477635070181,0.7864602134358233,0.0011240962687747347,80.12889492904921,38.11591302820272,248.78693737881608,0.009872115273010079,0.010716796054575893,0,0.010701042959064759,0.010408896968112894,0.002307716386966777,78.3875168306662,48.6209573437408,20.855385559547013
1063.583846550144,0.5803041799746158,0.07025635079267332,0.07087113410162106,0.7756149744813974,0.015322565035845465,0.3839652730947339,0.8267973152891762,0.00036171352277003543,0.07955460715139621,0.8081434973749753,0.0006627513147716758,89.28292125829383,39.29297786205413,263.03780561927215,0.011864807329556118,0.012263936285011975,0,0.010126351864230282,0.003740687367437992,0.00939523206654708,79.00619802168765,43.81543550427067,21.900108973340654
1064.3135673973875,0.5797898642203299,0.07355040369273295,0.070501726487038,0.790444756608781,0.015466134854875274,0.385620921417851,0.8270511632891041,0.0001460649802699384,0.07951319463441636,0.803683144292327,0.0011052650467344401,95.83339158082535,38.62075774558222,263.3929094761055,0.012597765431948413,0.012436375142390182,0,0.010434930002709467,0.015393966121991917,0.04382471108310882,78.64550942854744,43.57084645896415,20.594557036923856
1064.9141032142575,0.5780953645269692,0.07321754101311828,0.07028069602237014,0.7810856487013604,0.01482608799226039,0.3699477996456955,0.824275922650946,0.00012072257416833226,0.07998298741552291,0.7730165875416862,0.000748918183645136,99.7631222092817,39.455369795707796,239.44427967989702,0.014661344551697821,0.02115418896973496,0,0.005118527313550051,0.010805190846461565,0.04011227054057985,77.65281712078803,42.230393089415536,21.457720656037665
1065.5216220057428,0.5741137749026416,0.0795915448921396,0.071049739538846,0.7619203247359744,0.015503186408048038,0.37352595387211956,0.823680806251015,0.0034303764358421325,0.07924597635905421,0.7847463615660931,0.0008654817948831164,99.85549526848848,38.36986726330894,257.35501001036977,0.014226770875674996,0.012391679369391877,0,0.009359015025118602,0.009635478347656762,0.04058960310817182,78.60542483327599,43.40704639572769,20.43871579361148
1066.0837514622312,0.5356722450766784,0.08042274244481623,0.07104417731098787,0.7792608831272633,0.015437273746211193,0.3762551620753455,0.83996532961233,0.006814555017896737,0.08019903739389513,0.78286948798094,0.0008842712476854494,113.90730745189654,39.951059385208644,250.261922360636,0.0135443658652164,0.010998741144984102,0,0.012556772122572567,0.008257489623757407,0.0416043486206295,79.05272732175754,43.32221192364684,21.161026395846235
1066.7401510760199,0.5340196737624932,0.07967672913814947,0.07090763283491437,0.7533058735517443,0.015303296198938521,0.34831117593417493,0.8276662899775512,0.006688048806214145,0.08023696323945029,0.7928788469112269,-0.0005475591481492539,118.70424489029587,38.29176628068954,246.10074863865813,0.014051448654251958,0.011085479347038095,0,0.0027822480353219135,0.007493229084259924,0.039814285190693244,78.91852589187282,41.81941880998792,21.856253709348998
1069.121345419656,0.5753238292850166,0.079364082811734,0.07040365939960284,0.7499599143602027,0.015647493003795334,0.3739399850460864,0.8313775757138938,0.009793212493207198,0.08030967041235314,0.8115402649914308,0.00101763089903326,116.23020249509139,40.186254528800774,249.00007638900465,0.013070560852864238,0.011269137150430583,0,0.008129895139250568,0.002294422249400291,0.038725663677809746,77.95703625889882,42.99492514950415,22.99176559791558
1069.4809686123167,0.5761744649969816,0.08024952668865837,0.07107775476758704,0.5157011795723663,0.015622647807851775,0.347171164519997,0.7977358268715736,0.006657998412069145,0.07912487994907043,0.8045734107066103,-0.0007148951940006867,102.3814483140938,39.55963564228068,252.03862997785805,0.012851105054243413,0.013462260262541293,0,0.1901058856584408,0.0033305017216647033,0.039487363731850245,78.14885591044597,42.41592079581256,30.192493094418946
1069.8510662668996,0.5796977772090579,0.0792292693598309,0.0711446547177028,0.5261821920468114,0.015438784391162719,0.35076990263456415,0.7970948818716815,0.009976938124320272,0.08029565798301382,0.7798268443321835,-0.0008307616427129042,102.93323436422745,39.72702534079965,248.46039946540103,0.013407161830226064,0.012740189365028165,0,0.1928885916678483,0.0085457463666032,0.038009901685793414,79.62110946536096,50.88197577988621,37.10018442873727
1070.353840439163,0.5355154051129357,0.07933823643180263,0.07227998678409077,0.5230746236293412,0.015276786229565822,0.3432449918836697,0.8061356692441484,0.010169021662985438,0.07979442478482433,0.8161687570030566,-0.0008355502501720637,110.21785968329031,38.76132169028979,264.9148396698375,0.014400437233194993,0.015324136153174437,0,0.19951646951354554,0.009153989970260951,0.03976017017898711,78.51100018794787,49.12304068437198,36.62268446009614
1070.8147167637376,0.5853987293502634,0.07995735130187892,0.07207676288874919,0.4496234997403578,0.01571130600297431,0.33864859594208147,0.7955804442903697,0.01001048741922072,0.07968570926858444,0.7867783826938426,-0.0006474080189672015,114.97579329924736,39.41877327218733,249.1434894806805,0.013899745455552025,0.015012104491731614,0,0.20637941996610049,0.005885659135857229,0.04411214232121513,77.93701607383775,49.72789801387746,43.91912815743342
1071.5828439713623,0.5837980883935834,0.0802884053538179,0.07355980258804733,0.49164374266507455,0.01706746581762132,0.3745952576899455,0.8337423596449708,0.01010691209288593,0.08021089087876003,0.8680395618320369,-0.000819931741460745,106.1735344056044,38.46081601056819,249.95104748261056,0.013031083357592843,0.015599202711485669,0,0.20536999482216473,0.010288451704095137,0.043785816351516224,79.19222440062441,49.854874888038076,42.37075662316727
1072.1938542501548,0.5836874207702473,0.08005084371092748,0.07721032206516758,0.5029019175207756,0.017224200354920522,0.37707794207061723,0.840439872766638,0.009969263319199973,0.080055207652526,0.8703170616620208,0.000904620190802094,97.710998303123,40.53169660793335,264.6915599405163,0.008121426254241565,0.016235431992368064,0,0.20103917490823406,0.011184399005875954,0.04373536216787659,86.40844101650428,56.16069784528469,43.73618893266638
1072.8362879147135,0.5841299269628532,0.07994072116081263,0.07683063595510986,0.4727029773320403,0.01737107541537675,0.44082230684873674,0.8526832360172185,0.009875196851908085,0.07947032830504129,0.889286894380945,0.0009986926799957574,100.31810687663472,39.194060582502225,256.49549418054585,0.008129331757076282,0.015496536102571526,0,0.20568163774595044,0.006009382497759063,0.04156897686658613,93.29775588156552,57.246382214092726,41.989570714558575
1073.3774684473583,0.5970369235991566,0.07971764713183659,0.07740337280899548,0.5126637992465631,0.017264055140234533,0.374834751781832,0.8367102828051024,0.009841438164286934,0.07983344812034951,0.8610066258385913,0.0012047506648186917,99.08246707799965,39.97199614957952,266.74670476291897,0.00806615470115123,0.016241935717114207,0,0.20446311155547994,0.011434272062337367,0.039314429307384546,92.65268759631402,58.44884472205242,43.17288017982927
1074.0373595484539,0.5935639035660661,0.07999485534640345,0.07854585367163076,0.4996387423496334,0.016957224269726203,0.4454408399743769,0.8868445430470284,0.009975344345302357,0.08089834498604699,0.8182884208797695,0.0008830565800693086,99.62673901959093,41.27571673301797,261.6693022014916,0.008285297045256858,0.016575510922820315,0,0.20439975174263725,0.002530983692968153,0.04031927328362478,92.31188409082812,63.26371808449029,49.12801534549976
1074.6588442891684,0.6024843607919178,0.08638738182587763,0.0786497069386347,0.49817269981712436,0.017393215877355175,0.44664894156361956,0.8677419731260069,0.010386210218461563,0.08007421977248355,0.817922876301211,0.0017193824521261382,103.91024119939725,39.38680783891351,261.55640887372834,0.01332397610507647,0.015417583611410324,0,0.192883571954584,0.001903505950714944,0.009382339079967971,92.60642310944078,63.98513456655335,49.742147079201004
1075.2908034918048,0.591880544716185,0.08663400774445723,0.07996692148273467,0.5285907563430094,0.017405603909796025,0.4446928746650285,0.858237960880297,0.010218403005393647,0.07949459958448014,0.7845446944868145,0.0015240960770332543,104.70087899354422,41.5849988094576,241.7526396772759,0.015566621520936205,0.01582999702804489,0,0.20088919433489907,0.01119985078235573,0.010223293118250177,93.28571198300322,64.65671616281989,49.39237591716434
1075.8389669990643,0.5922362417693644,0.08700553009239863,0.08046509091375792,0.4659403173091635,0.017642520049257156,0.44492064770476064,0.8525152097716939,0.010081558759470647,0.08012685547441531,0.7966363753572531,0.0018711037337683528,104.40116293482482,39.87867826151183,261.4642173240188,0.015905420334008435,0.015193727962589722,0,0.18883041181554203,0.003675628195981552,0.009365833308867361,100.07243059712059,63.85192101274732,42.77296197559722
1076.5093325620824,0.5915659234571968,0.08683194092884343,0.08373571911639147,0.5274867879146641,0.017570442517672185,0.3614692631432327,0.805960596832596,0.00980677830396095,0.07687183906036084,0.7525761671875136,0.0013504212263996734,103.19462493654767,40.44829038882014,271.84496277045565,0.013353174625842191,0.013897282056913448,0,0.1944076344651074,0.006333754286521017,0.007848599896126445,100.56468699203958,64.35266045588867,42.26771152240021
1077.09939391703,0.5926190723365599,0.08676082291814356,0.08677398978754809,0.5195240888597391,0.017578435135668372,0.3961758057753648,0.8251193063865696,0.00954067708829106,0.07634008589654497,0.7375026101445056,0.0010815940414340753,102.66224050711442,38.95099297236421,256.6552231281553,0.013320688327295806,0.014858080286870076,0,0.19754664539876388,0.006377442905546989,0.011191230753035809,99.98248994516032,64.25923912364692,43.63540539652472
1077.7348446069743,0.592275448831909,0.08666753137059466,0.08777021143687476,0.5263936928363081,0.016509236426290604,0.35883655600838,0.8075885064174331,0.010104508467619802,0.07322202663913104,0.6961323962894026,0.0011202188215688896,100.44347110196068,40.52488697114233,259.8908624126526,0.013068175720067703,0.01187703973790998,0,0.19567670596229408,-0.00025655079274161663,0.0086041409401053,99.71802673805438,64.48636382596297,41.64430169912813
1078.3493463730738,0.5875008628669252,0.08717557115091634,0.09498891735592009,0.5008216650294063,0.016493842930334672,0.3500639528060359,0.8011956262429408,0.009943793638076544,0.0739863169602151,0.6763621602728349,0.0009225464121959026,101.30910052217511,40.91783775865165,242.85176801701098,0.019613774825255545,0.011649389511952147,0,0.013856932785399626,0.00026925459425811843,0.013884204430751161,100.18263379144256,56.636053804441616,35.10028244721415
1078.8800524437963,0.5887864092755979,0.08697203095055817,0.09730570272340583,0.4798419717444688,0.017112497655711836,0.3498565536313355,0.8003609772704061,0.009840689223784577,0.07377251360080164,0.6693512140147786,0.001148974670227022,101.43707131480083,42.06258737835926,255.58582983124342,0.021310804111118898,0.011579391431742041,0,0.010538646407255058,0.004281058934686091,0.013407411589590836,98.91726001461353,64.2484405707845,36.41281724713969
1079.5678754433513,0.5855539818751172,0.08007061255714334,0.09665009351568736,0.4841275156992223,0.0164487650958547,0.34856763603239294,0.806726358135274,0.010182629488962515,0.07303065641940922,0.6395702022010624,-9.426368482631187e-05,108.13336515752356,38.76456622517711,260.9564039705207,0.02079611087508119,0.011612048773957686,0,0.002997918456298544,0.006821731930120601,0.013240981986113912,100.49869154726429,63.132597210104414,34.75177005375158
1080.1614282856065,0.5859332477216358,0.07971654395135452,0.09684524461711981,0.45027360275469486,0.016989444964013264,0.34646149038839336,0.7994523784074373,0.009871592119619667,0.07309934528695364,0.674892907067737,0.00011969193478148153,107.42691181610806,39.29577003505498,242.05630893118155,0.020156040894323747,0.01340487254977264,0,0.0008590298032132462,0.010417557523094919,0.012232929510752402,100.13674736139056,64.07771459891839,29.800695990279433
1080.7898960009359,0.5867869574586806,0.07976176916336938,0.09699404812759681,0.44897801849682756,0.017049059001746695,0.30623596027839994,0.8061573710233587,0.00958044202427905,0.07393937615761156,0.6731028432338754,-0.0013418822651343574,121.38626447871741,39.67054036182814,251.07977503667914,0.020351734547915775,0.01592193137758681,0,0.00012330414529502978,0.003984074202446576,0.012715918585573294,100.28477157829475,57.59219598785416,28.37823288523683
1081.3590084320397,0.5872905942252559,0.07665324184740109,0.09714364021204515,0.45179559643350287,0.016533316983364424,0.3503362762567792,0.8082655076239128,0.01053397190953233,0.07325472657277922,0.6351288663734476,-0.0013219494283549247,106.13957775946412,40.39211715412636,277.33048370824804,0.020851890407189873,0.019169953729820843,0,0.005480718872632654,0.002981026507441997,0.010013120530549278,99.70087505515521,58.01639595993175,20.20571583364511
1082.0188995331355,0.5822457437128054,0.07702955035893606,0.09753805485064407,0.5154246864927011,0.01597726497089316,0.3489780135491196,0.8063228102647685,0.010130761224420172,0.07337374183041825,0.6381383225413928,-0.0013883597299817652,103.66711534126078,41.08030027086221,260.47819234592487,0.019805840305664575,0.0316773189014275,0,-0.0003679216878828399,0.0012757335519385446,0.016493479401244335,100.34427013848583,64.47151270777138,20.94240222251278
1082.6299098119275,0.5868799554116368,0.07680230433989967,0.0965753809543867,0.43675247810197393,0.016501944510310316,0.338918517280437,0.8116512942832935,0.010279376586373406,0.06976568020515428,0.6606337050201289,-0.0032500697824387388,105.93035105816675,40.6061514489686,252.07620073077402,0.020918049654659845,0.03162233821017098,0,-0.004214840059122987,0.006479753237923118,0.013467841166237029,100.40115430347572,63.15616656765086,21.59839647827541
1083.2444115780274,0.5844806120878923,0.07621900818402233,0.0939796932348604,0.44790199789080043,0.0160094685741295,0.3555544303568933,0.8218911026421106,0.009731262959345363,0.06988238371016538,0.6397865851232296,-0.0014648117050324603,104.55288991151764,40.108724792184994,262.36319779561023,0.02110588876885355,0.032823446389697176,0,0.0017288264783705087,0.000871230030879913,0.014130621995768254,99.6984974713844,64.85164803032211,20.369579803327383
1083.785592110672,0.5842070741789793,0.07628541814654018,0.09192346660676053,0.46727338077984937,0.01601559208818816,0.3367633753498686,0.8176656624035042,0.009829398887166904,0.07011632631044477,0.615999796259861,-0.0023269910458080818,108.39101654444265,40.008809711902515,256.85496128108963,0.021169238929791483,0.032350346408331086,0,-0.0011914783567535268,0.004693882967115219,0.009037494190722705,92.27155217775805,64.89780178142011,14.350360848668819
1084.4559576736897,0.5835635915963485,0.07672328020584616,0.09136531002507432,0.4006048838132947,0.01707050904882362,0.35382566639714413,0.8165998227365672,0.009988573724464647,0.07298132587081217,0.6688258510824117,-0.0013065976103537329,108.54063192207208,39.04132046088607,251.8345291164393,0.021305343818292313,0.03149685318092843,0,0.005179407382210295,0.003658052247656793,0.017080312517878643,92.77047663945788,65.00727817166552,14.51520906462462
1085.0669679524822,0.5810862372318512,0.07712602681002698,0.08544869208663114,0.49504948402543764,0.015885186622708942,0.3587243091915061,0.8066835432524943,0.009798811961129753,0.07414873195789631,0.6263546431869337,-0.0013633338428943773,113.04738291097651,40.023489440218526,266.0418835762336,0.021395685656813546,0.03016772084584926,0,-0.002720502029406207,0.0020719774264077013,0.01795654005742349,92.84946159780279,64.1053114500875,14.66283014519748
1085.6709952566594,0.5833453313767463,0.07642315942907807,0.08002857393642619,0.47880983400551047,0.01594333910058979,0.35524781889522516,0.8102714598023004,0.010067495015005137,0.07350683428785744,0.6235227514091474,-0.0013422453065261271,109.18962776050819,41.3225412021273,259.8325273277514,0.014699045445460851,0.026989254332397995,0,0.004331706135171441,0.005654058250018122,0.009215711700251093,93.10499980928212,63.70266057469783,14.348736965653345
1086.236616200456,0.5853582622506269,0.07668407719576534,0.07989347705171966,0.4800130077757651,0.015871827212442905,0.34037095581748306,0.8063348154368033,0.010153410149100161,0.07287099108300692,0.5911719018062863,-0.000752283178928464,107.0107822429797,39.54774987574407,255.1542996567444,0.01111339377462876,0.030612949342430976,0,-1.7684294279902112e-06,0.005086464593383597,0.01582189498153644,86.03265131721444,63.50925941769604,13.62601467027488
1086.8860328396297,0.5834161430805287,0.0792119331582761,0.07964406141017837,0.5136807143191925,0.01595518256450876,0.3517755558354119,0.7974555178883409,0.009700365058684591,0.07583213839239054,0.5972821534876892,4.4671210200271665e-06,103.05939421006875,41.64593877895993,254.3080361191531,0.010493046737047996,0.02528984465653249,0,0.005838484963945959,0.0010739742994114497,0.012262186615405641,85.38775686259672,64.66072480574563,13.887969251281993
1088.1045619099068,0.6164731562713214,0.08003141762365322,0.08054990096572945,0.4832898089728836,0.015780089154999517,0.3610853567112704,0.7838669590544689,0.009608243941868865,0.0759174349867196,0.5988372173206574,0.00017864645379633406,97.35444017134505,40.42360598341487,265.35801908568857,0.010938659723780938,0.020680418510705064,0,0.007498595086574232,0.007730427634082325,0.009655545537202014,84.92863533178138,64.28890454265652,20.944746270421017
1088.6457424425514,0.5851847220127615,0.07945950170933934,0.08010917858317383,0.5092027816170751,0.016013487284931443,0.3509186670657976,0.7599184135878786,0.006637285543806571,0.07661861114308575,0.6035151060024478,0.0002353744673212269,106.63439028491482,40.13350305816245,262.20254538032754,0.01051927261672009,0.020334060176395614,0,0.012151857355040327,0.005279444745798495,0.010375702381565537,86.35322390887873,65.36616485812335,20.435869564533704
1089.2916675944177,0.583916004348986,0.08021609877093677,0.08027760072672264,0.5183705091839425,0.016050736505896952,0.35183068191987044,0.759218490674824,0.006696068860563329,0.0765283945584939,0.6424187496475564,0.0002450972950197445,104.38990961035587,41.45079443112936,253.32906435419113,0.010466128271849284,0.017005118911367245,0,0.026244393553596864,0.005139056772526783,0.012792829808725108,85.89490193183649,62.94449019480501,21.210318926881236
1089.90267787321,0.5835922490855626,0.08339158090077486,0.08078651545589835,0.5093367830696768,0.015610809260273811,0.35260989667725934,0.7623426182953071,0.0064795993491452535,0.07958422903707195,0.6404951045330737,-0.00010185724839899973,103.28359453481492,39.77181981378697,259.10931983906084,0.009371343059062813,0.013592859419040834,0,0.032795207995486464,1.4386065866148386e-05,0.008719586079865319,85.6543761143282,64.41323603948233,20.34756833863154
1090.6987369792937,0.6162210851160291,0.08313500199412886,0.08162927031474684,0.5394260811694215,0.015530979505695076,0.3441755534843821,0.7629604089582568,0.006323993429379205,0.07964291447376833,0.6835415231156636,5.9402244593608264e-05,104.33679274907391,39.80793035834592,252.75244565563614,0.009498536763369718,0.011970892212571584,0,0.024168015783316826,0.01039607388887326,0.008145044523143933,86.31155292899781,64.15585536002474,20.80900781278464
1091.7217427603573,0.583991298381712,0.08361131884836447,0.08144969997984707,0.5211376208336567,0.015406458006262598,0.3501905912309698,0.7541507057894952,0.00033164088034461845,0.0804214195890543,0.692913202216837,0.0001322537246311462,103.07708309023728,40.38182277169535,251.8003161320664,0.010222089566537628,0.01307600299563641,0,0.02433171810526243,-0.0007571282889906397,0.013401659225853823,85.51874709048568,62.934099117322035,27.936751698108868
1092.3327530391496,0.5825765245602801,0.08048418359374554,0.081946526745182,0.5474945363663062,0.015188909095438893,0.3517541502232005,0.7580569576100624,0.00012084693178798665,0.08003036260946884,0.720286695590291,-4.520564984070025e-05,94.36934218478815,39.297100826959316,262.8914424569108,0.010505519239162027,0.015061709277032084,0,0.03345698774951325,0.0037452417513645603,0.012260662794533691,85.94995438343636,64.45205135165304,35.68902707260161
1092.9402718306346,0.5837633792044833,0.07961234144060962,0.08184788012966288,0.528400061673158,0.015499724267856996,0.35842261050337587,0.7552645008790986,-0.00018942530618918364,0.07943701829210581,0.7230777538627156,0.0014659185662241152,86.35223515052182,39.80589679132115,241.0086752630628,0.010818037264490089,0.010612367139235733,0,0.02207929185331336,0.006208110914633509,0.007591365126701194,85.45201836056378,65.17255444701227,36.18995236664853
1093.5268416982751,0.5824778595455239,0.07979345041031713,0.08166201171150823,0.6013042385410167,0.015165331121081206,0.3503289852370964,0.7511643327358191,0.00013772351446655418,0.08030397403057693,0.755614496400113,0.0015331487085667556,88.79390531163597,40.29733598641438,262.10948262220705,0.010844175719943349,0.01092112621743421,0,0.03571175912623541,0.008213630958415754,0.006249039797943993,86.86123517334096,64.21742699429845,36.2388775920486
1094.1762583374486,0.5797516585530794,0.0772922010626876,0.08233073143930093,0.6376878795371528,0.015168492867271033,0.3584191596322607,0.7484614541944331,0.0002161084244128204,0.07972856550513138,0.76727770397832,0.0015349980884500826,83.73085128415548,39.94923930097601,257.8605417336365,0.00992756427916565,0.010365953553332823,0,0.03977092550727781,0.0009002671684039823,0.0029871031433142898,85.77484214463537,65.48004271281502,36.19553485034485
1094.7628282050896,0.5815615844633424,0.0729939148401107,0.08204783527399417,0.5894698634666307,0.015193032519211433,0.3601625514992922,0.7574724054924713,-0.00019459610101286287,0.07986888478698392,0.7943574459847337,0.0016271739082412322,82.4403650670614,39.40396896710222,252.94125536017643,0.010567889678147249,0.011542632772375957,0,0.02454986141182383,0.006270632243716253,-0.0002829771226691472,85.69793623828551,64.32765584742904,36.611909933737984
1095.3703469965742,0.5799581062045304,0.07322296249211077,0.08163239608871206,0.6195106937955579,0.01531640769811346,0.34745647660317797,0.760186371007668,0.00021339352648992355,0.07635039374675016,0.7987181349336572,0.001502475648507054,89.8270901292601,41.04559647232305,264.44265278664193,0.009999256802341427,0.012820266277695851,0,0.02871729227047351,0.0009437345170671065,0.004036278138682923,85.6887582110708,64.83152659100543,35.37680350209793
1095.939459427678,0.5799287275315179,0.07347221334081407,0.08130991430132692,0.6497475784307137,0.015131638854062981,0.34428640702078744,0.7573739483881532,1.588098098506804e-05,0.08012235367615803,0.7935025662050085,0.0013483938623152962,89.7306179184298,40.769171985531074,268.25879435343154,0.008713635302122696,0.009798963879083843,0,0.0336070793453247,0.009542596196246273,0.005824426836049353,86.09369044487892,65.27806527916022,35.38388572644377
1096.5784016049297,0.5796733624269121,0.07307195321613033,0.08146019424624931,0.6544178957442026,0.015368468664378316,0.3425107522679146,0.7554716357448215,-0.0001689581744598441,0.07990148539403899,0.8107523089591606,0.0013532674228788268,84.40966908154627,39.917139273525706,270.74954557409524,0.008636426089753117,0.009266798061457759,0,0.03091583579780469,-0.004453032158666931,0.0074472327452104765,85.81735082082287,64.25138206932054,35.40785214672762
1097.1859203964148,0.5814074208947885,0.07362020868890153,0.08016877807616853,0.614502221464633,0.014950830093514516,0.34368145213383816,0.7412748166433303,0.0001639792485066023,0.08046832777202811,0.8322891447048534,0.0015783213460522374,88.10787741798092,41.36004906298424,274.5104916237433,0.008133798743016458,0.008731296332988034,0,0.024737993318154714,0.0017043341781064721,0.006782559693456891,85.60004989788347,62.6522296159214,35.156589200428854
1097.789947700592,0.5768673261524067,0.07290716194964404,0.07934214472398518,0.6236446639398915,0.01503768918026966,0.3874861707830206,0.7450935835881892,-6.220775934364842e-05,0.08044884220278581,0.835014502998743,0.0018323192044712455,76.19585390774621,40.977108912851556,259.24277989170974,0.008377123800402515,0.009807829212120367,0,0.029234968755065104,0.006694500439163269,0.004847841344579896,85.63721184654122,57.5185872146929,29.26063891692544
1098.3485856697735,0.5793195786514574,0.07356361414345654,0.07851619583008304,0.6397834206647622,0.014819168677045644,0.34457013003393,0.754549256382949,-0.00012856354828161645,0.08034062508620335,0.8280925330186004,0.0015709542857139007,87.74567601569157,42.014671792828935,257.9239232706619,0.00864371239068669,0.009406403221924731,0,0.013724686889072996,0.0025569182284282867,0.0040539299952045745,85.64819957751142,50.26134623176055,21.808884667469822
1098.9910193343323,0.5784726564330948,0.07384605455830245,0.07729598524696277,0.6170318436298411,0.014157928247317595,0.33955842340024317,0.7368636582814165,0.00033815293703621895,0.0800605429479143,0.8337891575677135,0.0010236127514159602,87.50736251854237,41.220440860427,266.1706650759166,0.0080123526419846,0.008838387185490936,0,0.016322906425475837,0.0018826953972100298,0.00047424684902839815,86.47854031341541,48.99195118412503,20.651866538829008
1099.5985381258172,0.5793039583252895,0.07312979133372939,0.07657090540352614,0.6071721046650549,0.014203009920767283,0.34247291064816876,0.7416469699553636,-2.6830196209106104e-05,0.08011308333502343,0.844386796462662,0.0006515602347581546,82.3415187985773,41.38444637070457,271.65832270209154,0.00840742340319432,0.01952677491719955,0,0.01711064761037013,0.004506612812276322,0.005284477425717044,86.08042475486474,42.48479366595253,21.223301546949365
1100.2025654299948,0.5759309459604064,0.07347237294782175,0.07464624230255736,0.6153302712371231,0.014772605107768734,0.3387305681870496,0.7531254855468954,0.00012258505327649675,0.08033633532462793,0.8606908643368208,0.00047809915834766935,89.24104262444337,40.18220813483288,271.12251225582264,0.009056980569507527,0.0195086613947528,0,0.008808356386317232,0.003655377893887418,0.004421097660522141,85.77038628182927,43.03140582669199,13.298635203392967
1100.7716778610986,0.5748115779861951,0.0732576154252095,0.07471858306093702,0.6026288929132607,0.014068668076721592,0.33984684079880056,0.7325902035606836,-1.5539075973867688e-05,0.08027364207552426,0.8374467781798416,0.0006832248653624198,92.1108542110139,41.39927079586097,262.1700639204408,0.00993123815625093,0.02130771561658005,0,0.013166100465707329,-0.005692079806028023,0.007225109221975567,87.07828734880921,42.75997348265841,8.178544677809963
1101.4350604495016,0.5809225673087423,0.07331767928217357,0.07412238304323386,0.5740588156721371,0.015150046061625462,0.33886260049971,0.756716435037263,-0.0002596596333216627,0.07686514541484271,0.8651231887569472,0.000764232309939854,95.94170220915781,42.75364465359614,264.41517355603025,0.009075148860334132,0.01986710877533501,0,0.009785158122189625,0.012284862401431808,0.007882094613073987,84.44135068627448,35.46689774365876,6.125575477615427
1102.0146473425275,0.5792109173410241,0.07353862537448902,0.07405085873264339,0.6039457969326112,0.01488457950658731,0.32091373390585154,0.7631769921907017,0.0003282185106628443,0.0768099029597917,0.865511732325549,7.845690427914388e-06,96.4520137804203,41.258346268679844,254.94126133314734,0.009433815196109455,0.011095802127519785,0,0.008068186184580009,-0.0005198401687368185,0.005754479193671579,85.74763075629508,36.26871498053028,7.280445221315702
1102.6291491086272,0.5797270373746155,0.07308067677863407,0.07403206112188296,0.5807194952130974,0.014555086218550551,0.31899100979464456,0.7404830962115678,0.0030207978974616852,0.07644538900248532,0.8293593949531256,-0.0008191617984564964,101.11911723722041,42.55363583225555,263.59858688590054,0.009400563187921847,0.015226573990048125,0,0.012223686355188574,0.0010976165937708142,0.007566036325209722,85.27148186918899,36.287722407967216,6.15034370862928
1103.2122274889605,0.5767081987240912,0.0736491793197565,0.07409033501124067,0.5158166122043749,0.01464348584257199,0.3179212752202182,0.7288858735232043,0.003333682931829896,0.0765679441973029,0.8149224368708946,-0.0009449743726704828,94.86012111880666,41.95584751925915,249.72080129004829,0.009932678753603806,0.00951476448225598,0,-0.0008206656278169269,0.006934258846388722,0.0036587696204957447,85.86681219949928,35.57126606663856,7.699320293635449
1104.4447225084673,0.5866858596593355,0.07389842527576758,0.07448715964167077,0.4888763136194707,0.01633339055051742,0.323223542375988,0.8021703103622132,0.0035572888211246293,0.06354857673738283,0.863698466144862,-0.0008510572600023212,96.11570580921023,41.252866135022344,253.06517685915995,0.009212314539703486,0.010674300597200094,0,0.009054989814792289,0.002958848583903421,0.0060083198384481605,86.12004848629377,35.27394755929959,6.173906036610584
1105.076681711104,0.6031612982471185,0.07312723353856844,0.07380128516601846,0.5326284496298558,0.016417193015258142,0.3250903571869493,0.7984010119067478,0.006741966964322082,0.0634127556348198,0.8658349006752338,-0.002201939255967391,106.66468383080885,42.42965219637044,258.40173935796525,0.01016091145110258,0.011037913950625637,0,0.02822208371499293,0.009301187878835564,0.006982810934722828,85.95226000278522,42.72855473985787,6.083160754609862
1105.621353731056,0.5839369016362624,0.0729663780209471,0.07365351716636667,0.5167790991189868,0.016389325311036918,0.33154416328160324,0.7944355375937683,0.003414353650232991,0.06312216905608192,0.8797762463665293,-0.0008494899186405534,94.85457753999303,40.100984965281725,275.0079074163278,0.010371648075954495,0.017558081554805892,0,0.02348517678246438,0.003677497049708144,0.012510030803044367,85.86207154416715,43.58919177782832,14.188304637813708
1106.2812448321517,0.5890677446238608,0.07396114000881603,0.07417960819706493,0.4825054336365898,0.016178965202938104,0.3360177196036517,0.8012834388804098,0.003387831827470148,0.06334838105478045,0.8718958828665911,-0.0005626126454499168,92.92077830874183,42.283629625717424,268.036827455451,0.01040559970043571,0.025933180905590006,0,0.0186126001653353,0.009673794432481708,0.009105957040606646,85.42811610320831,42.63361842856025,13.980576920748044
1106.6303935628898,0.5753644409297829,0.07723013405569232,0.0743494742415532,0.47651529377823587,0.015968095192081706,0.3346152244030066,0.8057707938193682,0.0032824329595230266,0.06360688429779891,0.846414719450305,-0.0007510321949317833,98.06912593788148,41.406059533720075,265.8465711792587,0.009965818527585856,0.011446810583612969,0,0.02782206936712922,0.0074489488974218915,0.008421032229682903,85.81263035711086,51.13889222044309,22.47831495772759
1107.3601144101335,0.5764135934150008,0.07702555099233765,0.07405207605540293,0.525081115160883,0.01585993133391154,0.3331276777061099,0.8110535976466078,0.0034980778967026553,0.06334884904763038,0.8452859155019045,-0.00020887964198536038,93.58875450627356,41.87063994449996,268.96582924131405,0.010432115411671099,0.018172298042123055,0,0.02725742502527555,0.009128674751879909,0.009087107299292192,92.69066857765569,58.32265625328659,28.363052134744887
1108.0060395619996,0.5744503707282747,0.07706078607283777,0.07475593609945361,0.5555023798446138,0.016757496018787323,0.3951434824384901,0.8188260670657727,0.0033554366711640734,0.06316279346438614,0.8342056414863919,0.00012178810738360256,91.11063241714311,41.693457645010454,267.9745295259034,0.009633151818776926,0.017523708726654652,0,0.027927271765200157,0.007380950526014519,0.009710498804992095,93.8328739767468,65.06015451814862,36.46485117584182
1108.5961009169478,0.5779422191247761,0.07968495167887261,0.07523370962427478,0.5454660422468811,0.01586920701277757,0.33676046950848865,0.8094073638676452,0.003259356265696892,0.06331277047586556,0.7897919261436938,-0.0006394017041282494,92.12525024805265,42.73129482581237,254.84945761808265,0.008014395190460249,0.011971513990224418,0,0.03807276518151999,0.005260417407534071,0.01087073684767233,93.06526455240932,63.17436587264488,36.61794526782572
1109.2001282211252,0.6179011365283112,0.08012343805839421,0.07537316281385101,0.5321050821281136,0.01676586222522915,0.41681840925264446,0.8182432053097304,0.003192292009386262,0.06376177402341204,0.7631092900850397,-0.0007294222963326459,93.01374620231336,42.53055265358229,265.2386174321198,0.014623538546971956,0.018046495448860972,0,0.020877525532930114,0.016816773357401286,0.006896271194951545,92.37981115557862,71.81594996764562,36.095302258880515
1109.7448002410772,0.5783383996405925,0.08050410966391039,0.07684205103792159,0.5475619586894356,0.017913543197606793,0.4269308806440257,0.8304678438147549,0.0034216761399770085,0.06378646251465722,0.8431983929633554,-7.579678290700861e-05,84.26995610043593,43.609432816936135,275.14145823252096,0.014830919584232568,0.01856870012964672,0,0.02242073761338393,0.005213816516557639,0.0061627512922050095,92.7085753253822,72.87431495350079,35.644731943915566
1110.1917106164226,0.5756610049668094,0.07989198872888517,0.07701838128505725,0.5633006060019409,0.017813079064744015,0.4251388315097411,0.8326099370047461,0.0032494378074942945,0.06344671390562215,0.8478225100426291,-0.0001559636631985336,88.46572249336404,42.90754390152133,279.2361758917345,0.015407299320824963,0.025429842036980226,0,0.02659780950037044,0.003242163679012578,0.009355706555405985,93.44111539452666,77.6098573071031,34.796813611658564
1110.8446187429033,0.5759080505322484,0.07976253383286062,0.08525665732543318,0.6183228510989418,0.018138240022329957,0.4180448450292391,0.8254201772622981,0.0037711975364252705,0.07414951499623565,0.799203991459605,-0.00027444939995561384,98.7441751494928,43.213280992453285,280.8255403460178,0.014636277549527692,0.037249937463623324,0,0.02840829946899788,0.02020472636311051,0.027135288391222676,93.28163689782407,79.3500029995646,34.52813668081203
1111.4905438947696,0.5730349489073973,0.07998232564226476,0.08598866961397084,0.624219529537241,0.016081682024652558,0.42017361960259514,0.8063591812981533,-0.0001430874654154797,0.07702720103460513,0.40192995995474246,-0.00030866499428211047,85.05872059452707,43.805880365587136,261.2490049002212,0.013861056626324097,0.03987994147812265,0,0.030757103665598032,0.02846359637813159,0.03302817055083729,92.53839808633182,78.34307754310541,36.454495507472984
1112.1888413562465,0.5756690502490748,0.07940601763840191,0.08625716317206905,0.5852856974593534,0.015605514443864389,0.3492507829012965,0.7751179857707793,-0.0001444927647332019,0.076223275734686,0.37731445670054325,3.474892234083274e-05,94.24138330256773,43.326594417142,263.0809665317473,0.014332143094428785,0.038746925325820455,0,0.034786301214337706,0.025764362683564728,0.03294532526950542,93.37461460350139,78.49727146059229,33.67183322761789
1112.7125644523542,0.5729987601154766,0.07987945564893666,0.0901463582726975,0.6337057182982224,0.015656995304224226,0.35054664481743236,0.7836387573131305,-0.00011679830964165252,0.0795590362516712,0.330868796931931,-0.0002316884815491742,94.00232784312628,43.10761593599144,270.11678238767894,0.010981769670979804,0.027771937000886114,0,0.02864007215819701,0.018111803142561382,0.03052943196878509,92.90926973590292,78.91753345975404,36.50851509553171
1113.2607279596136,0.5815885120825773,0.07964602903253507,0.09373799787605144,0.6384140757749179,0.017016657218266656,0.35098530016300844,0.7711706119257564,0.0034335190584622215,0.0803990900048944,0.301506505508311,5.518685146630375e-05,94.30824644002985,43.884836209114184,253.49433257870524,0.010876737488401277,0.029064171897484538,0,0.03356217792068424,0.02376881412221142,0.03007722815978748,92.54568532354905,79.81312551330927,35.752375588006764
1113.9031616241725,0.5839298751515284,0.08025061215995184,0.09497118528207497,0.6299420613718152,0.015819725978837264,0.35024821823479446,0.7565204032354873,0.003507500000043366,0.07981336682021109,0.30635774331774157,2.2749105007293627e-06,97.00615729003191,43.73683440642626,268.15559425525197,0.010621389398840537,0.02944405435532417,0,0.018618966485848123,0.02026536594561869,0.03038686746184277,92.38282173676185,71.09135174068538,35.99090132677149
1114.5036974410425,0.5708316571632995,0.07948754119345067,0.09452915753418742,0.6273416693168058,0.015550625384909393,0.34673663325780774,0.7496329562474267,0.003428857432832668,0.08002928156461472,0.299611778600608,0.0001453638932933834,99.4019675003948,41.968794701052694,278.4434486401959,0.010854802973540578,0.03690542300381641,0,0.005958237084282711,0.02266321898905146,0.033556873699157615,92.67486046434966,71.0990574147548,36.00227623854285
1115.1147077198348,0.5748571467190137,0.08051513755335953,0.09473249030243434,0.5885454741955501,0.015547092907073583,0.375773433352007,0.7633365420172636,0.0031260356448398825,0.07990200112353044,0.288360915961523,1.2396777471167627e-05,96.6541740968383,44.150110410075726,266.2386147290151,0.009786098709813807,0.03645622965667429,0,0.008673952455889327,0.02583907791523181,0.03155039800640282,92.79315694748635,61.8454794040598,27.956697552772187
1115.6838201509388,0.5729343016171029,0.08015631440658968,0.09474561633088145,0.5630351434917661,0.015226416727307122,0.37416924710780003,0.7646447817935562,0.003356124061264452,0.07979728623805168,0.295558434501395,9.46410114293948e-05,93.66998461695283,42.72919933823958,255.68568870607504,0.009934281280484777,0.02794250788714295,0,0.0052743892547759165,0.024581812274193204,0.03442943728111878,93.00597761248639,57.11415269772949,21.894049043951874
1116.3472027393416,0.5736114329739148,0.07972081876236786,0.09425754040439727,0.5274691337257768,0.015325300324609622,0.3490350360947238,0.7584470553689159,0.0034473736640563512,0.08020338754153933,0.2937126817097545,1.9309349722991093e-05,95.94363509182229,43.73141938378998,249.22880497476243,0.009398158466155786,0.029738799122411275,0,0.004100965232782927,0.021261620971057448,0.03450663347097617,93.3827135819715,49.990119827751236,21.497804365065225
1116.9337726069823,0.5732763955831589,0.0800991805820619,0.09310207780634897,0.523176229339477,0.015512397379054809,0.36834249414786185,0.7615192478685883,0.003611857904229611,0.0796025022472376,0.3003614452807417,0.0003696063511762803,97.9938456272088,43.593648814589436,279.29479157039646,0.008275377755692422,0.028450704606766034,0,0.005822400173587726,0.018373439339306734,0.033228317987624295,92.6486109622582,50.850627376266644,13.568665444103805
1117.5343084238525,0.5735013024308454,0.08016888495585088,0.08895299926815356,0.4705223676906091,0.015182009789955273,0.37320383818355296,0.7522121421502296,0.002832587604236462,0.08027538565036578,0.32845972873727514,-7.318629648884412e-05,99.07317144551766,43.49675576253782,279.4558936046627,0.00965217248900832,0.027318893137338176,0,0.006363003051950063,0.02293088899453352,0.03164074837932717,92.67758421617685,49.61773946457513,13.491014899170146
1118.0789804438045,0.5739617489092123,0.07995604017446557,0.08899819610740649,0.5132747607659753,0.015566722673091778,0.37035919275311296,0.7515751888619429,0.006670200643229482,0.07618691251104832,0.30742495383868657,3.029461961090618e-05,100.20048734626744,42.184850420441784,280.54643691321274,0.009271656862646301,0.026994932999167866,0,1.136957909155141e-05,0.02666056482849457,0.032760387008725564,93.1189135682814,51.118930598047314,14.998489549492708
1118.7668034433593,0.5714504823922982,0.07640297132800794,0.0864739123141804,0.5028065750486181,0.015420172499842294,0.3695886279466249,0.8147439587161842,0.009959212334717443,0.07965270118559394,0.31784236562653817,0.0001703373087281796,99.57648666038553,42.267498243567076,261.1270172119442,0.009115816801459717,0.019453075557049872,0,0.004109903024909679,0.0191914203190204,0.027472158459512647,91.95247689600798,50.50825326487476,12.807544160755523
1119.3498818236926,0.5714299408927185,0.07597137995907356,0.08420653200082742,0.5274063491421135,0.015239930740304542,0.37209764858686556,0.7495010559424466,0.009960890162558581,0.08073402716727116,0.3311265863375962,-0.0004545260419448052,104.7557128376795,43.73370010036874,267.5390840380527,0.008765031767508027,0.010593864860893936,0,0.002219495059120504,0.01875793326106249,0.03148591606051011,92.51723420046117,49.56519265346785,15.491601414225435
1119.978349539022,0.5603027250516533,0.07696844531279463,0.0813874644287106,0.5111464388953996,0.015042203851679216,0.3739121855039973,0.8143845576444989,0.006542456002717276,0.08000094856822312,0.7635011446116542,-0.0004228722155735726,102.16964561003826,44.71376340209571,274.8803712644257,0.009070609649579096,0.01043551489691256,0,-0.0001577230594986571,0.007030564993431441,0.01516806834727635,93.72516065551753,49.95989168076303,13.432688286030864
1120.4881066858998,0.5749676658657434,0.07648098623805183,0.08187289840052635,0.45894848310857406,0.015531632434893111,0.37687793003570685,0.8068285979957418,0.009977618824606942,0.08053876681046922,0.7785704214944008,-0.0008037119247400388,99.62577307962887,43.131018802184,277.16549935074664,0.010278315724216558,0.00948569055044427,0,0.006344840260162257,0.013520160492023973,0.010392248371983465,100.14452922692209,49.8832874383531,21.63219278607712
1121.1759296854548,0.5766928400332368,0.07899080040378208,0.08180043084709865,0.544266305610996,0.015218051371712178,0.33949979608840797,0.806375322926923,0.0099216399715348,0.07955999323042304,0.7876160418761301,-0.0015122448633881525,104.99511201601813,44.74398330361985,275.70470235874285,0.010093831560088497,0.010408288036092738,0,0.003341971967819682,0.00989116583244336,0.01268498168909701,99.84703677336339,56.93928116925401,21.197390899646823
1121.786939964247,0.5772462576946875,0.08010528848162021,0.08090762811253123,0.5274198984084159,0.015422819996540566,0.31074268669073984,0.7752280648605332,0.010088663063746641,0.08027953503017789,0.8386904801229311,-0.0012914503307084899,101.06998308975237,42.457932582597806,259.961983753823,0.009681157059321276,0.012280308029787142,0,0.0010234963608499721,0.005514134605483968,0.011595174670479056,100.50235756557592,56.77024438010144,20.88303435075545
1122.366526857273,0.5594490855080246,0.07973791853425173,0.08083174062672062,0.636025607904058,0.01462945562518256,0.3130930918867888,0.7843045316760894,0.006383245495681244,0.07988301961094135,0.8069225734822004,-0.0013797714844171322,102.6515913903184,42.91995360652653,262.5405432350252,0.009672264440818612,0.013638861057358601,0,-0.0019490382149583603,0.0028535152301408344,0.006076427517651684,100.48500497457465,56.004996878918625,20.908827533041173
1122.9077073899175,0.574605983208605,0.0803186624720664,0.08027980655639144,0.5770779533161072,0.015491940874316552,0.3173119670818089,0.7979755367252331,0.00977007339570258,0.07983410435531858,0.8315852933016986,-0.0026310835794772953,101.68216308441185,42.069674943121605,255.99225540158469,0.009849624757623084,0.014104601812812654,0,0.004876026227140333,0.005663103331539227,0.00568568488077844,100.33237305692245,57.01037804279221,21.9727274260242
1123.5955303894725,0.5625141516641098,0.08068137263462097,0.08023593492611991,0.6611367200598752,0.014966720641097433,0.3176220347087376,0.7774802842250935,0.010432261648935076,0.0800468087084742,0.8230293417403571,-0.002704906561190292,101.98042901649792,42.864192108511716,269.07729579120564,0.01010804622950432,0.02143155407446317,0,0.0031666365733665305,0.00421132829242834,0.0031193330282403295,100.5424035821488,64.52856614426985,20.551857016343607
1124.19955769365,0.5762637733797642,0.08019950764151325,0.08015202898873414,0.6789155404769532,0.01568805952543456,0.336807862346373,0.802238571285518,0.0099777153389157,0.08015405733115544,0.8029868847004258,-0.002885369821546192,104.06720421360686,42.418657882221815,263.59806997357094,0.011136798721456852,0.017265423291533747,0,0.004042259263309962,0.0013648998806993634,0.0039371186957210084,99.85458363210823,64.19011688964146,28.78788668945843
1124.7896190485978,0.5752118082280199,0.08324810889811067,0.07976519546067845,0.675500004482916,0.016132502217354315,0.34034745789536214,0.8078131311756598,0.009948453951009626,0.08026022747317146,0.8118742260133173,-0.002864706358337192,111.94917150647751,42.85218441146011,248.7530492117421,0.015162350890668622,0.02114976025126844,0,0.005452480184739445,0.008653247982892865,-0.0007691445877244006,100.48521127260157,63.22526509303987,28.63662353720941
1125.2644613224022,0.5624077604761422,0.08377357477165147,0.07998021705674599,0.6879200923254712,0.016835481444397064,0.33895723309908243,0.8063106633072847,0.010007858695403401,0.08005421998179592,0.7786640696682435,-0.0027725072350195876,108.16293381566481,44.089189378250545,267.9349423426519,0.01413409839560623,0.03031283233166882,0,0.002733849171944643,0.004391157193526444,0.0031813667155195973,100.45043425944269,64.17623373828087,29.367613798355826
1127.711993924879,0.5641039176365027,0.0835504545507775,0.08030476983135065,0.7161952266614305,0.018164257463470536,0.36049554278449075,0.8436223468230881,0.009768151038444809,0.08041975553275629,0.7969752028955726,-0.0012943671052149256,105.77059860866635,42.87460460649653,269.01486029477695,0.014026424278019744,0.027888585964373547,0,0.005312707872217816,-0.001300991654589776,0.005985018371282952,100.54290952068925,71.57843407735079,35.88012450137427
1128.05765116831,0.5752235426641206,0.08335522350170588,0.0802317800026689,0.6961273351362212,0.017397676163283554,0.39693132376719764,0.8511856074124687,0.010433857708328961,0.080120451332559,0.6916341862232842,-0.0012314008375598554,106.60415625423703,42.72364387488047,268.4094575157397,0.014862463341574178,0.029852512280691412,0,0.19434286720791577,0.004945043563499989,0.0007931909389965442,100.64566771742618,71.78872500358031,43.23800672914865
1128.8083209393978,0.5637310120592122,0.08320211220352171,0.08027538986061339,0.6433761905411165,0.017432258156274586,0.41317813229790773,0.8084800773389629,0.010291395586912375,0.07666026337088248,0.7021018947992936,-0.0013126354556416103,108.25988358922912,43.11732853741612,273.7628815823014,0.014607576500896531,0.033931624060771666,0,0.20350887768345746,0.005894597660624101,0.003127413325285237,99.69578628210787,71.74900037189681,48.88332667150838
1129.4298056801122,0.5612610065798183,0.08327556120264389,0.08191988043810253,0.6836790674095197,0.018354452407787436,0.4138476610381114,0.8526562452563413,0.009445840088268745,0.07669209444548644,0.6799739006960424,-0.0013924875205244516,109.21868458418386,43.039582216617674,271.62034109402066,0.019903871572177295,0.029898146117199882,0,0.2036527294082313,0.004745869194744186,0.004291320121452612,100.5703895939543,72.15921798872114,51.14638349944859
1130.0128840604455,0.5943000417595152,0.08298919479816184,0.09627364597646602,0.7053166372697175,0.017433135008538124,0.41349595857452853,0.8519024445401472,0.009912888992690105,0.07712372689373384,0.4027972996963563,-0.0007482695380716529,106.1801979799428,43.749417767692954,277.96862472074076,0.026099486605568885,0.01980854646353912,0,0.20143591092478363,0.00800868437069906,0.019137289792252793,100.1775097604872,71.44217404748349,49.19898322827629
1130.5400986438603,0.5914748688669953,0.0834453935793989,0.09672909258697691,0.6975666844335977,0.018300436977065564,0.4108154803444715,0.8497141305267679,0.009747436457569826,0.076948909350356,0.37380000697757837,-0.0009140822903663928,102.50717165981035,43.295139095334726,277.61665992889976,0.025947046823737337,0.018242521060852272,0,0.2110949721537774,0.01207052880914106,0.024599950692001257,99.55353333681128,73.06922995679106,49.14849802796064
1131.2383961053376,0.5937514911749818,0.0830961549686833,0.09748106777356282,0.6792974141477406,0.019249483566968404,0.4117194185928533,0.8463405333049876,0.010321242209744168,0.07653489755256532,0.22662808607911733,-0.0009484097786900306,104.92518292680305,42.674889945296684,279.41230058312294,0.03890692811965261,0.018132803418499856,0,0.2034890936988591,0.001114019860989796,0.025008455156728806,100.55123606771919,71.59131949287524,56.39800812787405
1131.8249659729781,0.5940050926933446,0.08309790622790285,0.09863500908956349,0.6757610050268692,0.019443343496572847,0.4250377663020828,0.8530497988458314,0.003582739591848141,0.07624647671918282,0.19698664274341002,0.001061550605344745,104.61655068323176,41.79284081374058,266.02539306253476,0.041439939214675,0.011017524164514937,0,0.19799879027399314,0.007278459799756916,0.01489995391590594,99.39779136917325,71.99805442475349,55.64384956417051
1132.9911227336447,0.5918800362253599,0.08322256009338623,0.09854210156493853,0.7094052194317797,0.01818953987145579,0.4231820551218816,0.8543989112409321,0.003217962021119186,0.07641180390318461,0.17476755664211668,-0.0005879087031732622,103.13697454250091,42.70065266273882,274.26660951323674,0.040966577753306456,0.012393389376589948,0,0.2063187919191359,0.006564841449027619,0.021359013553638607,99.586509028125,71.15749345014623,56.544702702026356
1133.6265734235885,0.581626000813132,0.08332185153987033,0.10214299931560633,0.6724168589947414,0.01805566554858857,0.4255116382579865,0.8104424653821768,0.0034134459665379766,0.0767123166585659,0.18413309784179424,0.0005182949318914485,103.18964349345995,43.117165314032455,273.44768653528894,0.026037601955324757,0.011649055493942578,0,0.2203920517218695,0.013447088296333272,0.019844935483660904,99.46807672559666,78.2825702484731,63.210492417290986
1134.1677539562331,0.5833467550475064,0.08308024099173811,0.10104692412549399,0.7222108124772258,0.017624020646935593,0.4111223859300771,0.7756123475583103,0.003301658711711543,0.07742477742363865,0.19928341554104076,-0.00010628080127058326,102.12196208725035,43.520457388743175,286.9193107343629,0.025395015312552557,0.011499331183887575,0,0.2189375095255968,0.008436693499246525,0.019362844588485664,99.8892277053761,86.51525036770578,64.11162802456525
1134.8451024938659,0.5799489393017396,0.08298952088420834,0.10160756707496363,0.6287344070568031,0.01722859112496998,0.42396603487927725,0.771903882712648,0.003443687955516783,0.07641525545581723,0.1816904222304936,0.0004368901612040279,99.49588166082691,42.57586631953445,256.02457737055886,0.025739276534978282,0.011392791120678758,0,0.20971212752725926,0.013105002114948793,0.025874501330133463,99.11366964084245,85.38021996632949,65.23162278243822
1135.4107234376622,0.5781486141573771,0.08335548783771614,0.10076370187224222,0.6524638716740238,0.01672006975066761,0.36512191443489295,0.7690755821102455,0.0029586713571331147,0.07633592553917523,0.24754510662949208,0.0005245487627446363,96.47119757400732,44.05761571370953,295.24902539367497,0.01856132656489618,0.011097107458839984,0,0.21577525849325135,0.00916558614050181,0.02947925292207661,99.70594696311944,86.82496275744465,64.22078610881805
1136.053157102221,0.5894964162673512,0.08348596058798925,0.10129179203834301,0.6045241648787003,0.016902808741898267,0.358008352962626,0.7630432180046068,0.0033824443197392924,0.07670847520903698,0.2964612827709567,0.0006856213529379714,97.28100805324594,42.46677352392291,280.2060237565631,0.018205975249354783,0.011340018026660587,0,0.21122390567335486,0.008001398798323053,0.028030674471146252,99.75235334618714,85.71016778369469,64.26808861401838
1136.660675893706,0.5805440199849577,0.08294205185922303,0.10124294747625319,0.6261924674112012,0.016274982651829032,0.36504272712861474,0.7666836264595439,0.002988834599363221,0.07711583793234894,0.29810014464401074,0.002113056531849865,93.29101166391953,42.876653344556225,283.81735039817613,0.015828788222967453,0.011377067171532272,0,0.21504496679721544,0.013060090672042833,0.03453927977095026,100.57530992413703,86.1174070763325,64.58732632085349
1137.2647031978836,0.5789078369962847,0.08375009730544748,0.09092281754027351,0.5982646548030814,0.016905200835849885,0.41175343864835773,0.7784927995518675,0.003481947859064972,0.07651317822012421,0.38836618929608013,0.00055342646257015,89.59055838032138,43.00222301116925,277.0387144030687,0.010426640410138218,0.011816353325337488,0,0.21387207427305643,0.013478079610324835,0.02909038567444449,100.13059923863621,86.91377866115388,64.0536613531643
1137.8407986036018,0.5791586792063558,0.08322346556268383,0.09089024924197187,0.5709444299865877,0.01624209729788988,0.36653337279812237,0.7735281408465078,0.0033213502586607623,0.07642017366248308,0.31428418134228686,-3.125582420222082e-05,93.6577256003391,43.35770976373561,277.8184803735947,0.01078124836502616,0.011178037551649242,0,0.020686924196089976,0.009339803629024325,0.03182136054163161,93.4343603584306,78.29009936065705,57.14198134485109
1138.4622833443166,0.5810806729680125,0.08327986951320794,0.0908560081375807,0.6217984208067784,0.015853726286092162,0.39638926332210533,0.783150863786617,0.00020519168360908828,0.07675078274609275,0.3872433823689687,0.00048698684698512273,90.8312781794958,42.325184067359665,284.09104231351705,0.011519363491532687,0.025714576584690285,0,0.014397473375223733,0.0158021541626253,0.03854733713107964,92.36653974819413,71.79933122243195,50.41650731488254
1139.0802765977232,0.5792581155230027,0.0833361967474066,0.09026436655049985,0.5570033212318325,0.01577967428523614,0.3631617105159746,0.7796086262888835,0.00012309474511073285,0.07330096827033672,0.4274434142777688,-0.0003633176137842255,92.70916529012149,43.067029664633544,273.0768728008734,0.009248775759400401,0.025524346100758308,0,0.026485540238470884,0.015016557995717087,0.031755585821637636,92.57764216008033,62.97056220041137,44.128571968918166
1139.6877953892083,0.5772688966541405,0.08321007296633451,0.09042555398542365,0.5674290821560964,0.015885201068938426,0.3605047854827688,0.7784915441293201,0.00012850576190655922,0.07347250367487458,0.4272973458702601,-0.00023683902536383262,97.8012689768642,42.81295303332072,283.41335619919477,0.010629729624731377,0.02567993178114444,0,0.024503363012647366,0.01041398110698821,0.012952635162677546,85.74449698442197,64.53381008449763,43.34787508447163
1140.421007723759,0.5767218251385251,0.07944392902824025,0.08866353426161677,0.5873859421166533,0.015817114790216694,0.355406866913559,0.8019245369038505,-0.0001403725440808217,0.07355413354203484,0.4472903622331525,-0.0007803726906233405,96.87005150631033,42.55721285177833,300.9720944320061,0.010480689437479195,0.026042600190482938,0,0.026393652961892052,0.007519801897902826,0.016052225384540722,85.44386210026285,57.11363390761932,43.333651856577205
1140.8923585102561,0.5793080763015157,0.08339913996795706,0.08457046529959376,0.6174069575577613,0.015886335596050738,0.35528315955895157,0.7884259865045542,-0.00022334618024059586,0.0734019236336752,0.46101554091697045,-0.0009439671098728912,95.6470557990534,45.35726789023681,279.77990473958954,0.015088600257322742,0.028292331252450547,0,0.021397288042484103,0.00888336635544811,0.014528029401823316,85.51111758870132,58.25490671665808,41.66290621499943
1141.4963858144338,0.5742469777747078,0.0834233531953208,0.0854731911934793,0.6266232119395964,0.01597274089802838,0.3552586207797788,0.7707380588321746,-8.346047652508395e-05,0.07332687708031704,0.5461421310986733,-0.0004645496008906376,101.54302726497856,43.322292366651766,296.95216506101826,0.016163469895449895,0.0337933689720779,0,0.018552539564150577,0.00772629842964597,0.010184482340533534,85.6623267170925,57.219323703178645,42.47882940419833
1142.0899386566891,0.5751897695852801,0.08050694063467245,0.08659569600930137,0.605760376865217,0.015681491737301666,0.35774788496747245,0.7388236223558917,0.0033336982328393892,0.07306935192036024,0.5538243015107809,-0.0005116344627756414,99.45682523631977,43.725979741978584,280.3039285326527,0.01576534446853251,0.0285494301910316,0,0.015910519745513146,0.016750124111796598,0.0076549704907875275,85.65140952563414,57.03547928537213,41.67062216507158
1142.686982986252,0.576813030739461,0.08338916737601337,0.08636643649765381,0.6734660274202237,0.015662664434582942,0.35413669201570847,0.7426240508968629,0.0066852337715519366,0.07332992221698288,0.5445692267460662,-0.0007690016265934225,101.39330520847403,44.66595268033372,306.73484553752496,0.0152549960096943,0.032185091467959066,0,0.0066821257835881845,0.01764370112570649,0.012036896582402154,85.5482072667431,50.09868382472045,35.11237122756849
1143.315450701581,0.5766501442955714,0.08690281861778337,0.08559403621788154,0.68063989356028,0.014564369753527345,0.35240205816404196,0.7215946694246834,0.006352409226383944,0.07337941490155465,0.5537207014139677,-0.0007860125155230189,102.0406639737166,44.240662118423174,271.4936854012794,0.016203432843626915,0.032189094290371846,0,0.006626318710712118,0.01480528975855287,0.011202483331842645,78.07625614286734,42.92736603269146,33.93000118000913
1143.9159865184513,0.5753588298126951,0.08013263745375304,0.08738644385972931,0.646003979239804,0.013826015514752734,0.3452270510244059,0.6894717151418255,0.00665448507322522,0.07340648509793954,0.5242714272545168,-0.0006569983716647892,95.1473422235657,42.920935799918645,285.0290274816562,0.015695789339961602,0.028648725266970713,0,0.011811872239348027,0.008383035593325755,0.010444070388902353,78.76359723270835,42.69709103985601,35.58199824904337
1144.520013822629,0.5801232786600866,0.10079580607011258,0.08754649113620244,0.6655352236781042,0.014267124859471174,0.3413524880357273,0.6936290071053084,0.006553900975970221,0.07336172805137499,0.49613489603793126,-0.0002955034539810774,103.45947693619684,42.88873594995571,279.20260763869044,0.013255751602380437,0.026221421657337013,0,0.01170107828344772,0.009235616404333066,0.0051109602262650496,79.78996193604551,41.97674743548754,36.80050431920675
1144.8656710660603,0.5770629349426248,0.10019596288700808,0.08799608563774886,0.6978134913251313,0.014156843288814667,0.34649131871156963,0.6953816590827372,0.006549628588573393,0.07320274360680686,0.5252262731137165,-0.000276775415609079,103.8598582922601,43.88450729301684,272.5914501355161,0.012910737630978853,0.02313564128320882,0,0.0033223547134519087,0.013272760234021757,0.008409333793666166,79.13472767835285,41.718772962349846,36.58449553705101
1145.6023748879181,0.5758084142184902,0.0999647760695282,0.0885925170882833,0.689832796637222,0.014250025550756064,0.34514840948039766,0.683718561880322,0.006292001092749962,0.07287623280301314,0.49045067100514295,0.0017464711103363207,92.14397580716427,43.320319094572255,281.3092257899169,0.012119411543259994,0.016125447205524984,0,-0.00016697556748762003,0.013814064761783875,0.005848567000706253,77.90486737322924,44.9104166336192,34.57543356989341
1146.2238596286327,0.5937252251862382,0.09965543908630946,0.08935479773823016,0.6963756241870053,0.014396634666390781,0.3430833061356085,0.6927776310121531,0.0065412501417552935,0.07316200635722205,0.5038960891162461,0.0014936269272472994,93.41208698363995,44.41475415511154,291.01301912776677,0.009667328895306753,0.0093156954538386,0,0.003689557470632906,0.01041066877599053,0.0037030774888742873,79.1686845456667,43.330090556106704,35.61938259596097
1146.5730083593712,0.5905280756127104,0.10061596184772467,0.08980351607043802,0.6528363425782017,0.014057000657144603,0.3432867164974441,0.6930229826772312,0.006858767601163014,0.07346688804771516,0.5042609531519405,0.001574015633518688,95.64115710934006,44.14945068461794,274.5660384555849,0.010179496090168402,0.010907742704766858,0,0.009369020014230647,0.01098965828772583,0.007921370519626188,78.84004390427178,42.97453072592016,43.275481767792975
1147.309712181229,0.5902157283056764,0.09972829889243741,0.09102623480037883,0.7128265341015912,0.014328720401677516,0.34069356727268924,0.691644610996368,0.003270413066317082,0.0731407996793948,0.5093984947881929,0.001721069268658412,93.84816238739526,42.90752680820057,268.41501294392276,0.010827856128508371,0.009529390096104923,0,0.010403668084316378,0.016634604415838437,0.004754323176802471,78.57036588709514,50.771879615034216,49.53916304463874
1147.9381798965585,0.589541437704365,0.0865039789290696,0.09171683485853008,0.7009956995363414,0.014136836687845733,0.33539616208998746,0.6857661978800801,0.00319628258796543,0.07719638576065999,0.5250683109938339,0.0019826759518190664,94.30590230398155,40.95982791801964,280.1337595766099,0.009917317427478534,0.0107373300528877,0,0.011025683497762444,0.015859356919806267,2.9464205225553444e-06,86.42773332560637,57.54125524098998,57.46496263257817
1148.2838371399896,0.5922182674593228,0.08641129991188658,0.09078089424968416,0.6971857963413141,0.014266565959848772,0.33837207661874497,0.6745923354488903,0.003057306263641955,0.0768469253972764,0.5373381421084978,0.0017321464454023703,95.07153197925584,42.926890544465536,280.89991368231506,0.00947040152202887,0.00892675259862963,0,0.021263320023864038,0.009888230329231798,0.003215546421781559,86.03679682169859,65.06362265424231,62.92349477137055
1149.0240324491551,0.5870868541144986,0.0829790911237667,0.09162259762371065,0.7040198603045202,0.013977872892483605,0.33442022812994526,0.684378159100936,0.003956087974216026,0.07690552633446208,0.5362379531459327,0.0015878030950559282,90.76623268243036,44.3004866043711,291.3725536779963,0.010211982092891838,0.007678618463233736,0,0.014063558044705562,0.014185776263854212,0.004264300004762976,85.99045506007958,64.63513941606114,65.05322798127365
1149.6420257025623,0.5790132438772778,0.08330078372840798,0.09132342598251038,0.7155079843642845,0.014056369887420301,0.3382750451259208,0.6728266815596585,0.003609938268629823,0.07664409183222953,0.7354373153585723,0.0018373005622670518,89.17852415535815,43.860894019112905,284.7494380251417,0.008266702656396906,0.007430819572213607,0,0.013092137096631809,0.012270328074873344,0.005037688055377243,85.55936098218129,64.39926909553358,63.44593306774213
1150.2460530067399,0.5779239563546542,0.08301632272170295,0.09073086753202562,0.6785851627249082,0.014123190006483276,0.32155892061038976,0.6804429210424491,0.0032478652148802,0.07682062467370071,0.752615346221895,0.0015206530782356231,91.36724529406466,43.39020453827131,273.3769231626308,0.007298468429840009,0.0066511810010972585,0,0.015284693630623689,0.017253737924721214,0.006504041182313733,85.78689665719745,64.36876697614944,63.743120328071285
1150.8361143616878,0.5799260230072995,0.08328833028648332,0.09130540521142239,0.6549875777319825,0.013669268089444174,0.3236757796492936,0.6789772870068451,2.7691322494214164e-05,0.07637829654230827,0.7734551215893621,0.0016268652748817104,90.50457811503523,43.197796495708445,284.219979727837,0.006193952779935491,0.006790451234842269,0,0.01883192353082991,0.006930897567160399,0.0036915519343438978,85.20623219521943,64.65790984161772,63.589253000430865
1151.4506161277875,0.5761058957364383,0.08347464120081646,0.0891099187922225,0.678255744418283,0.012852068695699192,0.32126888975023177,0.631855598117813,7.624132255706024e-05,0.07685467956825374,0.7821075006947819,0.001328736755572046,88.39921435687162,42.95112112781934,262.6916526227257,0.006256970969893865,0.008448278302272128,0,0.012493808760972416,0.014957390982163529,0.0013999778876303559,86.46214032063199,63.782724351790186,62.842031828450374
1152.0581349192723,0.5778276591969961,0.08359345937618702,0.0888079788309689,0.6580416414719935,0.013128861454326858,0.3242470148835983,0.6810768733578388,0.003465081461850413,0.07644501325884481,0.8305140436728502,0.0015286254821660044,93.89892314893774,43.840897517997625,288.75386624905155,0.005851201052915863,0.007308564483761492,0,0.011232689884762559,0.003915014833823569,-0.0003951269958918538,85.72613973808987,65.76219712882994,66.0074893014776
1152.6621622234502,0.5794629034980714,0.0838958753331959,0.08753341064465087,0.6289497026148749,0.013007729166178556,0.3232085299592864,0.6770650934126577,0.00022804953086900747,0.07686960845540428,0.8329735798587871,0.001430802231218073,87.24130025090783,42.96311818500631,269.7062404605101,0.0047122462864487525,0.006962644151852007,0,0.005707078239880384,0.0029228276613599133,0.0024630845101527537,85.83157178836042,63.969001155335256,63.92206223812918
1153.2347661418614,0.5765564074885788,0.0834526818190988,0.08757800043765443,0.5869463562939665,0.01234167590321136,0.3199469625230836,0.628444739783461,0.003348216056010508,0.076563344208395,0.8338126249830995,0.0014331684986846032,97.10092083100409,43.741611119197536,294.984274570647,0.0043473380775649675,0.007045978109006261,0,0.013094303545755134,0.0005906095303520897,0.001030015031240451,86.0721628535746,64.43003409972354,63.18986726716597
1153.870216831805,0.5770003331690513,0.08334961921792433,0.08648907828290438,0.5709999047690497,0.012320991245629433,0.3218380970622732,0.6319711152988262,0.003286284193295294,0.07685870200802142,0.8313442999349083,0.001506550664499895,91.35987982091228,42.183210352768256,277.2106231887854,0.004157423988523245,0.007341594466155181,0,0.01567389580110379,0.004054833874605904,0.0031048014647001463,85.39847361591387,56.92645950411916,57.48278126860789
1154.4707526486754,0.5772409460963868,0.08317021746325018,0.08581063626271312,0.6173736296104757,0.012950664522165258,0.32881973540160314,0.6755962238992028,0.003778421859322171,0.07607058097929725,0.8725762953250474,0.0017475800510133718,83.2337344207422,43.01337545804188,277.72028449502994,0.0058914323922383705,0.007166559875023077,0,0.012090046316778036,-0.0006812717282025974,-0.0015086955405710018,84.87919475687033,56.14057911789569,49.88195718809917
1155.0677969782384,0.5755988387785679,0.08395768949424899,0.0851165088324465,0.6430246859685548,0.013155993573099874,0.3325000980304164,0.6760128457098183,0.00331273119821665,0.07656212021917913,0.8535271737940147,0.0016154416907994689,92.69238173592184,41.74071677966994,287.0291645723827,0.0044699955510783375,0.007135524274087078,0,0.0075462604315449655,0.005626667893288726,0.000464431096570224,85.67821713578273,49.97732746778168,42.17146828463327
1155.6334179220344,0.5758523683684257,0.08312186380718432,0.08558581575578127,0.6156165291413846,0.012858345767926152,0.3222739323170581,0.6672670840118761,0.003260560089980392,0.07663871024648289,0.8487457678305995,0.001547139695875101,85.93910400750661,42.69529847579506,286.77078075346026,0.005013317917425852,0.007052010037492619,0,0.007236355169565841,0.0025638148396810124,0.00567477772406565,78.62274280913518,43.06630980071968,34.68312860537011
1156.2653771246712,0.5754896931543505,0.08673526952089163,0.08528409931180528,0.6921402184740333,0.013617218603636018,0.3278261562892178,0.6816632276532111,0.003665657555172867,0.07643564767555333,0.8926118704283439,0.0009795774060281086,92.05667785354674,41.89557327352391,277.2903509884243,0.004707960304223031,0.0063165979494126155,0,0.010969262429811277,0.0033431233474283464,0.004039724745595651,78.94242147304172,35.249770162443255,29.80656595194838
1156.8763874034635,0.5766588336912344,0.0866909342053165,0.08449990321481424,0.739262141820028,0.013587924290512747,0.33003152096650357,0.683455483859472,0.003282334895044307,0.07637976563521108,0.9037916621663444,0.000446735763936218,91.24412278139525,42.01505567023233,290.76411554114077,0.003995995912151483,0.007401704261268293,0,0.003356444899931014,0.004375718554073283,0.0026365024102335322,79.34523333500489,35.164271514803055,22.191222807922657
1157.4804147076409,0.575427134519138,0.0871724642455524,0.08518199936427208,0.7302191379764297,0.013760767032847744,0.3229966226063615,0.6903180559977713,0.0036173133207548216,0.07669841860943065,0.9292727406966593,9.316563130014398e-06,91.2416763011173,44.50047607895839,280.9260649180164,0.004694736727734634,0.007101352877551727,0,0.008730574455577761,0.00045794325256635036,0.0030734163947946755,78.88445032306004,28.336850770443583,13.96724370542158
1158.0390526768224,0.575407460121587,0.08670038509957717,0.08487016365680324,0.7823447932409675,0.013756428168758349,0.3275978481809878,0.7076026399265012,0.003662691997705794,0.07673955702357349,0.9526879622147504,-0.00010210931834700676,92.3257215275945,44.1347305960749,269.3980822307338,0.0056097758412642,0.006010933105226595,0,0.0004056555921788952,0.005361022168734105,0.0004883994349390438,78.91719643151302,21.836593473563394,7.535984279374189
1158.6779948540739,0.5836693786052745,0.08690850654950608,0.08505324645343156,0.8104785791823804,0.013980885201740973,0.32443222479668016,0.6953327657813224,-0.00022374588333545154,0.0765176474857436,0.9629438054343784,2.8242643966299588e-05,92.68098096208713,41.442529928095354,278.4395202501983,0.0057737251329108095,0.007044664297201268,0,-0.004427746360383378,0.0033553600143240167,0.003353113665080283,78.33599774106533,21.524235204425036,0.204793073944676
1159.2820221582515,0.5818863078920075,0.08630299659928584,0.08514204219674618,0.7501317117964228,0.013650851104268035,0.30617355081632813,0.6828412723751183,0.00018849047399071599,0.07632211112094948,0.9474994634145869,-0.0009011032395487152,96.9451387080564,41.65614007203001,283.51865737807776,0.005492654955030525,0.008920818465585416,0,0.006172093942964417,0.008222141712311337,0.00012037346082548412,78.33570488605042,21.488223466995976,0.5625214503736212
1159.9035068989658,0.5753417013784036,0.08716559669570773,0.08533047858007317,0.7722907421600692,0.01392565829789554,0.32583948026230297,0.7089067856020339,0.00018571541629026114,0.07666142143303113,0.9691554153227906,-0.00018858581984797058,90.84690148785073,43.81605990193348,285.3545349867681,0.006444603459292823,0.009481011956812356,0,-0.0006068310612404095,0.0007485477550196657,0.004786526335012911,71.25423832818099,21.791459677447353,0.6716308682813278
1160.476110817377,0.5753343093990305,0.08327387235432851,0.0854584167173418,0.881399996977313,0.013533275229313994,0.30424875076171176,0.6884143792308749,0.0002447515117235011,0.07286095874882906,0.9558891175582725,-0.0011447067519175257,97.08747834120832,44.1053069511135,283.51128196766354,0.0062213400122084475,0.010888957466308186,0,0.00844238960859639,0.0016466132549808434,0.0029595362587834777,70.70885218436685,21.548576142975005,-0.2823253866288388
1161.0941040707842,0.5760691852188585,0.0836123082539122,0.08522451296657958,0.8526687735850393,0.013543441685470137,0.29102486457939825,0.6411049405615562,-0.000347646506088769,0.07340757069043251,0.8787648408320692,-0.0011834409745158717,102.8308856903049,41.67696092965352,285.3208977810738,0.006057135081748888,0.009921697001208468,0,-0.0006825802091304386,0.006712881582145971,0.0008211421396262923,71.18129579870019,22.14251149986752,-1.5358499842238722
1161.7051143495764,0.5823926087717816,0.08320579895143007,0.08503127316397818,0.8225248401782369,0.01323760678210282,0.30226759663165087,0.6993158224340824,-3.415859252946771e-05,0.07296010052408458,0.8751113048934781,-0.0012212873666890766,90.53658251025861,43.22343791854179,270.38158485034455,0.008004604032469054,0.007736088358852758,0,0.0006373893999438601,0.004506083854535393,-0.0036187366375897783,72.40043413469664,21.391193501550745,-0.18674283014422416
1162.309141653754,0.5743855653842102,0.08012399125185486,0.08405738591961831,0.8265262537534229,0.013407352584175162,0.3222562549096158,0.6973974629521092,-0.0002717400889287386,0.07283686186252021,0.8952988716030861,-0.00023483443062432565,93.2883133421422,42.60746651041757,284.22972458310386,0.008756114642753445,0.005915892163759971,0,0.005637002906128443,0.009079310504163522,0.004782982594675953,78.61186566094183,19.820884270290737,-0.7435156317270611
1162.8747625975504,0.5852794966236948,0.08018179560507323,0.08445359894463161,0.7840432113038326,0.013514490449614537,0.29127229218989537,0.6403900920742072,9.48005998250333e-06,0.07348567441956658,0.8845457711869722,-0.0015733065685645607,105.26135437946913,42.65895329040113,291.52863660547087,0.009515492553835884,0.005841470484540461,0,-0.005304239784291849,0.0005466309476869534,0.0006197043106910679,78.29644829211472,21.41582151455868,-0.3502613674958482
1163.5102132874943,0.5748092692149129,0.07974941642085975,0.08426857174078463,0.7902387880620247,0.013091960248360918,0.3227447603016624,0.6686998340639002,-0.00018209143893146098,0.07361715133302206,0.8614793464622201,-1.92305003267764e-05,89.68484566450427,43.52319467868244,288.4047346668992,0.009813196316854254,0.005757469389899782,0,0.0037615591968253427,0.006666209998960456,0.005710336263612417,78.44881530957818,21.841317005982198,0.10145273335566911
1164.1107491043647,0.5781072887261458,0.08013544825533502,0.08353220454887197,0.741128737048536,0.012990096327792647,0.3400625336617553,0.6532414867699663,-0.00027557813367021033,0.0741184652884799,0.8549433727387282,0.0007497598426178614,91.63608619906736,41.666312321238685,295.7124103989113,0.00991145963310094,0.004247474969209191,0,0.0034773050160882705,0.0020792452389061826,0.0017888040107962259,78.96960811841224,15.307531578263477,0.8830295966766001
1164.721759383157,0.5769726518255562,0.08085877862558152,0.0822977295643332,0.7608276512057447,0.013011048764713212,0.2947928942623904,0.6439859549823698,0.0001207495374771503,0.07357353374119549,0.8456650339247326,0.0008214402440900812,87.10968301440276,40.68846507678106,281.2495968566179,0.009734336025165385,0.004732487306913929,0,-0.0003582128874168687,0.003293848236453555,-0.0022857576166682423,78.01129331530771,14.434107960233566,0.2633797708719966
1165.3118207381049,0.5783640382964899,0.08023055801453607,0.08244100550809205,0.7403562746408443,0.013179404643743568,0.307652463379353,0.6541157628337491,0.0002856168216920373,0.07327652811015192,0.8568139442619149,0.000979216146953288,87.4745186666384,43.9583951088493,281.7911966972697,0.00917001773265363,0.005669550643715083,0,0.0022684949705694376,0.005039030613454975,0.0067224292369209085,79.12738503624396,14.508022809752305,0.018744809740560645
1165.9437799407415,0.5775276251336711,0.07662137906580394,0.08153570353094941,0.7734361918664415,0.01281381112954915,0.34169697998994425,0.6530536835625971,0.0033473721876902114,0.07303708552914519,0.8785417320899211,0.0015859999724388751,85.01556688366347,43.05684790180509,273.92561474334696,0.0071481171667468115,0.005237760712627193,0,0.0030727981808936497,0.009326074275811287,0.001416035559179598,78.38712023171693,14.658487181037536,0.4433691482042139
1166.547807244919,0.576738730442635,0.07707724476678592,0.08129301792176735,0.7722972490247703,0.012971660071914573,0.3033328414444627,0.6546627605459321,0.006401257654397527,0.07314797086076137,0.8470051139517507,0.0015893541996873377,84.06588774615943,42.84270565303887,280.9837618653329,0.00901228422894224,0.005800839993788448,0,0.004162472346859101,0.0008488681902110553,0.0030160780685753595,85.5659387063106,13.419279131416209,1.0692264686103146
1167.1239026506378,0.5725762445991367,0.0764310726676785,0.07993182156988615,0.7509919945650553,0.0132567652035095,0.3399209379254142,0.6620306606439673,0.0063887347073526305,0.07689203271988485,0.8836103914249788,0.0017023102127908271,72.68072458854306,42.56689798357449,263.4596778615525,0.00952211458091923,0.0045774606060302375,0,0.004375911382476043,0.000999773641277926,0.003617553566777073,85.06829402705257,14.476809834562408,-0.1955601434424102
1167.710472518278,0.5776482489465723,0.07615905495799262,0.0786882049255227,0.8136815271943837,0.013327940120323263,0.3437675704347739,0.6653819166602642,0.006756620976740397,0.07705145147179229,0.9007723555351436,0.0018574433634139735,86.67667467489137,42.55560697995674,298.84920041230663,0.010256093061320633,0.0061702456549443925,0,0.0028774476686620793,-0.003072068912469597,-0.0026491938178779496,86.21584530059421,7.255527258157257,2.340270187018267
1168.3214827970705,0.5719702084847395,0.07684986685299089,0.07918281659745463,0.8053225547404224,0.013162327873026581,0.338003844696051,0.662191811772954,0.006589643332606832,0.07988892546206573,0.8663453203575961,0.0004374117625142596,92.87229046835859,43.61782163381233,272.2609091129979,0.009730439875361055,0.005478930654242649,0,0.008168870229220648,0.0003899086864000067,0.001388790410845967,85.98553435897769,7.9309825096297395,-0.412341807448194
1168.9499505123997,0.5767203651522318,0.07707945460508239,0.07949966144204013,0.8905445048369921,0.013136044895230514,0.3370958184550518,0.6607055775109422,0.006649252409410448,0.07971472479207159,0.8383541535201505,0.00038652704396514046,92.17217250324495,44.01481180220274,282.4761433620023,0.010552606509498451,0.00615810087568722,0,0.003969148270326732,0.003933979893715282,0.007665562516314405,85.58149847060035,5.821604467907271,-0.752444073530233
1169.5504863292697,0.5738011544727593,0.07728236612525526,0.07922868557430998,0.8790502966104335,0.012917365146916706,0.3380055763079242,0.6641995483911242,0.003292879031321796,0.07983591594609946,0.8814082245821829,0.0008556588614942835,90.64693862134874,43.70547621088578,271.15651574079646,0.010767928980513123,0.008036524083259286,0,-0.000258278367490638,0.0008943281523988078,0.0016052024033415668,86.45579240108383,6.957333506310834,1.0621562841528267
1170.1021413238366,0.5603429167867681,0.07668687926091958,0.07933345662343161,0.8947484421756258,0.012982819298938285,0.3444714755942834,0.6949360407181937,-8.276500232521074e-05,0.07954307711672796,0.8576297086561006,0.000989720678043672,71.1904686516103,43.81257155408257,264.06901534299226,0.011499787207197808,0.006360583115149206,0,0.0035433814260791494,0.006696788091487712,0.00763608655254875,85.80684413074778,7.9649222408814655,0.4985131833184811
1170.8283706837726,0.573092995946309,0.0761771008327393,0.07884872643302314,1.112582256593865,0.013542470416323369,0.3604043766380444,0.7188248660148207,6.008904166972945e-05,0.07966187664621723,0.830161164698846,0.0011143596766240843,85.35001679915949,43.6873160580774,281.8547889773554,0.012869008824271432,0.006247550564529528,0,0.003829641235607557,-0.0016960900373888818,0.00954898504151774,93.09648005064625,7.5928023080248925,0.9639690678793098
1171.3416193179582,0.5757154665797146,0.0766047459072865,0.08354639578735985,1.1311351573905832,0.013392180351340632,0.36030588443849193,0.7108474125621617,9.03763643885385e-05,0.0802711911273553,0.3659877244249211,0.0009337728938126784,83.46984427797064,42.324650596737186,287.1566842873894,0.013260975857558085,0.007176407295031151,0,0.006262190951095025,0.11433266911843598,0.026991274201359536,99.57636414531383,14.127961049079278,6.3564133435301855
1171.949138109443,0.5747554961838612,0.07964713208049783,0.08499531066519796,1.1373875082351728,0.014217507816172063,0.37740822585180905,0.7427548268673811,0.0002806796452220665,0.07963007600082382,0.1843032576515668,0.001446049398763898,73.59902340452835,44.29989055422092,291.33137776111136,0.012742009203866346,0.00531418198706695,0,-0.0005715940659837871,0.10896378208643381,0.020853988778537294,99.82819143382635,21.286531435279166,13.997095058258111
1172.5112675659323,0.573394418278858,0.07972816129271337,0.08565229641371015,1.156941561643246,0.013774931970292024,0.361630054853418,0.7077785163125019,0.00021695824665298743,0.0801755744625387,0.14802166067463637,0.0009758534773886138,89.59218934034944,44.60023047403394,269.09993821062244,0.012779464024405498,0.00460169340909541,0,-0.0015701957246482916,0.11030968283933149,0.02738758583841974,100.07680620523058,20.88234632838104,14.66633865826155
1173.0873629716507,0.5599040241759405,0.08326497107917193,0.08659205728329658,1.1599737093771239,0.013932227335754171,0.35855307997859154,0.7139120797818167,-0.00012870614980484948,0.07981241154117265,0.16633695985320132,0.001582668195101682,86.62504411369132,43.111447169500764,290.39538296652023,0.012300871593955454,0.00537278140741313,0,0.0001052399726150057,0.11519050230949911,0.02190016718538524,100.02939478198435,21.623457398929595,13.765081226154221
1173.7647115092832,0.5794131130272726,0.08644694870656398,0.08695551322027614,1.2724776314057265,0.013680709718897266,0.36164200904150945,0.7176362006479469,0.0006241786155746543,0.08023078809777445,0.1386115869633318,0.0011418389723029,88.96489589274013,44.475078019041845,289.77677816680324,0.012389839256341182,0.008003505116934248,0,0.0017904282707824188,0.13864174595281012,0.04378235651293366,99.50949628206428,20.79252662665842,14.31799189254194
1174.3687388134608,0.5598997233067612,0.0872023170789257,0.08661581893615124,1.2784362649936485,0.013925283481616917,0.35893575328671357,0.7101973937450433,5.987441255599678e-05,0.08035216896396177,0.15514266519902203,0.0012663323438601576,85.37495253999978,43.61357723748087,275.91982014414606,0.013092360968265758,0.006999112407189545,0,-0.007010970830228795,0.1403172480000617,0.04474031066409291,99.73863207697985,28.200861004349267,15.008355712790168
1174.9343597572572,0.5770914803860396,0.08601540277998136,0.086776575923809,1.3351988995532833,0.014209514606392802,0.3608959775326965,0.7233520847652198,-0.00019545144935746324,0.0796884721755838,0.14829951427464502,0.0013213724437663521,86.81249551268334,44.10849942101399,280.2880603148509,0.008551704524614923,0.009586277778242358,0,-0.0013888486229037531,0.1372613608616116,0.040488989487132775,100.2604560589098,37.18512003201532,13.891719135905298
1175.587267883738,0.5774353257198938,0.08632341384071301,0.0871094718142975,1.336159677607267,0.0143061222515725,0.3725416710015352,0.7448832228015542,-0.0002134128796136612,0.07971259919632279,0.1591033855419034,0.0014652991544828432,87.3847502603701,44.325286994191075,278.66596751459264,0.008287744197922711,0.009816305408760153,0,0.0031191250844154585,0.14515974222035938,0.041129302498480645,99.43860373563673,36.9549336243329,14.641050863769273
1176.1738377513786,0.5799217741159185,0.08680228394681343,0.08685229134269455,1.3518636386583183,0.014371545939186273,0.37285142727166853,0.7415085314241633,0.00028437708587015646,0.07954034299621146,0.16933590908111845,0.0012947805726229035,93.60175739733509,43.206108938771216,274.9006158323689,0.008632567780147206,0.0102491855729409,0,0.0012844385949683263,0.13929658369581954,0.03792094455150098,99.21861998656712,43.173267865513225,14.019599618031414
1176.7813565428637,0.5797739936714877,0.0860626613449313,0.08753042476836352,1.3138752315876443,0.014067380486773902,0.37105948576057163,0.7287739570067379,0.0002266701444136085,0.07980755188866025,0.1735618216171997,0.0013233755730905294,88.5797430650468,43.68373041617598,280.179888538613,0.00795717723967514,0.013841362129544808,0,0.004498284202678032,0.14013054778741635,0.04199019171054462,99.24432389349967,50.665239096980784,13.161963285508081
1177.3434859993522,0.5793100690197943,0.08659531662335673,0.08702587648867031,1.290796601411412,0.013984545837899317,0.3726108015797267,0.7230907014285797,0.00012556413733109684,0.08026261324762952,0.22846818817693199,0.0013240608546001827,92.11915704458573,42.85395970039771,277.5973674477217,0.008390697386010754,0.01421403398589731,0,-0.003977589118176677,0.14284839551798761,0.04270973251012281,99.30708905008532,49.50006709585737,12.939257776755667
1177.982428176604,0.5814044745540103,0.08651799871292226,0.08680795096920038,1.2811625272195644,0.014484765474214182,0.3696456283066331,0.7203989005854043,0.00025741527324686116,0.0800977658102745,0.39362761474423963,0.0014312102537878699,90.05331653960089,42.72289805550249,282.2593597111363,0.008375783616179027,0.015229914246874214,0,0.00493772146638821,0.13363525400240273,0.03997397919233265,99.7386129525553,49.72081154060523,12.654966251108108
1178.589946968089,0.5799474942801941,0.08693733505842073,0.08566205052237655,1.218704805179736,0.013864750958152601,0.35527272059424225,0.7048495695111925,-0.00011611707236088723,0.08075738267903389,0.3779996645919605,0.0016258235733785846,92.57198357367602,42.622891573646086,281.7631896672267,0.00970772894867464,0.014929097997960064,0,0.0007796627024394748,0.13414443045936356,0.047838238062362766,99.47944583026904,51.538828282981704,13.718767592163312
1179.2079402214958,0.5785348333724989,0.08675131461172463,0.08671988031281397,1.2689650740961314,0.01381687001019897,0.35404225811605977,0.703667388407426,-7.878227605638587e-05,0.07994827902603746,0.40169858311273865,0.0017728895386427154,93.43473269168938,43.63983258980059,277.28982908713584,0.011443665289164334,0.01579425500085146,0,-0.005672489862432753,0.13927484929763517,0.04104834696755309,100.2122546464102,51.07936364037835,14.03410394524874
1179.7386462922184,0.5807837504736525,0.08710201395575354,0.08631141629147487,1.2700582535291591,0.014153275306617148,0.3551816501640388,0.716675096246294,-1.7131521012463535e-05,0.07984542675392535,0.40544039195560255,0.0016179403045384032,91.69814414289795,43.449371127538186,279.082162232896,0.011273874717071627,0.015123853803709524,0,0.011181654693605518,0.13586317224405423,0.04054364818355713,99.76987540349013,49.69330652235826,7.684025338737478
1180.3845714440847,0.5906564153396899,0.08676789129205567,0.08664863468688153,1.307683869298478,0.013885499936566128,0.32639074993495243,0.706082218373161,-0.000207306224354441,0.07998422334065508,0.5631933641713,0.001720631858260207,94.64379768308848,43.49600037734261,269.4300420340305,0.01841828211708546,0.015266705997429115,0,0.0034933261700725326,0.04050660080810168,0.025454307699097508,99.55228978001276,50.10732854847382,6.900872435033785
1181.0025646974918,0.591349268921297,0.0867863118673517,0.0866426334975949,1.2192751374936688,0.013657846367063688,0.3253215622252814,0.7086961372309835,-5.863258953888727e-06,0.07995400830231618,0.581782119797833,0.0018614178874059688,99.19605942410561,41.081107695208686,276.236104116494,0.011187245970020564,0.014667258709670826,0,0.003571500647866627,0.04583589619157234,0.02138395856534525,100.10263863337141,50.71019837675533,7.094260721401693
1181.6065920016692,0.5920031000260475,0.08754855472815992,0.08652900687844989,1.228061027486447,0.013585975751626478,0.33430054058954045,0.6950784661390847,-3.873018685069437e-05,0.07993696690658976,0.5838482122411006,0.0018020610078723677,95.89981188633386,43.0725503636417,278.22115338384884,0.018113866739185646,0.015770255366850946,0,0.002334287636445673,0.04371437883550142,0.026312526482415326,100.01114342321468,49.918274216682256,7.456384642087445
1182.1791959200805,0.590647158673842,0.08304871691841181,0.08700787713263368,1.178927555405726,0.013375463001481996,0.322444551351516,0.6933006622365485,0.00014377367754957057,0.08044020743822897,0.5724330784950441,0.0018285859185872004,101.80737050066664,41.95168891809441,273.38813729716026,0.019190827879041316,0.0159791892907101,0,0.0015696999484492433,0.040591364796122686,0.02564018282548277,100.35347240325072,49.38499123577707,6.5984546872988705
1182.832104046561,0.5903997595340449,0.08341970209049404,0.08617222602908824,1.158952388647048,0.013649873394536076,0.32223293587793395,0.6932273468049592,0.00014354476547348284,0.08000298695860439,0.5994495884909348,0.002165492477020717,102.45759724721714,43.41885658048408,294.43553831940636,0.019029351212237044,0.014847109951595234,0,0.0036346385320704527,0.007031650267514166,0.006348361635640429,99.95307600782213,49.180655763000196,6.687917611293683
1184.0296841929944,0.5919009719555498,0.08293544329620288,0.0859601112208098,1.1525958321196375,0.013201838807536422,0.3221143216787029,0.6874911303518517,-9.993327065323604e-05,0.08040786858001277,0.676845516158593,0.002374187975135363,96.92227540718845,41.98807399275231,284.57201051209256,0.018300308358736955,0.016288075924267325,0,0.0033634353599246935,0.005398984996238627,0.007222412722695524,100.22722336508811,50.16824904852452,8.136809400639088
1184.588322162176,0.5786223680596574,0.08317206133248894,0.08577386628614193,1.2161265589128505,0.012022854280587377,0.32083218245747097,0.6777782483146911,0.006830775324436848,0.0794605436913722,0.5980449402289216,0.0021709082165218387,102.37412188589886,41.77135388451811,293.71721471510926,0.01525682984386284,0.017736230661400967,0,0.015465056264006571,0.0038641773674588796,0.007646190698953557,99.7208363540868,50.0605906152719,13.834963611381426
1185.2202813648123,0.5813424116379128,0.08328368562134815,0.08521590942535912,1.157143669635037,0.012178558187048131,0.3145156188704169,0.6768585013668931,0.006888308429000068,0.0804718688907706,0.6002897467599131,0.0018395650935803922,107.54366473914637,43.26797794249686,279.92098623969093,0.011043857173501384,0.017949227876219366,0,0.024536958672819173,-0.0014374372094084092,0.007790003793699084,99.39417527494996,50.57706919595704,22.10817003818203
1185.841766105527,0.5800414004548252,0.08357609869237306,0.08606707616781932,1.1504204665214839,0.012865825325580891,0.3219549800495103,0.6857978645954179,0.007055987089629877,0.08083128692358642,0.6696806977680119,-7.040203266447272e-05,100.69563431977558,44.52368401951401,278.47126449238726,0.011158286131267502,0.012051389172546107,0,0.021285503161139606,-0.004598786506506601,0.005699558371374641,99.50704253282157,48.87155010018069,21.856898609581293
1186.449284897012,0.5765672314017631,0.08322305243094166,0.08540360390603155,1.1521025217952794,0.012372193978860961,0.3097085671267665,0.6672234680898865,0.006927957565421157,0.0804898293624149,0.7612226069777519,-0.0009345548259155705,101.62931033692827,42.37657639438612,292.78284394987526,0.011336864687005972,0.01183126926190415,0,0.010716063768487372,-0.0007936423556844704,0.0035780841761652886,100.08238172607312,49.08562750323388,19.617184107902467
1187.0568036884968,0.5816724146076212,0.08345328366564035,0.08557759109210088,1.1584175059952788,0.012244906951606124,0.3229778735155416,0.6604311539932758,0.006886544348012499,0.08021688637744705,0.7557358680565568,7.695514224833304e-05,105.12794405017833,44.160144821803556,277.1219153187983,0.010887730840986569,0.014280850481200733,0,0.021966788073998843,0.005011529401557319,0.00562269778601183,100.11583367776967,49.912750150891654,21.862479691042317
1187.594492733834,0.5805342384783124,0.08300720809613245,0.08485667952457598,1.1511255257705837,0.0126195517853969,0.33509004590291835,0.6660721707984469,0.0031561362538331025,0.08056303534845258,0.7953044142740348,0.0014193567367438882,95.69853312075828,42.48679360117037,297.0048529532922,0.010834878286109838,0.014940328798604498,0,0.02539465503932446,0.0024661737247352574,0.010764194043485387,93.1826341719128,48.94091220005553,20.30263318170828
1187.9541159264948,0.581767899440675,0.08282203618231548,0.08436005538001941,1.1495416216842085,0.012758554242350631,0.32521207038833055,0.6598572383545067,0.0030488627519359413,0.08050217337493203,0.7793358429789883,-0.00025593987914968545,99.08989688195553,42.730911931449874,284.3842674969277,0.012303506813114849,0.018773621965142387,0,0.0129785660527303,0.002908253931646637,0.006105075239641911,93.106015828249,48.68710316974362,21.02501129484667
1188.701294210275,0.5807893895266519,0.08345056119962554,0.08456708044565758,1.1985003709784698,0.01277139110783522,0.309414551536322,0.6543335518336536,0.0031729791069361308,0.0800715162844686,0.7362753241008719,-0.0009466304104484998,101.37364182657967,42.7546413097695,269.35863805405774,0.011432896170533544,0.016753397665068847,0,0.02734797291328337,-0.0012097329898991714,0.006515804044436418,92.780265906128,57.91784909284636,27.867198639522297
1189.3053215144525,0.5803568472173147,0.08321215358873213,0.08264471551108682,1.2021052157816288,0.012953980364581171,0.30977990444870646,0.6502947132822955,0.0037326973935110667,0.07988011062100055,0.7440110254141883,-0.001102917344514534,102.33363222371231,42.89203997770286,279.53288820402776,0.014746764070187957,0.018359371008315556,0,0.03142361419466901,0.007287175847057876,0.00019861002588997517,93.13229303461527,58.38099106290262,35.091234652184575
1189.9198232805522,0.5772339239326912,0.08307097065773575,0.08308950257514831,1.1820993387440737,0.012920126315948488,0.3100399107810878,0.6629736550022648,0.0034982615952547,0.07951512551956136,0.762076395473186,-0.0008799467114436367,106.66203256056441,43.93249790506578,279.4807898787025,0.015394542895745439,0.017602099230601947,0,0.028551612707518575,0.006274300197530806,0.00858703071795001,92.27453139535525,58.000420173346555,34.63292316466452
1190.527342072037,0.5768183937377606,0.08332584884439834,0.08297361073589328,1.141309317193726,0.01274296442427466,0.31059056362408205,0.6822535633618368,0.007066899967908006,0.08003225547591784,0.7576208441288154,-0.0009654851818995154,105.46746731095908,41.216868173020416,290.1604645795191,0.015965679215584137,0.013109666833036123,0,0.022311833337876674,0.004869191750608641,0.00841212027497286,92.45158862737304,56.399892801981125,36.928813548844346
1191.072014091989,0.5837363628152856,0.08333980609737925,0.08300368365775636,1.120445553172275,0.012907509569864974,0.31062097738793665,0.7062355294296492,0.006981536654335121,0.0798396076989202,0.7646645277084065,-0.0010781805132309826,105.29626018758316,44.444980295045475,287.4589316481065,0.015228527421479041,0.012753353278211761,0,0.031464118171564234,0.00883537922117669,0.011457641469184692,85.94998540584257,56.24972730875291,34.76244627496241
1192.332441009955,0.5847270336998412,0.08323558998227663,0.08242455066666607,1.0641832586129574,0.015025621954401843,0.3384471680132267,0.6937228434356167,0.006333798655227455,0.07941514731962065,0.7611744582111237,-0.0011658686471974532,109.43914228270579,43.22140339743172,291.43474644178315,0.015086129790977915,0.01705023321935835,0,0.03187311781378403,0.005903042308361842,0.011595544286440622,85.91190474239313,56.42406256441195,36.291924583361556
1192.9259938522105,0.5862345719418547,0.0865219684526971,0.08277627822164545,1.0795452928129377,0.019184049329112936,0.4122368236536476,0.8684209057964599,0.006553908907236008,0.0808041504767692,0.7722096616079641,-0.001030678547729408,112.64865941909825,43.417232203492546,281.60219591861545,0.020562121980796925,0.02064164413833899,0,0.02973587534088366,0.0063918955327215655,0.015313555174685549,84.51224052319091,57.89314530573219,34.89263037411234
1193.5230381817732,0.5879816091588095,0.09310780366830154,0.0823766151454392,1.0566663540314778,0.020610578541260072,0.4090233235367248,0.8673751860486402,0.006513002606851404,0.07979014944322152,0.6145123044153277,-0.001089836102162665,113.70368350898472,42.37495037093777,292.7826411722371,0.02501356520028763,0.020416288299678134,0,0.04704645957289754,0.009015247069340855,0.009557135600699412,86.28005806639425,64.17815955559273,42.78683689691098
1196.270838692685,0.5791246545312678,0.09338521204623469,0.08336900564946514,1.0063505110339257,0.020330441332780374,0.3901723130075171,0.6853676362886021,0.006687792895249575,0.07990775037496578,0.5124113701000333,-0.0011525217297256036,114.71079073549932,41.55350530191124,306.69424350623274,0.02545363819062612,0.015347297459614405,0,0.04889920756617593,0.005149236309747822,0.01080669285827507,85.67377323696186,64.5009457051364,43.46749362159062
1197.1437105195312,0.6450999664220828,0.09294363603948375,0.08367661766521844,0.6270501830990549,0.020653427710160332,0.3887361159296599,0.6804436510488803,0.006428956960883761,0.08004894672382834,0.5171987143837836,-0.0013763502666229801,112.37981597405337,42.5415801146633,282.2559841353665,0.02537883089452302,0.01499429211663707,0,0.2840892966201411,0.21662741312348358,0.2571369587981726,85.16642698155682,64.70250183632835,42.43868723376126
1198.1352929148284,0.8346895104424144,0.09346895295660526,0.0890360334429503,0.4837535781469385,0.020413285402124615,0.4095389147316158,0.7545586362243436,0.006721904502647501,0.08012053753352355,0.4921972256223234,-0.0012163675334309308,114.25418350169363,44.111823350855936,288.45583048996536,0.025534875319264662,0.01528276937028038,0,0.283844302348015,0.5883021093303966,0.4757639686137384,85.26694850981193,64.7868475312166,50.268447467401266
1199.5842601473933,0.6453588268450264,0.09326983520049802,0.0946337452255433,0.5350163491816489,0.02047586504408074,0.40977546734792264,0.7490417259106866,0.006508922290966795,0.0802234789320478,0.31663936057144865,0.0030030193329352245,87.55117341400012,44.44920695813598,297.80209062919016,0.025349939274157518,0.0125677158076531,0,0.28287614814820516,0.5890223083113055,0.47405646806063945,85.60322550164257,70.68137436559161,57.210140006422364
1200.0835428323492,0.6416343246672793,0.09320796517336528,0.1006995582242748,0.4679263163059124,0.020637271313648533,0.4095299591935239,0.8749958304907426,0.006613242307672347,0.0801469875404933,0.13960650935629423,0.003206674902065499,85.77728328581173,43.413920941078246,281.65169603842446,0.024141791937019954,0.009266178208094363,0,0.28321616521254805,0.6995565798279569,0.47249177332674586,85.78050212608579,77.14878080483156,57.10863846322067
1200.663129725375,0.6468351446651478,0.09338446801706386,0.10437226314559622,0.47863323330449853,0.02066954897050491,0.40624300964805266,0.8773889514449115,0.0034575691767645073,0.07296323712859724,0.09974555606006147,0.003255641156340501,82.87696579344703,42.92286097151566,280.69569051942983,0.015307567861152263,0.008592993097591043,0,0.2900290871077745,0.7030092818930435,0.47039320530315365,85.63105972884806,79.35778002591454,58.10650983450861
1201.3369867757003,0.6016889635549073,0.1067689888390098,0.10423732307705025,0.5127482894621721,0.02072992336641003,0.40737951912182335,0.8730326795190743,0.003576170829586347,0.06369345793325035,0.13539307933810008,0.0030261040783317707,82.11296680989052,44.01011004398208,278.6172319040323,0.014635671274045902,0.008278809401625571,0,0.2833997079662614,0.7078569478273292,0.4750932885102176,86.22005177816638,78.48524644676608,64.47949985105893
1202.2866713233088,0.6019548611667892,0.09018221694551232,0.12029805506765821,0.5286148096101575,0.019513658082708593,0.40632483847834855,0.8789716415349362,0.0032964904878473845,0.06346520173046925,0.11813884020317032,0.0033161268508904366,82.73764250506798,42.28993976732457,270.6516612624782,0.01456561648086121,0.009364724898624896,0,0.2941554859649106,0.7059439264515165,0.4829928960121363,86.1784928634483,79.86731522736189,63.19613134858381
1202.9151390386382,0.5740026302216484,0.08627438024219246,0.1206995768812586,0.5778794736303107,0.018935347803247692,0.3896481006619035,0.8507710917541967,0.003229849346010757,0.06307232442329344,0.11016529640274822,0.0032443599395301616,81.27132822753356,42.7727696342014,289.4269723619339,0.023199638299417992,0.010959414802395926,0,0.289889325418708,0.7084618635288268,0.47477309485810415,85.88663365361097,77.83694292100297,63.84185744339036
1203.5191663428154,0.571928103101176,0.08681133404389596,0.12037421959314991,0.5631965476191608,0.018870078268008798,0.39473703759619827,0.8458883758923006,0.003603749746275635,0.06392013193403166,0.11666417755452835,0.002919289795346333,87.87281743843523,43.57209931673821,307.5196334718598,0.015962803282790924,0.012349783339942468,0,0.29384945528459117,0.709945859019473,0.4726592579439114,85.87534438530892,78.47714988161286,65.01828709024214
1204.0882787739192,0.5768365254526449,0.0836690592470338,0.12023983232854123,0.5872564951096254,0.018238109952094923,0.34522909947511665,0.8502297834620135,0.0033656952578505913,0.063457238409097,0.10070876491609651,-0.0014611545415850725,99.77374162433611,43.08608205491937,278.8319997385932,0.015828769063625556,0.01707326232417101,0,0.2855949843112551,0.7094870500787622,0.46698432478174984,92.79008747635471,79.14185086863264,57.81717277284745
1204.7167464892486,0.5774805689991642,0.08297897489388387,0.12032518467971486,0.5649545013890964,0.017970910930318114,0.34575481463743346,0.8477840176272815,0.003629808021024142,0.06336789928398673,0.1066404748094394,-0.0013968261016907345,104.5510513201516,42.80630662257336,285.214631502933,0.016260311696518658,0.016896473913874194,0,0.28526276658411925,0.7051372552916322,0.47219860198263797,93.51689289419237,79.61456165234819,57.46152477627857
1205.3137908188114,0.5782522555795999,0.07963362798649284,0.12035253506393288,0.6077103008539761,0.017844595867442102,0.3422417583809556,0.8358349715804317,0.0034063474520188318,0.06327264470432467,0.11391678738139668,-0.0015762364963134367,102.14320606686135,43.77618852080341,292.842901880341,0.015443536447382384,0.019366766275095523,0,0.28931831046238177,0.7000804823713161,0.4662401554146301,93.23292973786675,77.28576298325477,56.68059666914463
1205.9073436610668,0.5766854574280603,0.07955086032056888,0.11464067281606136,0.5902899357649564,0.017704295835192282,0.334778526451822,0.8351599430192025,0.010034775127855207,0.06315723601530458,0.11656774007661964,-0.0012496300593224435,106.83046458093877,43.99222285934503,290.02791791051135,0.014716738699034225,0.017341159699815815,0,0.2883530814449668,0.6875649825402305,0.45543886008918494,93.23420037088563,71.76056496194029,50.971965876915746
1206.4834390667852,0.5770449815098656,0.08026531374243108,0.10976724231961152,0.5884842112785452,0.01760160745175329,0.3329550954710416,0.8479688022383383,0.009902752708961215,0.06284756113941672,0.146305727752405,-0.001605551195459302,107.96876859995693,44.29332310252121,300.4669663116445,0.01529559480361596,0.017237026797733902,0,0.2821760003920425,0.674655141473122,0.4536282514286872,92.9726273517806,71.2635701521381,50.676230790926375
1207.143330167881,0.5744372112760495,0.07979879824024132,0.10534189825520576,0.5545692011337243,0.017026425045157674,0.32557782046656236,0.8331714280653758,0.009390165999755007,0.06340646382109957,0.16054622914618125,-0.0012738388621924784,100.71540578207991,43.132512345074964,300.06798248609516,0.010866909960812153,0.01949219082606863,0,0.29140403539202453,0.6519021319393685,0.43679791856842276,92.81414500000803,64.13706614596616,42.654271579381714
1207.7508489593658,0.5814952090433717,0.07979383280170442,0.10283527534146596,0.6268222247541098,0.016182676190876464,0.3510545857416584,0.8361067976426796,0.010166887389775664,0.06354580191090549,0.16760135381952718,-0.0003644614992843808,106.22152967534097,43.07152573477587,291.38421134065777,0.011419382869245388,0.019969248730972743,0,0.047878026019205835,0.5569775552179734,0.2811294262909285,91.97897603255424,64.29574938276292,35.248891202641246
1208.3583677508507,0.576467607338831,0.07961306753211313,0.10176717272276924,0.5589073083554988,0.015281164639645791,0.35027245428920284,0.7764100135475944,0.010212018741261748,0.06317394739217466,0.17587785974238096,-0.00021803269489271385,103.30982620885628,44.48291784555823,293.05079124115395,0.01118441910537377,0.019400272774919146,0,0.053923422485744305,0.2389781632371746,0.07147379500251565,93.20353783549484,64.32952261051267,28.48004603744524
1208.9204972073398,0.5788955363262597,0.0800527224499612,0.08413808190593426,0.5412269488788979,0.015430193354554166,0.32511151031195534,0.7581549557412669,0.010164991115685224,0.06339139694566114,0.22447355142918432,-0.0014874558325860018,106.83503746686915,43.767181816638725,299.98148754428223,0.00955015068267227,0.017931310701084453,0,0.05328117610272591,0.23752493884128204,0.06371504741671563,85.61426424827769,56.049738070644736,20.210947919173858
1209.559439384591,0.5771909000762944,0.08002241500132316,0.08361597165998191,0.5730814060416668,0.015428470470356413,0.3496391302706644,0.7516371963653171,0.010132287832583046,0.06304397075597395,0.22379781582975083,-0.000337503467499475,101.61079862376565,43.34868448873699,292.91188889132945,0.009753152810102163,0.011808847295555784,0,0.010465616574044786,0.061093104725401845,0.05323913591188041,86.58690740655929,50.857982268658844,14.358172626923443
1210.1634666887687,0.579878933881415,0.07969431658959376,0.08296793414792479,0.5482053026748591,0.01474858084782784,0.3245093381593641,0.7394467518185658,0.00996640259536526,0.07334983760913502,0.27265492839264677,-0.00029966352406096767,102.35870584580614,44.9410398102228,289.6750368795563,0.007628725089857119,0.012567735414271485,0,0.005100978812369899,0.05781975110242732,0.05207503193996904,86.51703799888888,49.65026763942721,15.056949108266693
1210.7709854802538,0.5787902251270893,0.07991494583840573,0.08385296968242026,0.5381261337936409,0.014546241301626637,0.3221699848695556,0.74487987349944,0.009647167220199756,0.07358901298238599,0.286999392938434,-0.00046837074964963313,101.63626030000253,45.46832120589814,287.29302374795617,0.008241819626999877,0.010257020475946475,0,0.007963393701762926,0.05116628582343374,0.05367100362167147,85.54012166605327,49.858752880418976,13.77825453791715
1211.1166427236851,0.5807558591519633,0.08018419048058362,0.0828512521802591,0.45419820875664646,0.014555626317444146,0.3400732380034906,0.7412039950255,0.01017821561647032,0.07393778238619211,0.2982935075687553,0.0001139788976301064,99.30020484579252,43.55549762711028,301.60054359133215,0.007786091757686584,0.010706941088562245,0,0.0036550210437440167,0.05170056987429843,0.045448940656933126,78.73008157358227,50.111158903352475,13.911177081804686
1211.8603295201578,0.580791725907954,0.08000546201226835,0.08214845687494833,0.5245163225025858,0.014725285388596892,0.3193417688296153,0.7386641828274666,0.009793858522923022,0.0796935212584208,0.6243200947815171,-0.00041716116445013714,91.07322090023435,45.02288089947738,307.7774859368601,0.0076863070971481305,0.010070437677849313,0,0.008607818290017557,0.055166055869075276,0.04875758905920613,78.16543702473538,49.222169645365064,13.315287972209916
1212.4573738497204,0.5837588599885606,0.08017977638425847,0.08159969366726655,0.5496572945016939,0.014554063861490938,0.3194404452630336,0.7422610270705501,0.010174883713358127,0.08099561937999872,0.6500722698221117,-0.0003151857941477861,95.81926092888516,43.88963064180626,293.0491862421275,0.0077592248158694895,0.01000763092515089,0,0.0024254466170362506,0.05237801597969894,0.04158046411047679,78.36707095317512,48.516258647265865,13.835323515448103
1213.0858415650498,0.5791968427152209,0.07972889566938911,0.08105714598489981,0.5470313528798092,0.014701712744163844,0.3194995977654724,0.7396837924105647,0.003525320571166558,0.07997068747554581,0.7417535299903938,-0.00027919241967128513,90.31878048448631,43.873788070194806,296.6430712912928,0.007304717502850072,0.008170175442313587,0,0.010214875753724805,0.055251227669096806,0.045620439336966204,78.2816005750385,49.89471000886029,21.62022544355525
1213.5292604530875,0.5841033316005132,0.08027370834187783,0.08074314384186114,0.5476543303070953,0.014431720926911824,0.3409344043957029,0.7410206533339406,0.003294061664722402,0.07925825895077387,0.786406619820903,-0.0003247754437609105,89.89182020276127,43.33286675635619,293.59999956793985,0.007169800018936281,0.00922019682593617,0,0.011733338409197097,0.05123478646697295,0.04492640271749846,79.54464592409283,49.57677581051501,21.269530519161624
1214.234540889179,0.5795078402524074,0.08005915183570132,0.07823853212893878,0.6249996028663576,0.014603080440841066,0.3334224174196898,0.7341124209046128,-7.693731814037598e-05,0.07965700084250402,0.8058091399651364,-0.0003802665839368018,88.70974612225561,43.48221439691787,290.1109501841128,0.007147287253313974,0.010043996957711254,0,0.001199777818257984,0.0006545960568158146,0.012344645303554851,78.55367543509543,50.58281464681661,28.721377654886336
1214.8455511679715,0.5856856454362395,0.07996016677088096,0.07750003775442595,0.6302499627913525,0.014451965354679904,0.3328458826530112,0.7429231564665822,9.522480728187685e-05,0.08009487557492354,0.8173113828061641,-0.0006820488557436757,89.3577465350841,44.49227050929819,290.01156207173835,0.006937709198907743,0.01023614180834437,0,0.004861843052896275,0.0013323881411361092,0.0022876135919297127,85.58252932091611,57.25676214100715,35.81803008507012
1215.4705273959937,0.5779474086298024,0.08035370434603147,0.07741946315744305,0.6208224131898981,0.014438147992107714,0.3410632342586644,0.7503323468182622,-0.00019529082813695334,0.08033014674217928,0.8463682776433068,-1.4201172261938473e-05,87.09462709265567,45.16147708699196,299.9647759376659,0.007713240425101916,0.010087486821586278,0,0.003432374124517837,0.00902916399318869,0.006168399863269875,85.92230143214061,57.72857134106372,33.71953630458143
1216.0221823905604,0.5851328444835521,0.07984363191578335,0.07839020368477073,0.6197552463933027,0.014520934689733136,0.34077107735465656,0.7484916697819581,0.00015901128074105762,0.08010148029801918,0.8627782658263043,-3.0268540368228125e-05,88.53505603299725,44.487619143828084,287.07664855678365,0.007099299790734571,0.012496478857575285,0,0.01059071683168287,0.003572085065497518,0.0023091347759501457,85.00404246831954,57.316931715054544,35.67595327824142
1216.6611245678116,0.5818406537090294,0.0798462371824122,0.07731997870851325,0.5779543409580243,0.014483979913690248,0.35429854011005874,0.751713951976885,-0.00012217861947547422,0.07987198206501066,0.8460737153444146,0.0005255511783586737,90.18788802822434,43.373940155734815,312.41258402295296,0.007422169510431254,0.009665267391582235,0,0.011454192682790377,0.00019250068385874564,0.005725413628895016,85.82157027193439,57.905979340053364,36.60287125403159
1217.2651518719895,0.5799789756537027,0.08009988029868599,0.07744628824024198,0.6123124675328906,0.014638764242355525,0.36086831201989217,0.752902277160864,0.00011216100780665693,0.07997310153932087,0.8542602600603427,0.0010510273087175732,85.72266886462428,45.14604707798454,305.8344820057153,0.007355400505308887,0.010586759581048233,0,0.00887414224184502,0.006737273991936205,0.0030483159042841395,86.43277233040313,57.314925693931976,34.357718643445615
1217.8726706634743,0.5814093934493495,0.08004523806850129,0.07759417560226281,0.5720135410342027,0.01478650536276739,0.3570539949999692,0.7530421308172014,-1.380897217400648e-05,0.08002576947508618,0.869709489014848,0.0009933248798959736,85.66682398609132,45.38784980831749,290.16616866347584,0.007036682698754149,0.012587581030234142,0,0.006955375061792017,0.00690054107693879,0.004446796984954369,85.39936043985668,57.31325939100723,34.96700569332348
1218.4382916072707,0.5797077890310075,0.07653558390923429,0.07847827465893015,0.6190762094692143,0.014549773416465978,0.3727924910301934,0.7621794305091506,6.532727168696797e-05,0.07981998200564822,0.8564898318847962,0.0009984677996317788,93.02211915123843,45.162388932581074,289.862653752304,0.007002407505120235,0.01322278693234325,0,0.013339470751222316,0.0017014515220333112,0.0002928085370173146,92.93993558377049,56.53706822545172,34.814619824268654
1219.077233784522,0.5796630999552181,0.07650305794010209,0.07773993714175555,0.5951383416822117,0.014626547613750917,0.37654555941754836,0.7599323818906403,-0.00025314353042475024,0.07961317905286375,0.8487943421420533,0.001928936974599062,82.65213757909522,45.473885834924744,289.3810295112678,0.00780027051049317,0.013265148554449801,0,0.01132544987750118,-0.003162800844828695,0.009606582141033652,92.84781021216492,57.025506071380164,36.349742183446004
1219.684752576007,0.579966167585012,0.07641661669098856,0.07759169418674802,0.597526563448667,0.014728846677724117,0.3765833018442239,0.7644817468858158,0.00018435787827385876,0.07662870776807823,0.8564389398724928,0.0016636551557886981,82.58436191879227,45.18370507982143,310.7719303709726,0.008146078085467693,0.014339707883124317,0,0.008127017112525208,0.0003842967522294429,0.0004008758781411407,93.287230504517,57.45753120850522,35.771290221205795
1220.2084756721147,0.5809890134376616,0.07663165507194282,0.07749199971247113,0.5851054263682047,0.014831117102748115,0.3749482025374154,0.7628701507867607,-0.000518658747394155,0.07675744221565957,0.8685542987642985,0.0019450996342279718,83.43941543643874,44.459824698493854,288.92010432012944,0.00942402697728633,0.01338672992699672,0,0.009771768928170721,0.00030336929200046065,0.0048070699974979885,91.98297877421962,63.86480170663166,27.908070168682396
1220.8753497478249,0.5807195899572435,0.07603260275872362,0.07784424935142535,0.5655761684891458,0.015102522664605024,0.37510559766089147,0.773325648328896,0.00010734715367501439,0.07303783272371937,0.906945768023127,0.0007965469249625554,82.32299788652975,44.727329803196355,296.46474718808537,0.011737001921945486,0.012764109821379419,0,0.0019019633668720245,-0.000525979545243211,0.005427434545353964,91.88216786848946,63.785537941240946,29.61109720054296
1221.2524303770226,0.5795556992097194,0.07613407581439181,0.07671346037501466,0.580076355095288,0.015387104962076766,0.38023515633688104,0.7659484986235411,-0.00011990529788383104,0.07356972174118884,0.9495150197215584,0.001599265693971488,87.7819641152757,45.79405108235459,308.06597886127037,0.012353766152643556,0.013476950179316653,0,0.006015830423136338,0.004488798697027087,0.002714142691411671,93.3943221830307,64.11455258539995,28.594348495240403
1221.964693787729,0.595413454662079,0.07650000631907317,0.07593299215491488,0.5615741528064248,0.015604411393741703,0.41288666516536987,0.7950584800740897,6.787444365040383e-06,0.07318512873323459,0.9581545487405053,0.0017367132628145737,80.14679032306219,45.01095942424252,301.32347039288015,0.014743976008142637,0.016091059477495933,0,0.0034247029186589236,0.0002640273848474265,0.0012294429199929445,92.08448550989343,62.50283917786341,20.689317816198876
1222.6176019142104,0.5807422225666272,0.07599568194300992,0.0755414949003782,0.6263696256239529,0.015551535258357183,0.3939042172213386,0.7727950641225964,0.0002284233884052346,0.07348980152216471,0.9072409429969568,0.0019717465657486727,80.4640076370982,45.842435010818946,298.6419102525742,0.014719702239244216,0.018321512220057082,0,0.007891524007833939,0.010416985603502186,0.010223279637579677,92.45133319552241,64.02990270134838,20.775265538274702
1223.2006802945432,0.59800365501959,0.07631048838253908,0.07523115807086697,0.6695764799038267,0.01575863517969418,0.3695776872836412,0.7635460243277317,3.304443728941632e-05,0.07385243872814765,0.9337206906917691,0.0016995126014589875,81.71766780078103,44.788682275967176,292.68881310869574,0.014798273482077035,0.02271855721581942,0,0.007536758535683052,0.00314158295889894,0.0026068993087113735,92.80355920224642,64.26703073962481,23.364455801798197
1223.8256565225652,0.5970365422027384,0.07673431798621605,0.07610469189607912,0.6767417650706415,0.015832123090938885,0.3687004893497375,0.7782149480422462,-0.00023884279849933752,0.07707829214827301,0.9421802720796255,0.00033147198171512316,86.07724926056021,44.83882414561288,288.48730733257605,0.015061478625170275,0.020238739477071794,0,0.01506536178655059,0.003941858862945661,0.004845448552029847,93.01610855904362,65.95119280118979,20.345951536001472
1224.3528711059803,0.5981131940968157,0.07650057531157241,0.07592026592284432,0.7250116707439749,0.016292752389164618,0.39329041565849954,0.7848515452418453,0.0034072877828309855,0.08018555480060152,0.9525806206339957,0.00019219414253513612,82.64940753946527,44.37650378920576,291.5023366175083,0.014473496183850793,0.020657853842578653,0,0.004816634893082657,0.0028921595247889524,0.0024068888155306537,93.27849780626867,65.45820615152229,29.571208726642247
1225.0092707197684,0.5976941818297077,0.08021959875145535,0.07516408974527622,0.675339356018055,0.01628595875107944,0.36915856289591986,0.7896936425453721,0.009927336375560838,0.07995477228259391,0.9643788382526197,-0.0010613282463319586,-6.995196776770959,45.59431190204599,311.46373169198984,0.011710336053216438,0.02064048514135347,0,0.0034760446251037836,0.003357746688883911,0.0023510465263094013,92.72269616478575,64.17561890301883,29.80045046291909
1225.613298023946,0.5798601277900967,0.07986653149265403,0.0748688407465818,0.6987378807839315,0.015790728409771044,0.35665122201728844,0.7922730092973002,0.010081455564129089,0.08068168480359568,0.925905202121938,-0.0012005342480779758,-33.80913658425613,45.91770746429451,300.6606557793194,0.010534356028839105,0.022208539548354576,0,0.007668230673202129,-0.0013660014139950123,0.002511971404901838,92.42803149334308,63.187616284452695,26.677750054009536
1226.238274251968,0.5798691217368371,0.08012262799971764,0.07612350404059673,0.6597179059333477,0.016549074028901177,0.37135716040399486,0.8158421867188179,0.009786163321825584,0.07959625701701917,0.9495264006209576,-0.0008210129576255985,-34.568862976232694,45.68779875514248,299.82587367523683,0.008436109510958158,0.019077191466300335,0,-0.0011348592070283305,0.0015229111997064975,0.009080156797372297,92.26680630214828,70.65359553723218,29.36985472934967
1226.800403708457,0.5821430009918402,0.08023571231784934,0.07680500369618384,0.6975478993657009,0.0155131603060313,0.3684603896017169,0.7543986086622412,0.009971360250852641,0.07980666425778278,0.9256247129578378,-0.0009982458541666689,89.18576260747611,46.11780299361571,288.4476480227875,0.007940399314675195,0.02026772822815223,0,0.009299084753598181,0.005255248011332137,0.0066368664054164365,92.4382838641652,72.00793363950683,30.18227115910495
1227.4463288603229,0.5752297728171422,0.07688379771510377,0.07598703724404357,0.6717653753884526,0.014792363281636932,0.3703873039878784,0.756129609030809,0.00997642123007499,0.07980142956960068,0.8993670331381958,-0.000721580957138404,89.22948982565258,46.4261602552042,301.16526972920224,0.00817139341079255,0.019996000614121604,0,0.0017946019334873658,0.004860963102061917,-0.0010770265855338567,92.456315111873,73.36972529112636,27.776907805527046
1228.0538476518082,0.5794331457064489,0.07708850774840594,0.0769093792375216,0.6869784951983486,0.014943673166654906,0.37230941156232117,0.7522102836255907,0.009993650687774858,0.08012471661173012,0.8858939519051849,-0.0007591904008547435,-17.239537347286866,46.131718554023074,294.73721946779096,0.008285987128986625,0.017137858262216137,0,0.004958387860311707,0.0006113974748071854,0.004698515005285562,93.66722781003388,71.28023295878755,30.0462442763781
1228.6578749559853,0.5779504434222223,0.07635430460835123,0.07891264968993114,0.7111982506682955,0.014852407630899967,0.3061383842346585,0.7555551368246156,0.0100365617785241,0.07982721939075509,0.8490980213097596,-0.0015541766906691052,91.32301270608802,45.466012905743106,296.18501836629537,0.008403103724228226,0.023270952660890652,0,0.005496695735313111,0.0025083832324854106,0.005847177241812284,92.46277831891452,70.57514196195027,28.759636650915784
1229.2653937474704,0.5750101907883972,0.07684214905441493,0.07801388075450096,0.6900221887676856,0.014816420084192618,0.30734971327605815,0.7523294129626477,0.010139628037092115,0.07991894297587869,0.8345284157794793,-0.0015189183721895654,90.02368838399003,45.909530645488935,292.919087522124,0.00885906065610919,0.023716565052262648,0,-0.00034753806644978544,0.005632723302829351,-0.0017438942057963714,92.75247325338137,72.64899345429893,28.164581803613174
1229.806574280115,0.5710981249173468,0.07644726942405237,0.07944923357501284,0.7224722895680605,0.015016641011744785,0.3053954533312063,0.7449917591099654,0.010209414166105315,0.08007499165421615,0.7992010328199052,-0.001612992493171888,89.7878539197688,45.90607410529975,309.9395604610418,0.00811932591155123,0.016412292192765406,0,0.0023458842145801864,0.0018361817705206001,0.003449298171106124,86.47527531330282,65.2342821142886,28.19595811583762
1230.148740036239,0.575986985432166,0.0772282171888916,0.07853142546910617,0.7227946561976298,0.01490770494872587,0.4166143008630073,0.8111242295114315,0.00957514853474422,0.07986432272827614,0.808039404020655,0.00041519285896629175,89.59991180283217,44.30010849121751,305.6894793261952,0.008547153697786924,0.014735599591181679,0,0.004875956142989765,0.001682966549478602,0.006425049550430948,85.35460618079635,63.88988336458158,28.10917104399552
1231.5488264464998,0.5752807327874241,0.07688208101682457,0.07891496446767443,0.7348192937249663,0.014926027734104192,0.33124387900307756,0.7502357052957463,0.010114384036192376,0.08028385721902256,0.6983639569089966,0.0004372009771066781,83.92749193934395,45.05888159555555,305.9156570636143,0.008023717160873075,0.02030063501333016,0,0.005595436533836572,0.004231533349192972,0.0070169349576390695,85.67206824224799,64.78698009706541,29.248314291754063
1232.1458707760628,0.5766772242862621,0.07679059096274253,0.07892561694718245,0.6884766072032813,0.015077783798278184,0.4155809475348066,0.8116711315347054,0.010020488740508286,0.07978445765384184,0.39758216315582984,0.0011599235270653323,85.33470252428604,46.74262848029825,310.5125846137363,0.008363826575695323,0.012998453450764684,0,0.04002653346413094,0.13971839647501885,0.1340954598360764,86.33760898805892,63.647263519322365,20.26665456607748
1232.7324406437035,0.5727384128291654,0.07634394645342396,0.07908291062741266,0.7316735220207023,0.015054066158532371,0.41139688344153913,0.8092308391115383,0.006836136558291623,0.08002260696623562,0.39135844407445053,0.0010568390196394155,94.49606365043017,46.28097228215136,300.8889457388348,0.007770089139293434,0.01297855291740948,0,0.04387336184861736,0.14483270837697138,0.13903452252601203,85.9720087016958,64.4235997375114,21.255176483316408
1233.2980615875,0.5697432079003381,0.07665340334966321,0.07848991625607155,0.7045934623843646,0.014911448562626295,0.3480607895102355,0.7880583356538385,0.006380034531020733,0.0766998276472122,0.36872135282932517,0.0005783964317141871,93.85708434522802,46.57884523411632,306.66071172036106,0.012838556761690567,0.02231929892490519,0,0.04657593056011064,0.1407865147322184,0.13543955262136875,78.18340443350132,63.610134522722674,21.09038973741279
1233.9370037647511,0.5779268048068994,0.07688388569007493,0.07822151941593823,0.7492401145950514,0.015030222891651668,0.3786097105901647,0.8122388702730251,0.006557717169120153,0.07710042083265528,0.3575753764700924,0.00048272660848507976,92.80200702517553,45.92873624849752,304.8231913444663,0.019254169272210256,0.018469299943729114,0,0.043718527871952524,0.14393028746981826,0.14073038884834643,78.01166890901644,57.973294036952936,20.8268479136468
1234.544522556236,0.577816715231904,0.07697989932411363,0.07795861687567095,0.7640211529962364,0.015098714135593262,0.37888266596401793,0.8193118392084551,0.006777614382822011,0.08002941388719041,0.3751848693479197,0.00035331065826806665,95.41271182578932,46.83022297469962,294.3806045151576,0.019149609555614688,0.01755246283157796,0,0.04782039543334058,0.13604638463673793,0.13656786831416542,78.9407297931335,55.85145496326998,23.82110622910023
1235.1485498604138,0.5781426211314725,0.0766847107561375,0.07838866035587785,0.6922546130853428,0.015092916205319658,0.34720776329587816,0.8115754574890237,0.0065474330797708775,0.08002469045368904,0.357357669378473,-0.00019965884986715806,100.14937767405223,46.00834873568209,295.98219114220996,0.01891640580923829,0.01556978411122252,0,0.03970982359681527,0.14458627605634114,0.13498744488503792,78.52047688585088,50.379502616955875,22.147790440927313
1235.71417080421,0.5768683094128726,0.07706701675253542,0.07812709632518595,0.7249073519135102,0.015386668047422771,0.34837183720915804,0.8188217337162406,0.0003614340369148524,0.07926398008219639,0.34575146944383367,0.00011518921565044532,100.38915141738123,45.118921482940905,315.90035204968115,0.013643401820756573,0.013489881122734098,0,0.04218348581924793,0.1387735681993294,0.13504342216467125,79.04284321525674,50.502580311318795,20.815635051190146
1236.3531129814614,0.5785888502651139,0.07602257348517574,0.0772858092012784,0.6520312851819329,0.014995197314024555,0.3460514993274769,0.8069436672247156,-1.357215880326881e-06,0.08007037815325771,0.36951653606002327,-0.0005044594696707888,98.05101491129133,46.42203649963437,293.911376808298,0.010738816091006863,0.012750915745327059,0,0.03526649781668765,0.1499136003099038,0.13807398931282144,78.55532714563468,42.33439874597279,23.221831842425413
1236.957140285639,0.5785536659512787,0.07720031108072563,0.07614898207260232,0.6711167154149438,0.015439767378125205,0.35211848722531697,0.8145325178227325,-0.00030914308526425226,0.07660683694410371,0.35771936298918866,-0.0006597677999611965,107.80037193195216,44.78850347480778,309.569730323379,0.013500113433733389,0.01363713982541949,0,0.04879540387303677,0.13678646893192567,0.1389555347543485,78.32317229836225,42.01506699766556,21.689019979464117
1237.5856080009683,0.577386502107498,0.0764967224382123,0.07604478612247814,0.6850043742618522,0.015235819620258058,0.34762854916330743,0.8171550946512814,0.00014618940857031784,0.08018467246781756,0.41299966654157555,-0.00038013727086622974,110.60595164721587,46.0923822781288,302.3894783966656,0.013682058057184202,0.017352731318285623,0,0.046060942139855655,0.14026898559902432,0.13709926239985964,77.98875304478746,41.7801506046649,20.994747492010518
1238.1861438178382,0.5758559108062684,0.07302131835684442,0.07555693814896129,0.6518912164426638,0.01527912099974445,0.346947559073248,0.8136602236495695,2.4583923430913192e-05,0.08008794083922376,0.4001792393156793,-0.001403890098356181,109.59875314712158,47.580502181832536,318.3997042139417,0.018759704045644598,0.01706657933474438,0,0.04663027642578472,0.14184208130173023,0.13792433018248895,77.9021964929711,44.2978746241233,20.88504737341091
1238.7168498885608,0.5766044739636315,0.07342185317710818,0.07625777773957151,0.6355995324320967,0.015074062741616335,0.3483885570562704,0.8043827707080151,-0.00021500166037508823,0.07971582769174314,0.3268229692793776,-0.0013926911030814144,108.47384864672422,45.87716321853074,309.02360856283184,0.01988114111328207,0.021393163455638537,0,0.03803800211490213,0.14318267354764377,0.14309693784501218,85.58809138662984,43.673999178382736,21.676810393281556
1239.062507131992,0.574238068682277,0.07328703222205016,0.07614742778833238,0.6962878300325794,0.014808404218693186,0.349915417137008,0.8132751827534018,0.00017153556537176997,0.08001158243624025,0.322548238101028,-0.002211091185816794,112.1232736045357,46.099296074405565,300.8411397129116,0.019738672407899303,0.02140362395803887,0,0.0488575633897921,0.15038255554731358,0.13648865575876254,85.37218480629149,44.07496133020021,22.76094522429585
1239.7957194665428,0.5762654111126531,0.07321157243561392,0.07668707039852402,0.6618915418989102,0.0159078903534691,0.3590905533316957,0.8423335322196097,-0.0004173406580842101,0.08004662884470742,0.3320398867027395,-0.002468728610252725,112.47131197478873,46.61350009126519,297.37637924994016,0.019565514430824296,0.014075993755323616,0,0.03344873727135826,0.13977110177840646,0.13907793252552733,86.65064544790731,43.488084977733216,20.823025833370014
1240.4172042072573,0.5956170139192827,0.07698099436839312,0.07560818968760667,0.7123755850309043,0.015793637953923502,0.3593878664038384,0.8458813556418106,-0.000339433056460249,0.08013524141775553,0.2683719506129032,-0.0024950932088863265,111.64765950034966,43.56854321967706,306.2624912564078,0.015129419667268782,0.021021305578275657,0,0.04354573933250718,0.1427765827847993,0.13667589214747078,86.05622819443519,45.04021934867741,21.723029979501593
1241.0561463845086,0.57161158909533,0.07286505750981773,0.08371699125817807,0.7774199888617161,0.015535313096385776,0.3584697869136908,0.8256814149266857,-0.0001677172841019929,0.08020884601211348,0.26210901507832884,-0.0019167417017038413,114.26900416671526,46.128755383407615,309.1621088819055,0.014958487116023766,0.02721860448926607,0,0.01376601691138965,0.013078223101550006,0.02359967017545306,85.67631333471714,44.0479160907022,20.47670519922839
1241.6462077394567,0.593618785230119,0.07650003435932258,0.08373808322147427,0.7823647515241449,0.015785915557052013,0.36047576861124064,0.8632685932630523,0.00014690538018066163,0.08002065407065119,0.27449842096566085,-0.0019085231220567396,109.35431801022996,46.46044342767296,282.320957611844,0.014562712850850661,0.026374470262294603,0,0.012435346850746716,0.013692763049668332,0.01721712630257534,92.25677132616033,42.25603979591005,21.795082396379186
1242.1908797594087,0.5935651670728511,0.07944321409646225,0.08445083651376772,0.8072162672171179,0.01658415887709407,0.3655618074661188,0.8293713308670314,-0.00021835700925548326,0.07936602138685116,0.2531124264822525,-0.00048663446109369264,102.2329775978251,45.715864615491405,289.76015105823524,0.01578496662838649,0.02741969795811501,0,0.0014462969133223593,0.013558870098475737,0.016186039841973452,92.85786805606995,42.40179988004479,20.568272820522317
1242.8542623478118,0.5997803394053637,0.08048652775124628,0.084466179778314,0.8125043788135515,0.017217443807309465,0.38228762253533866,0.8632346095622606,-0.00020199964972055295,0.08050097665383164,0.2751131143452676,-0.0005494076811123114,99.27430404355648,47.19209159389126,291.3929457352958,0.01606686942895753,0.027324925118862597,0,0.008913142519031369,0.016525664263553473,0.018720726683608725,92.70595913228992,43.622245100042605,20.664660353731882
1243.4827300631412,0.5996188585769854,0.07928517305859142,0.08505226403115744,0.7967925163079017,0.01735511852049196,0.38259752961392,0.8311097842813044,0.006599927760849986,0.07957216697118852,0.25419177574419854,-0.0004127015791352663,99.6431005584874,44.727880771144406,294.3124826817839,0.01568181579818364,0.019756949432889047,0,0.003761801463773882,0.004615493482895387,0.02155797942424158,93.84145351556752,41.678631264705835,28.188672323855243
1244.0658084434742,0.6019509890632946,0.07996792511568133,0.08453351409631382,0.7657577148149293,0.015622366050753487,0.3656687689536151,0.791647957091864,0.010176655800659837,0.07964249865067986,0.2139481530252901,-0.0025461871723746615,114.0534643963628,46.04920840171593,295.55604651330873,0.01875778507205301,0.02085675007424703,0,0.007570798317448343,0.01422585204873466,0.024130777900803105,99.48524498291323,43.24112191406291,28.2823762010185
1244.6977676461108,0.600199831165159,0.08043668352724599,0.08531419831536753,0.8255992322434051,0.017535579667240998,0.364690743566751,0.8276802523076633,0.009870255493248188,0.07983205193726495,0.18144951122578334,-0.0028959524307978603,114.8536486552083,44.434787951741605,292.09337896657973,0.019219134430679567,0.020734833231864907,0,0.006587736373970919,0.008609775485827495,0.019353584828308776,99.48845424247315,42.9146151425596,28.914676533751543
1245.2214907422185,0.6022344541646275,0.07662963934722108,0.08573554412476618,0.8047830540991656,0.01740412502310468,0.3635942539516646,0.8203216519200296,0.010025951075922345,0.07957085860184922,0.2183979638384922,-0.004503292673874736,116.3345837762105,44.866979041270774,292.56158766202424,0.036848032686148814,0.019722912668661847,0,-0.002584488006162949,0.01813937729333158,0.015351862871463652,100.0231300608681,42.78893117036329,28.65954422394229
1245.9093137417733,0.6038868208752293,0.07374828572611801,0.0911874231637527,0.828856251110509,0.016711548932868917,0.35680418294144567,0.7890143257182143,0.010052050275468526,0.0798562516369147,0.1998767501021093,-0.008370123167124792,134.6483632207909,46.84716400937495,295.534312524289,0.04242007213092932,0.02068915207028754,0,0.0055723117763534485,0.013884622251387205,0.017647091337356043,99.43507612808338,43.7239458848931,34.951908082861486
1246.939302497452,0.5992919993507841,0.0734972701646327,0.09210866648560485,0.7929705289670098,0.01637136593475631,0.3540954720774604,0.7849812446835945,0.010111009597989828,0.08038128052787989,0.12866474080333823,-0.008441707837839787,130.5095736722395,46.184785776152275,304.30771450969416,0.04223413062214062,0.026980781702571857,0,0.004942028373018302,0.108493546749045,0.08034303880204367,100.2572818993295,49.532085227074454,42.696987501620725
1247.3163831266493,0.6038746355691702,0.07351201026138511,0.09206055506479154,0.7590292421054966,0.01623362069818192,0.2575809945394007,0.775050067244422,0.013284375501842945,0.08016737805975828,0.10925274396961944,-0.008639031233789092,136.8660831577381,47.172072735731504,301.9754548837743,0.042102856890468936,0.03346822200488659,0,0.01811952526007584,0.10494932800362967,0.08822331074258073,99.79113427568709,57.48637881965249,50.29608534562726
1248.5034888111602,0.6019195412503893,0.07651517112734131,0.0929208211081251,0.7555975665233643,0.01643458476075327,0.26006068760378676,0.7870187264257951,0.013128206252545708,0.08009197028400637,0.11078935532487487,-0.008534627611699323,133.10439876793808,45.408993040021016,299.1729041591739,0.04230598318784244,,0,0.0223096322547634,0.10790188629255933,0.0871612630470548,100.49465354885717,55.85152476815449,56.94740210340508
1249.2681245314775,0.5815503906464018,0.07693073411040405,0.09403412970496003,0.7323349266945199,0.016128298984799564,0.26271024467827303,0.7930507707658563,0.010586192463315195,0.07967991315303963,0.09317111821129667,-0.005968376093095573,126.82428958301945,46.284722460954995,307.6707062999427,0.04236265526497486,0.00888478962221794,0,0.034301068730856164,0.09806648304101542,0.09530079209451854,98.95037173273352,57.89427134091465,56.95695959308991
1249.8721518356554,0.6347124770247534,0.07671785451003561,0.09350032207881107,0.7473151894199024,0.016216738187504996,0.2603703020675196,0.7969853163151459,0.013258765360524054,0.07991168523081825,0.09596694784367123,-0.005845977721093161,126.70237754521827,44.6973578220711,313.10939988685533,0.0387366088662437,0.008516753954359649,0,0.029899209281054204,0.11052109012865358,0.09697482372885884,99.50314877777548,56.65071420800172,57.40246269664513
1250.416823855607,0.5819989438041763,0.07652736330498822,0.09375405306361854,0.7459134575977726,0.01614163507006178,0.25839017392448943,0.7913135914035536,0.009976392853410692,0.07999655593098419,0.11353804212369295,-0.005997075164274385,124.49339129634235,47.14235140581665,290.80057047065907,0.03904572078110056,0.00892258016883321,0,0.03662372801156338,0.11178786882772232,0.09645395901873077,100.11412530100722,56.874540672948775,57.98983003683614
1251.0802064440102,0.5802602413060733,0.0771289594692762,0.09331386630317175,0.7510127149182487,0.016352800282467425,0.3048543155479083,0.8036132065054677,0.009792977298405243,0.08017624846537334,0.09824415056196321,-0.0036269210937177696,118.99266377657064,44.29245806211405,315.7388336756512,0.0288933109550511,0.00920146786593301,0,0.03330056023447157,0.10806389919619362,0.09716834886288667,99.93498201828545,64.28913979735793,56.144986898232844
1251.6912167228022,0.5780373850681867,0.080316604066537,0.09350734093237296,0.7543890131770662,0.01630012979645829,0.31854378007623424,0.7943249914855318,0.009861549513074516,0.07972867925615192,0.08602037679652844,-0.0019292793542874766,113.49061686530446,45.78446669056,310.2821196236182,0.013962463296783644,0.009144619415580327,0,0.03450144028632545,0.10626849466522077,0.10052478085871101,99.5425845521554,71.37879359033224,57.55206142299992
1252.2184313062178,0.5809173553909994,0.08311954177742191,0.09261941555533248,0.7657483471237236,0.016610163276127264,0.33099811498292003,0.7976186261713117,0.010458586330839128,0.08051049416456714,0.08381032650388173,-0.0016543068482885138,111.20582637042205,47.099029009350474,311.6304652393392,0.01304998746130599,0.01044937274965683,0,0.038166294436083256,0.10625441486781449,0.1028166367624971,100.92841525713,71.08803448043162,57.05224417760916
1252.8992713311577,0.5746174090490412,0.08717269846517492,0.09068109871467465,0.728830272575875,0.016252360627881293,0.36191468814894107,0.7974654498032011,0.0066072998124055565,0.07940049342210957,0.07950585045340311,-0.0006214830861824753,109.66800093007294,47.39093737513373,306.8461830282648,0.012050837871193106,0.011780378061577076,0,0.0343705388491734,0.10878519115115931,0.09939662549142995,100.23211557900385,71.09959180930056,57.61104720500164
1253.492824173413,0.5750196162303222,0.08702944760509819,0.09081120619134185,0.7363742601477232,0.01628769033750197,0.36052407048017737,0.8349629256856723,0.006782691215310849,0.08031649586905991,0.08359837947212775,-0.0007112468915709343,105.49166244590218,48.085226896702,307.16117846884936,0.011694909893504933,0.011711053524556413,0,0.03337916394514374,0.10365228400938072,0.09925441572955833,99.87149424097058,71.39312215929766,57.27585766967054
1254.100342964898,0.5775600522559785,0.08620509389230184,0.08721548402119123,0.736488830318223,0.016582326879809126,0.36001163894520755,0.8312956840404416,0.006449779659642818,0.0795617044013419,0.44752620780251906,-0.0005725024011514644,97.13672297473191,46.354824614538096,317.24068701245346,0.012641443794079183,0.012421606674008032,0,0.03674588019321747,0.10391637033255653,0.10349355271237554,100.05486720347307,71.64761066081653,56.70047287381116
1254.683421345231,0.5753193653652016,0.0862929298548709,0.08645360190966489,0.6775311096064925,0.016646460620539243,0.3957698752552841,0.8253136899494604,0.0033660979104681416,0.0805603251293831,0.4300136905112236,0.0018615151486166036,93.51798007784399,46.483408250001546,293.70345630039515,0.011049779364678332,0.012499137147902404,0,0.032960070974367234,0.10344384401417524,0.09934565884306222,99.82019404132728,71.3982754686554,57.57717986939084
1255.3049060859457,0.577765046916439,0.08657159343813824,0.08545907886261828,0.726141899429275,0.01686614483138279,0.39045825410451773,0.8045509998484776,0.0034741123864223786,0.08371563389547425,0.4682251271348421,0.0017379023805653812,86.63011037839495,44.74716737888548,315.4778643836819,0.011126013850361766,0.01088126481207737,0,0.037640688564796625,0.10164437899298613,0.1010786065062816,100.15412983494714,72.5565055320347,56.591387418526196
1255.9089333901231,0.5738345505835764,0.08375874435186463,0.08594671904848007,0.7108702407705311,0.016459348036194685,0.36185501025073324,0.7972015258421813,0.003704177711038014,0.09031499354449525,0.4549396679799134,-0.0002709956245251532,85.02089219133828,46.67926118169593,299.84405393788575,0.011040135001888147,0.01390147018556271,0,0.041969389355339524,0.10099093858880695,0.09999067988313652,99.58924238696228,72.3023004600345,50.85058314267484
1256.5129606943005,0.5774738874961267,0.08669938848532707,0.08487976931347103,0.7074510166232414,0.016815156945304707,0.3623361709678113,0.8133778638030454,0.00312382135405079,0.103664257564962,0.46835003344958154,3.141033981472807e-05,85.792729133382,46.94336760206224,316.9935397381289,0.013406955858914141,0.015060636198228181,0,0.04193828505923009,0.05503806146500975,0.09206744762777032,101.22565278812729,63.70663803310303,42.54570546884538
1257.096039074634,0.5770016993987439,0.08670017295010836,0.08439559900628019,0.7420227411515973,0.016621213423573797,0.33196795741478985,0.8079557460435075,0.010391291346977114,0.10287316248956829,0.4761758077207991,2.2746246892008413e-05,87.11601131497567,44.9613871010724,298.0482455061899,0.013498451409893229,0.015561914387166614,0,0.034095683881415796,0.053117881122457376,0.07547851759816376,93.30719338686191,57.70009602149128,35.82721109517479
1257.7175238153486,0.5682614229133477,0.08352278651341528,0.08445771084256418,0.718670360540818,0.016785043420085573,0.3611100598173544,0.8609420394078814,0.009915731311188012,0.10339359945522783,0.4381014745615239,-0.0002824171194291066,85.6509951458368,45.23647727744329,303.3523415395869,0.016923908028161818,0.015725461601976725,0,0.021967187040086752,0.056374120011284314,0.07386680502248769,92.80246585619436,50.37714075886895,28.859814676648234
1258.349483017985,0.571387998091456,0.07705036583461862,0.08509736705571766,0.6605565151751376,0.016955412969571475,0.3611204059990232,0.8604773964481783,0.002901786801534602,0.10319994884129494,0.2647583961271925,-4.5012180931960395e-05,73.9351963569186,46.075107332962645,305.6232284549575,0.022974105562932844,0.014736124144940846,0,0.013262239300363146,0.05953109602714341,0.0705507051886702,92.1798891766178,43.451709336999585,28.971775941836437
1258.946527347548,0.571839725688592,0.07635684745371012,0.08507071529637117,0.7535719006229912,0.016698983459483487,0.363781052521595,0.855772366888868,0.010161712965975336,0.10683122220914168,0.2632372669327986,-0.0025741873188181363,-21.526529926562482,46.04484916579139,284.8447668597871,0.030439583651817488,,0,0.004930339224642749,0.05425461243222242,0.07056697503661608,92.05034436456287,35.901874559489464,28.47251694453022
1259.1804569971428,0.5574782569711424,0.07338770095894617,0.08450621662595639,0.7438319736803214,0.016732152344526605,0.33559689863571907,0.8677011050139076,0.010025188957871696,0.10666847889910121,0.22781688417901635,-0.0027887086857155017,-22.174924540198766,45.726023286864745,302.8009088946474,0.03760623938178694,,0,0.01109510482154091,0.05481861827240302,0.07070167645471596,93.17492915609986,35.786986070460316,29.47385016794324
1259.5505546517256,0.5581198158683773,0.07695668354970002,0.08487223856139067,0.7866118191282061,0.01674284174342734,0.330720809071551,0.8179054168401124,0.010301184329770778,0.1031419175011181,0.2658289174946585,-0.00010024558762765228,24.10190409435111,47.328720914036666,311.95963102419984,0.037568181244087444,,0,0.009516078847782689,0.05584928024859433,0.07559239333894589,92.64393872110779,37.418702800746075,28.683999677417585
1260.0568203112962,0.5713079043503739,0.07658181436029816,0.08042684501690653,0.7900662614838954,0.01664311959939096,0.33085320344964564,0.8218175130405532,0.0030493271386767907,0.10693191878932366,0.24010732445597718,-0.0001009751468084925,24.892761405327427,45.437545475666354,300.0292861450222,0.031158688080259404,,0,0.017731291523296052,0.06132118132925027,0.08119478908435429,93.1219334008273,35.78120064493889,29.293505023549358
1260.4443754024157,0.5338040276629388,0.07681121016523718,0.08093210192102458,0.7919470354031414,0.018681066193956087,0.3309821312492703,0.817596462604361,0.0030673138600169738,0.1068653546832544,0.25284607384776187,-0.00015937036495744256,34.974095469535754,46.82600140991742,298.3721708581892,0.030737616139090006,0.01529726539315252,0,0.008778499681201563,0.11751391389990411,0.07836158487922683,92.6064038902483,34.54482236020224,26.778488238440595
1261.1706047623518,0.5335178743078244,0.07652089080520705,0.07954387636569875,0.8016059533738226,0.018246609093949543,0.455337399059422,0.8247505102901833,0.0032772083203934073,0.09338047015450954,0.26333839393564373,0.0013482047952338375,36.952596930945084,46.904109704498865,310.91227859903603,0.02338160122814128,0.015563133657081204,0,0.01386931753577695,0.12462861096386268,0.07916352902046163,93.01040339308298,35.58989172431118,29.71578648585879
1261.5302279550126,0.5345952747108024,0.07606460416080525,0.08109109494020122,0.7970490031877671,0.018364331304757182,0.45913462807028715,0.8193305760587309,0.0003397289626884507,0.09034116613780413,0.3493641471615829,0.004626839644245311,41.21524173547333,46.046864050603716,323.34082030015844,0.023239890924932127,0.015465853550283041,0,0.016820169740769702,0.1315471831637097,0.08216499026176105,93.17899860901171,36.456633204554166,36.63863692503765
1262.3891338326293,0.55684392572826,0.07667200026852594,0.0806093979599326,0.777861358047171,0.016848154323170033,0.456447314515089,0.7924735123609852,3.5385485449875225e-05,0.08999164821150081,0.3348922180760654,0.004562963464840087,43.0542585739343,44.37199089095218,311.718322660443,0.022773822973267636,0.02742542115942606,0,0.021424125560443107,0.139867756798507,0.07911978404995965,93.10546674495842,43.99123382264267,43.311231324571835
1262.9931611368067,0.5783323716159893,0.0795404715164792,0.08109189824530584,0.8034981996430142,0.0182824484689305,0.45940193488586406,0.7185597154823459,0.00021184567956031772,0.08343503793243136,0.3502616719315861,0.004551197351876266,36.71080134409414,45.78197294252305,292.77991889311477,0.022955569078710977,0.027909869434437826,0,0.022645462742988173,0.13713513388790005,0.08103484168605672,92.20892795203486,49.72272038510712,48.743559425854386
1263.5517991059883,0.5772495302653552,0.087294728773204,0.08022396556075888,0.786683228281016,0.019298856454832574,0.44576412616854405,0.723977925088781,-0.00013991102781148556,0.08311858062531792,0.3672698374085568,0.005521260430147373,38.378190307099636,43.82387660833649,307.933842718567,0.0228841085313563,0.02927719070028665,0,0.02034069243972239,0.13673765241896824,0.07956032620340864,93.15724571491751,58.12378911527741,56.9063339154029
1264.2221646690061,0.5765514485473316,0.08688350315340183,0.08050387677144737,0.7753973637337473,0.020630822507870343,0.44398457846585343,0.7869305717605536,0.0002489961145656129,0.08358511297780308,0.4749972849770228,0.005631826767071272,37.77717207788356,47.499684879525184,321.4492637232993,0.023584245128562567,0.026942988400011053,0,0.01592223093084374,0.14497375317795522,0.08003711741716023,91.7640810913789,56.05242537153979,57.819918838253685
1264.8052430493392,0.5684594059367665,0.08658750174595466,0.08052939186437849,0.7294953821315009,0.021078802216892054,0.3795039283932644,0.7996799800926657,0.000339399235675898,0.08287971367772887,0.4789422424929539,0.005461432341960602,66.61245757355269,45.67228721440247,330.2386925553992,0.022909203015202693,0.027897562270170453,0,0.023074160305207005,0.14155899839298136,0.07955321524520485,100.03507247160489,63.50373839806274,58.62348184030211
1265.4127618408243,0.5763256121827357,0.13022976941039374,0.08117590801613457,0.7956243961222225,0.03309364760018477,0.3831935644508868,0.8135404335359812,0.006830458167557204,0.0835578724443988,0.5354842161728567,0.005510333050187223,75.89748638194745,45.37623340203624,316.80149399423544,0.022844926956770248,0.027735123327601953,0,0.025842566166740445,0.14405352892031129,0.07499867206955653,98.76591247728433,70.38741981137255,57.28006942312322
1266.0377380688462,0.5769837050064929,0.12947265431659408,0.08141901565958148,0.8010761842636501,0.03285523428074286,0.37904929565673307,0.842303889398447,0.007027572038592908,0.0834718793742944,0.5759392196270416,0.004201663958166108,131.46826666787095,46.17339760910509,314.6431337619744,0.023276757747839414,0.027965834168712005,0,0.014168155974032,0.1191364007350587,0.035937969907611424,100.74925899787439,71.38165299504406,56.790141935780404
1266.5789186014908,0.5704136066349169,0.1302475251159174,0.08537371641281685,0.764648205268819,0.03624462463787333,0.37883214225644135,0.8975898408484763,0.009656918303568688,0.08304505838836841,0.6235596679570079,0.004009969583910207,129.5803648777947,46.30263181678886,316.187720411349,0.026006571410941814,0.02762816967116587,0,0.01886929411838908,0.11425390626919346,0.031148854985680312,99.52490841464073,70.57952291109969,56.01210842528131
1267.0467779006806,0.5793579917280316,0.1339185603162052,0.09584421911757758,0.769373658614037,0.03642955442772714,0.3720327697722801,0.8994231475968244,0.010119937424458434,0.08368087920699452,0.6290388762051351,-0.01823193097950946,132.82410676527195,45.1851907139012,309.5869217790528,0.042633541459962204,0.03963264755052191,0,0.018655661733499238,0.10160060972262569,0.026835437413543266,100.14179425709543,71.9388915280408,57.17436808212932
1267.6438222302431,0.5804848280262896,0.13324659515342346,0.11031476771652604,0.7696368484161367,0.03667624705643048,0.3208578134346302,0.8994566038755337,0.010115258269773887,0.08236445546715207,0.6374258123183113,-0.018355199161941557,132.45180199608413,45.778091241195696,318.0517916180692,0.04236603215946049,0.06490958623380358,0,0.0255431994513734,0.10635179130479866,0.03537852608844165,100.06353177319824,72.8199239270892,57.216312968830415
1268.296730356724,0.5824176582791099,0.13278100987576905,0.1148592310090574,0.7592871562943145,0.03648054635129615,0.32286753650582284,0.8862830490137862,0.009840742173475463,0.08315770382096031,0.6153521839016343,-0.018350848153943267,134.23678411901858,45.67635467048557,322.37148786452457,0.04253667528426309,0.06399800393313332,0,0.017621080717504373,0.09658859945173348,0.037000612761958256,100.29927810559909,72.11647804748857,57.788945608484575
1268.9042491482091,0.5711389375497061,0.13359493652337992,0.12964155357691412,0.7829003644565216,0.03642291538111826,0.32072558490920583,0.8907269507923218,0.00989889334134646,0.08311632237517733,0.6319968924759395,-0.01845212703714879,129.86644989963068,46.77345453898162,312.0960655830591,0.042076970594228096,0.059724895031960046,0,0.018167348502294484,0.09355873056616401,0.028688273536311204,100.2974088458356,72.24283816429204,50.926150024132184
1269.5012934777722,0.5704945299283145,0.13303597273172024,0.13252981575607845,0.8333281302464302,0.036360781338962776,0.32504337923570015,0.8900098683526039,0.00993488783341847,0.08052420251939235,0.6149436637636961,-0.005459130040806954,130.54141381342458,44.67858002525806,321.47138168684893,0.048342982150032396,0.06043404209161944,0,0.025083171401661306,0.0740411176577764,0.03163726634305153,100.0382205799293,71.83639809112691,42.11584394326998
1270.7058565988198,0.5716853777250402,0.1302694361705795,0.14302408443684303,0.8089010699568097,0.0293357898127586,0.32201787842832724,0.8831306861971631,0.009907832754622795,0.07992768492067992,0.37240728410863394,-0.005554216778626041,115.52571172928235,45.22848796519187,312.78470996865633,0.041786496104899186,0.03137860104821428,0,0.024708042358302134,0.08039326897048066,0.04117095693388349,99.16420657017403,64.1420981949282,36.581967755947325
1271.9139112071746,0.5794232319357462,0.11397233733395394,0.14303081521409491,0.857057689118889,0.02550855295231104,0.3440210124356681,0.8825799468344983,0.009814543567091046,0.08016966855036702,0.31935426623639845,-0.005482716484710685,119.89069244951119,45.93989050139473,303.6342971918962,0.04209974030346449,0.031205283862524753,0,0.03451005561782529,0.0833421859050524,0.03963830193334628,99.60914233300267,63.7460474941454,35.60423234171755
1272.4934981002004,0.5855887146113576,0.11311030955480315,0.14269858294116963,0.8491604536347045,0.02566408044217114,0.3490840127110464,0.8792609576323748,0.0034907451364590524,0.0801357233981983,0.3098343528439419,0.0009156299303902224,91.30109341466658,46.40279613128661,315.2905920842621,0.0422366777513945,0.030851297357201487,0,0.0367103381142264,0.07986330701032475,0.03712172787263654,92.77385965050256,56.68669835029025,27.39194288004758
1273.0381701201525,0.5880665900368562,0.08282821505529168,0.1429234642994314,0.8032271856390336,0.022982436508110837,0.35018040463293787,0.8620580255874968,0.0033417872461897072,0.07298557852911912,0.2607075988694257,0.0010450333709193284,93.62152097859081,46.48150974922501,309.36866750696987,0.025522229160778353,0.03106913007335395,0,0.040375650074106866,0.0784938834330177,0.04534043956622475,92.91469956205052,56.96812900186441,27.62165356289921
1273.49555495742,0.583239524340498,0.07701521405085222,0.1424212957258313,0.7270354675211775,0.019437866275484484,0.34543146098395855,0.8083469377976512,7.185280286208106e-05,0.0800228276879727,0.23362247086768229,0.0019461610623584264,76.65688984510619,46.61832719310558,301.5780426001955,0.02571903675062575,0.03106670725261823,0,0.03710869586020555,0.07531699331545118,0.045227496815181185,92.4241204122638,56.64685392736898,28.756802336657408
1274.1100567235198,0.5929299445282318,0.07581379080610748,0.14304625689036643,0.8268959128029779,0.019055988800043083,0.3492206089041422,0.8050209106727856,0.0004091327664205739,0.07295180796015634,0.21202272583279416,0.0006856970910486423,91.38460195919954,46.13353799153393,313.4552095317786,0.025537010464105253,0.030959944563928705,0,0.04503900677380557,0.07975086100606085,0.043838239473120336,92.59534809410883,57.38291217508796,26.76795430659209
1274.7385244388493,0.5926177009590785,0.07332359498906629,0.13816632022069528,0.7881391129209858,0.017686612344820815,0.34461688060313495,0.8075797151821273,-0.00020717622881312347,0.07286613714828652,0.18179499905169644,0.0008848200556531634,91.24180175776502,45.37238973916617,318.2241571013451,0.025026249014775924,0.05512663455006344,0,0.040854149688089605,0.08010163313014818,0.04806132506965655,93.01584982439459,57.10766877670261,27.254160184854037
1275.9256301233597,0.586070297018151,0.0739311780325107,0.13536991255177136,0.831581732089473,0.01769305877955277,0.34979083544276063,0.8076030383360118,5.6600881350988204e-05,0.07344825113481696,0.17716985414822872,0.0018768979316062084,91.4248780311826,46.04120137835138,327.3552815255989,0.025786473252651473,0.031148839358662958,0,0.04275684752124591,0.07810344186882696,0.04281769538167047,92.68931812456816,57.980669362705434,28.559635374344403
1276.5471148640743,0.5832811339245018,0.07249169486824576,0.12494273157134464,0.8566096617285277,0.018687009561783822,0.3602231788071685,0.8387587721043821,-0.00015942464438226385,0.0734945786090693,0.08706657780195604,0.0017937426402441718,70.43192901565918,46.50805500437247,314.39727388167427,0.026079876619792358,0.031296995021159894,0,0.06373565114244602,0.09313713593798226,0.10849502248984152,93.15579578833288,56.910597195236704,35.703441545770175
1277.1616166301737,0.5849558576175982,0.07662400997575215,0.1235745600724242,0.8666112990316363,0.018561763989836114,0.38709453970638885,0.8005970274646057,3.709751333735663e-05,0.07973160994075748,0.0869362554068664,0.0060811318977466305,72.28975593741251,48.09312508755679,317.64069871587674,0.026279209039856255,0.0492175142825854,0,0.053740165720552464,0.10545435415545167,0.11234409498024597,92.27996502675116,57.84365537592313,35.01833343348395
1277.7831013708885,0.5927255588100555,0.07675381551338199,0.11545173515192048,0.910520862710617,0.017243322617272273,0.45010770350996354,0.8243517417360725,4.635953368659633e-05,0.0799598464761701,0.09273215714632528,0.005311802134104339,80.31458347333562,46.056728884751266,317.1149028679197,0.017405879887305103,0.03408539713703293,0,0.058200133686000154,0.09977699673944591,0.10929157805323707,85.37432948397742,57.99683352352594,42.07382743837966
1278.9911559792433,0.5917747192762338,0.08325901742646268,0.09876116776463284,0.8784757336835911,0.016220727172536215,0.3928841983762402,0.8063871917033902,-1.624604323072445e-05,0.08018589326247991,0.08331695233549215,0.0053779001653896895,81.07226276354379,45.817310758358964,299.7396557066059,0.012558676903339476,0.033933027077527246,0,0.060496281374635,0.09533768660313292,0.10789908406749064,85.94018352627006,57.159079930812446,42.8039955946534
1279.5672513849618,0.5952794956899956,0.08302074619648253,0.09517331852437369,0.9162108769629955,0.01650645226273181,0.38843941831776424,0.8018291720776941,5.6583703583060354e-05,0.08040035252451588,0.08357346253398502,0.005399234747143074,81.07144395086911,45.73930486690077,305.4993639995033,0.01236188339429014,0.03361573018106921,0,0.06246347820694486,0.09824391625874987,0.10898270887306823,85.53974096080749,57.04848336071363,43.70705856458529
1280.1712786891396,0.5856419535787784,0.08327822264550963,0.09406282409996501,0.9316389158763327,0.016273760708208154,0.38979770812157744,0.8007321468841984,0.0071100720843120385,0.08024486036608026,0.08519960787676618,-0.00026613184305975435,106.16519918619086,47.10405704907734,320.56376501196723,0.010422550050488246,0.026959263574756434,0,0.0558884480768089,0.10312238385789255,0.10597602271045947,86.4942558087867,56.24498696757358,50.73214524279663
1280.6531039375586,0.5810228452314444,0.08323568145926281,0.09340961886540675,1.0113015503146947,0.016698958989473035,0.3856698751787939,0.7906286156341499,0.0066214749235212495,0.07994822822887361,0.08978461145683816,-0.00029797357535612325,96.56990566891561,45.759499337575946,327.9349012745364,0.010798896558047149,0.02756682062150637,0,0.05381778820580402,0.09619275135578835,0.11126968280455739,85.46988895833698,57.63925792714347,49.97340153910314
1281.3304524751911,0.5853068740136133,0.0834932843503949,0.09341474569934737,1.1527543819560035,0.017190295262256617,0.3929751144143523,0.8249896363028008,0.009928362731975456,0.0804507696546165,0.11081682798022073,-0.0010766799359105414,97.35792377518742,44.927454575724404,331.5292928693004,0.00941598081021204,0.02728607800536122,0,0.05608718818764522,0.06797510138849924,0.09852028604999134,86.22973715173357,57.723536558411695,51.0575723301265
1281.9414627539834,0.5812784903329842,0.0839262150019469,0.09276717710585039,1.13987948187489,0.01734503687317562,0.39199287108241887,0.7736167669422044,0.009990312433451307,0.07987712400911127,0.10003038353237223,-0.0007726107596214164,95.74243709548357,45.23229450845394,335.5861036832322,0.009049863665432272,0.027831703801445423,0,0.05338999758943289,0.06690293617400751,0.09881386460033259,86.70217747887776,56.564502676819195,48.55701908554938
1282.5699304693128,0.5777021770715312,0.08325543728377906,0.09311042029519392,1.2059588895054318,0.017718400766447023,0.38961037266081266,0.8181963025885818,0.010234034913900765,0.08038076702042553,0.09791398829372708,0.0008421763616797962,91.18944000901318,45.98288055764911,331.902308370172,0.009609809213372266,0.020540399916665727,0,0.04542468897844542,0.06639301109881755,0.09486289974443561,86.45614284998094,57.121446826784265,49.859770105239555
1283.1669747988756,0.5759010889056326,0.08377846328096862,0.09223658807126589,1.215979401839666,0.017701537185951282,0.3905026270638225,0.8289951433691893,0.009684167480313722,0.0735963070252095,0.10773592011294007,0.0005218234264115919,96.23547419045195,46.57162406837298,320.70522655130674,0.009394241518050697,0.020669742765038464,0,0.04356041906775823,0.06517781062313502,0.09924611923763262,85.5445728343262,57.46754251580644,49.19237088329497
1283.7221212807497,0.5773030705242731,0.08313429009274653,0.09224110390966725,1.1943475168801752,0.016696296392716987,0.3915682537319909,0.8261997960732894,0.009998398194711567,0.07393000835577163,0.5718149756949892,-0.0003179872592222238,95.51547075227091,45.79183232863992,320.6222833565248,0.009918386372939276,0.021237897350341078,0,0.04127518730191381,0.06531003055308295,0.09775113174767541,86.19901579125204,56.29300693534317,49.01319126868974
1284.3610634580011,0.5790368204413326,0.08367789364039337,0.09163598853164023,1.201044914564185,0.017758459422454718,0.3927379934376355,0.8381501621010556,0.009620939872052283,0.07340179620989971,0.6443112887749849,-0.0004967924493625666,99.57484013601199,44.70766391377253,320.01895562168227,0.00943878944070879,0.020551427133251317,0,0.035758551425504013,0.056430719187222485,0.09963446185099231,86.16375287595652,56.35611196028208,42.34696446379971
1284.9685822494857,0.5772535740451445,0.08348697911779314,0.0914232828843051,1.124560384076732,0.017869909174872956,0.3880833783026995,0.8543715023668251,0.00957588353276751,0.07352376037686878,0.693978623120286,-0.0006094014084879606,95.32041009221491,47.759652989524405,325.1844136458228,0.010412431138420159,0.014411798247026186,0,0.032603193347698935,0.0546476716454219,0.09760746891392985,85.3208656771961,50.218430102794095,44.134661337661406
1285.5726095536636,0.5751223949602814,0.08300439931332539,0.09184488177906623,1.1347085397212338,0.019705962442277666,0.3906284034303062,0.8615604897361079,0.01012165920078306,0.07025955924169087,0.7316182474366275,-0.0006482145582139714,87.87870513754783,45.59286168458798,305.16582115206666,0.019291390508350974,0.022263065682696925,0,0.0422458283969506,0.05699678370602922,0.09510406476306814,86.4171616373683,50.66162384968915,36.20178308629082
1286.1696538832266,0.5678692071498321,0.0835523444552315,0.09243868486931721,1.0958572829186024,0.01803535250628631,0.3882801977300886,0.8519308749140784,0.01045139305127849,0.06978198771449304,0.749832135584988,-0.00043239561020031196,93.99717334700749,45.1872297901863,319.9506388593683,0.01907612601372406,0.021826730843895963,0,0.02473027905549762,0.006874924532258863,0.015516715604075677,85.03668534536436,41.93216114384635,28.615220586979188
1286.7387663143302,0.5686966586178662,0.08353602235936418,0.09108248794072549,1.105322799388749,0.017897298915165838,0.39002641053793063,0.8401327284997084,0.009921471078291604,0.06977293971228626,0.8200557167365561,0.0005121897186097873,48.08525075527333,45.72209664863021,316.3592052371857,0.019365868410664202,,0,0.01992641259721611,0.009093142206111782,0.014187675920240514,85.73271848028757,42.283787518666,28.71892046417346
1287.3672340296594,0.5769100579391193,0.08345216343595266,0.09195917627013298,1.0672653584933838,0.01783015770493598,0.3926425816418385,0.838655753362726,0.010259833068015086,0.07000818447910169,0.8136533196331746,0.0012679515611581976,-10.018946157550864,45.78657410040578,321.01259245840185,0.01940725143374573,,0,0.022964708431541806,0.00622459251923111,0.011266069619065703,86.08343915723046,41.900210307258256,27.951414484942426
1287.9642783592221,0.573441214275527,0.08354151520595234,0.09303783529297552,1.0425044775450991,0.017596994672172572,0.3470981534454726,0.7942277407638748,0.010096864312177692,0.06973523701452564,0.7188186832550517,0.0014742901715180765,43.59677574143528,46.775060928258426,323.18874156959754,0.0193387221320591,0.015565620713098987,0,0.026741157750164245,0.010312107343291578,0.013236780613479701,78.06880882661915,42.35432139952361,21.40695136130424
1288.5683056633998,0.5698298650590352,0.07998481286477903,0.09276776583963761,0.9831360575134538,0.01580811662857383,0.397169400704517,0.7931043153562282,0.01010918448903008,0.07980350371573113,0.629125470733326,0.0013470880531860547,-13.746468140433123,46.38561591256075,334.82100529061887,0.01972323217728295,0.016417701660685236,0,0.026396212124825652,0.011521211135087549,0.008531420537191026,79.04244820190993,37.331431228898495,13.681216302033903
1289.140909581811,0.5704707132876704,0.08304763360910862,0.09235197305054652,0.9207077530977841,0.01574233111812782,0.3446348256394083,0.7937775540151875,0.0099076880730964,0.09652433968010908,0.5825540654929897,0.0013838498699166317,-21.52017691033256,46.19093422990416,318.17738343376544,0.019590281780178964,0.01584829549043914,0,0.025236388795198784,0.0052762304890233095,0.010276421236713401,79.79520913917331,36.48042847944896,14.552201007190654
1289.7135135002218,0.5464278939965774,0.08346811176911215,0.09344009809655804,0.8979022896126951,0.016027136397510935,0.33069847745770525,0.7549082359704717,0.010122440088675806,0.10633991320840373,0.5455956648425854,0.0013488408864349454,-86.65894538705265,45.002643092599136,316.262997740678,0.019388487106888657,0.016117317655518798,0,0.026601059393241044,0.01186511934039235,0.007701999260314785,77.83570529476121,29.14540762519635,13.945715321747246
1290.966957443573,0.5437062731111727,0.08325620153621564,0.09240804690225093,0.8970747813549722,0.015010375893897584,0.31874935265086224,0.7623699335304647,0.010169535322041174,0.10693830003362896,0.40251355911231435,0.0014206279381176372,-111.25592242049807,45.73084272185389,308.14436357186395,0.019326098221708138,0.01658627517071968,0,0.023490936373156517,0.016702837550546464,0.02554654227572233,71.08592510855223,27.91138572240697,13.543892328984072
1291.5640017731357,0.5456457571587672,0.07698320226483982,0.0927495462430567,0.9268087519431996,0.014387217174539028,0.3142590100837409,0.7349976256142384,0.010092312707183687,0.0993927665657242,0.32357033231063403,-0.0011984632765584511,-80.55808611668064,45.88976070564116,314.6751453128815,0.019636080282675366,0.015477522904792268,0,0.019663690181733254,0.01970790730412288,0.022913023537883558,71.09329094702521,28.5027022768351,15.170678737738642
1292.1191482550098,0.5438871098148315,0.07730296835017585,0.09272325395555017,0.9405369651668867,0.01438147946108662,0.31175269636733643,0.744748755894823,0.0130624060018018,0.10676316742999771,0.3294791064175643,-0.0006745901432203515,-85.45850520357091,47.41242516236949,327.2791770253005,0.019035613068779694,0.0263416142029188,0,0.023844376561832102,0.013518102378727852,0.023807016694559625,70.7891725859926,28.521894996456002,14.829982641037395
1292.6917521734213,0.530086021465842,0.07071484418468478,0.08684879496701872,0.8904122943132161,0.014426809198041096,0.3180949113231961,0.7507295616723506,0.009983240959502837,0.10697235108429469,0.30467318821169576,0.00039978081427228575,-79.91322003897086,45.46293693952505,318.26414051271377,0.016973758760440185,0.02770537414438712,0,0.028974239130506084,0.016676779378269484,0.02393499821484085,71.2560657521085,28.64950348952065,14.422072191441439
1293.0548668533888,0.4005434991109878,0.07037635802760281,0.0864892685989162,0.8973429069643105,0.013560965226443822,0.31469241753012306,0.7406571016156288,0.01009145398430742,0.10679302230579839,0.2992880854278024,0.0014651509316441404,-79.66990237390738,46.56754999034046,332.8270690576892,0.01643880941866322,0.02674709072632767,0,0.026416931723762953,0.02004449645752904,0.019978987385906182,71.08385457161391,29.039279278634407,14.13826535179477
1293.417981533357,0.35923046913418455,0.07022442614848388,0.0842737561459008,0.9132736580848954,0.013601612877037308,0.31733265405999855,0.7427274931555563,0.010136927851878235,0.11043703107075309,0.29517896816510425,0.0014043395039923252,-85.27926424931687,47.789797623705645,330.25623320012863,0.011947680693623912,0.02706301016487267,0,0.024347157532669732,0.019460203568775074,0.026857977170112055,71.5672020452732,29.35377561978415,21.760443686256554
1293.7915706752474,0.34723501918497546,0.07009594617503957,0.08161782038547143,0.924576395246371,0.013899076918283342,0.36221647145217506,0.7352189896928892,0.009967733354766065,0.10637524701100322,0.31022275982376846,0.0014741730526355405,-83.40795556657251,46.08742119766563,326.36158931758695,0.014293594047094026,0.026390935258589158,0,0.037847211911337914,0.016937889277361295,0.026684770376106892,71.1079782970567,27.4064151168844,20.73202016478165
1294.1546853552152,0.3461140518420436,0.07035906101270167,0.07838491148731488,0.9057078412560664,0.01373837722942212,0.3873847067778817,0.7284892587498558,0.009658239634966027,0.1071328811590852,0.2753886146071802,0.0016415612210154379,-73.8780592715049,46.21002418401938,332.7585325870263,0.013913136597478113,0.03709365609231982,0,0.0355583296128969,0.010935219613583007,0.02295695839663424,71.4601908287172,27.58935865643572,21.334111202013744
1294.5736638321016,0.34796752328821223,0.06998692613904064,0.07598886236664794,0.8922285487870858,0.013705129872214256,0.36385951749005635,0.7729432174902515,0.01003947956245833,0.10008062033778965,0.2810315813394568,0.001623683480131222,-68.79978484683978,45.78924798694239,329.4853334022422,0.012101820906689714,0.036609388872855045,0,0.04417034299230402,0.025130759138487394,0.021260539114684028,78.63859743177022,29.264419889617763,20.782220102543967
1294.9193210755323,0.34718632087005397,0.06982605855092416,0.07141254233245954,0.9162749040432498,0.013843573196372765,0.38909028962604447,0.7790893732319993,0.009951590303682423,0.08360818779835308,0.2879164727885569,0.001609060176630542,0.4639707394436394,46.39043804401318,317.280147405864,0.011797293495164219,0.03762445561125101,0,0.04083319430914157,0.018170635991290988,0.02343796557993533,78.2962144904855,35.90428561528416,21.142545238048406
1295.278944268193,0.3481374282775168,0.06999380135352982,0.07163847336099294,0.9012697041544849,0.014183942723775931,0.4171351103832014,0.7780215092735716,0.009959161760185131,0.08369056516766038,0.35696152555347044,0.001364551036037063,3.855630493332855,47.07000006078727,326.79765307774574,0.014444044631897102,0.03772652079891653,0,0.04279375311030769,0.01887361313078351,0.027359752678171298,78.73094614405903,36.43671812909954,20.253348603787238
1295.6350759735465,0.3451808578013995,0.06967876414699518,0.0690028694622832,0.8509626839139629,0.014402288300638904,0.41759048669026927,0.7777879972410929,0.010359732299150394,0.08021336914204,0.7206559828088094,0.0014444039798338056,16.74996740972788,45.999397479799626,339.76130654648205,0.01208585663962247,0.03751058839684021,0,0.04801373617887527,0.015262248155818087,0.025228105280511434,78.50624277147374,35.7165113427113,21.060545762033275
1295.9807332169773,0.3434219584379741,0.06977749424732466,0.06812374242102524,0.8602527427586291,0.014412717034085094,0.4187472188862013,0.7702132065524724,0.010032495646833988,0.0803571230668486,0.8260224281549391,0.001773061816365845,18.40310021918454,43.92121564588573,330.45504005136866,0.011611413509964197,0.03689723136628506,0,0.03462184408781334,0.012661719922829037,0.023027715675157566,77.66068376197806,36.6719664284836,19.95274766646672
1296.3962202065563,0.3429649919998084,0.07039492549969834,0.06850477848073333,0.8520940877356473,0.01431192390203917,0.41676835369928894,0.7677172291261276,0.009867693173723666,0.08011553567033093,0.8025644520422166,0.0019575446884218983,49.84752176328038,46.529929588041085,336.6949397514822,0.010515162973095125,,0,0.043847881535014975,0.009291286061496241,0.017280678758157454,78.70272425542476,36.162781566472056,20.383194451548736
1296.741877449987,0.3403882773911327,0.07003009173172814,0.06837262071234937,0.826585801695577,0.014791874550927757,0.4182340551556305,0.7718099879445705,0.009970292522344356,0.07995661767647294,0.8270234790608555,0.0015126003191595432,22.756274866936515,45.88322667959089,333.5429581530906,0.01097917199098329,,0,0.044588073406338004,0.01711855019044565,0.02196504004906795,85.37669911837057,42.37075852401571,21.9286335021768
1297.1468899776442,0.3427767267393248,0.06948714391462534,0.06897815546771638,0.7740906050928834,0.014948227926270805,0.39024984461318063,0.777380308303594,0.010043347450158006,0.08339408686406809,0.8426755827403958,0.0014667284425208115,71.89876477179027,46.31603672562869,317.2083554873903,0.011368060335838715,,0,0.04683791607028634,0.006136762798438112,0.0054914382963339725,85.47269129284443,41.06923805523813,15.046918971792692
1297.4960387083825,0.3389191722778851,0.0694039491550641,0.06886661911265271,0.7406567223051095,0.014914282219689915,0.3919703134256311,0.7784464081426351,0.009665037808598247,0.0840067433792224,0.8510983869176428,0.0008735448760069536,22.083806834109065,46.6807951912681,339.36766847006356,0.01025355699009912,,0,0.007402309858414315,0.007951693716017132,0.008185173020907537,85.69037172669483,42.18382514645214,6.449137920049364
1297.87311933758,0.35515253743518826,0.07058127478414389,0.07083439609755461,0.7276547104733811,0.015181263095689986,0.41020034576867515,0.7754161506168996,0.006601323391213697,0.08674474748559415,0.8770615108310515,0.0007010297130998079,40.3063857022798,45.55183113637458,322.9649250995686,0.010281988796569056,,0,0.01116348065991581,0.0038070031173890583,0.0013281868114168914,85.64715390331581,42.73759268981029,7.291729982077125
1298.281623352544,0.3598283089785243,0.07009161041476736,0.07088459838383943,0.6467235778525324,0.015018863845717139,0.41108180075226125,0.7721704362111179,0.010115612681546522,0.08662593402589773,0.9219453670558727,0.00015526802152610478,71.49310952808732,46.19589930735413,323.6068526579421,0.013468772358089092,0.009457146334728293,0,0.006555167661766486,0.007663471097635056,0.001988005778893297,85.3487881763963,49.81601640114791,7.155331618950031
1298.6342635705898,0.352412903222001,0.07033904079792198,0.07161117032044143,0.6736166972181953,0.015013957579472395,0.4086642708419795,0.7606848094305073,0.0065152359487368455,0.09041599587469225,0.896838489256966,0.0007830820272040247,46.69165254020459,45.71188565463941,307.50057022734273,0.013205020492691823,0.009064519991989189,0,0.0025493293448193045,0.007476565945463479,0.007094704583242658,85.84502020076654,50.03754448996301,-0.07521108048604004
1299.0288016363243,0.3591283327556422,0.07026626149423146,0.07248524970188819,0.645113829965548,0.014801869189409334,0.3963424431172361,0.7615128385612151,0.003520470542919021,0.0910261112674309,0.9178049499301753,0.00013658062264035285,76.24481162951692,47.64090825047829,326.37791840467673,0.01373491234856608,0.009241482554291802,0,0.00194983743902592,0.008919838735051172,0.004096646141033372,91.85680186372515,50.37638508128554,-0.6685109772434117
1299.3535099559112,0.3552388807802808,0.07037354480274599,0.07227837849482724,0.6148888794839654,0.014841478366471905,0.38359210449632053,0.7609600928887221,0.00011748823776239466,0.0904156850678735,0.8843413092021699,-4.9932692935309564e-05,83.93693286303666,47.335977982964714,335.7320820448644,0.010728399744931474,0.008632246028934693,0,0.0035502375674021343,0.001679381887900714,0.008291155241691418,93.41122878992722,50.19378035551776,-0.1987439766922819
1299.7236076104937,0.3514000896390158,0.06996945592469442,0.07224293619297485,0.6106782553274259,0.015048399383004722,0.3970973782298425,0.7759928419144021,-5.915134789136132e-06,0.0899092806611431,0.896045655168531,0.0007109356834845231,89.75729502601375,46.88662640994252,323.80415452411955,0.010903665645217036,0.008197637681298973,0,0.005158768421269179,-0.0025326568748521333,0.0021667734101358466,92.36799111472288,50.02292766410124,-0.3474270103326341
1300.198449884298,0.3531650454104279,0.07322943650305681,0.07294172204772259,0.6367954276395944,0.014911851783651928,0.40508697301491436,0.8114955937892168,4.257600673813992e-05,0.09052955243350226,0.9192484088074552,0.0008439970476905314,86.34350821236286,46.03231829480974,324.7709849320598,0.010354500767026696,0.008831433394643052,0,0.001868693876381136,0.007692365977966263,0.0066350686512534375,93.05972873519578,49.20051282755014,-0.12305985083541932
1300.5161752292702,0.35165140597659644,0.07403862099570524,0.07244365118491815,0.6190795445428391,0.015143975098340905,0.3978721649993264,0.7764309883985178,-0.0002224987770138195,0.08962208216166048,0.9028201319094075,0.0006089917023375213,65.66453965840539,47.32941216756232,331.07893060462476,0.010822500463805585,0.009117797781883444,0,0.0026107206600468795,0.0010806272536333882,0.009927313813485,92.76156317947425,57.93717206385928,0.10872518793302838
1300.9072218076974,0.3537393135481832,0.07397614156863425,0.07170958974251562,0.6401514619976165,0.014947764618575493,0.3968801377579486,0.770546219011784,9.033851829653683e-05,0.09026114024106688,0.8805890949875009,0.0014757073702386647,63.17084670604032,45.48596353434789,319.25108110280235,0.013744917108943367,0.011655518197651362,0,0.007812122573569442,0.0036124810109237643,0.006631199954442638,93.76620177256143,57.873141513568044,6.474551961121391
1301.231930127284,0.3536073520627313,0.07670934993258115,0.07051882687851838,0.6276163955207816,0.014995022880630577,0.4010748478491161,0.8015715175699865,1.0156963790797053e-05,0.09006131971936598,0.8873399874772112,0.0015155718672755596,44.61627950577848,45.53382536278937,342.09435278035875,0.011157265250206064,0.011899130016278372,0,0.005145502026685993,0.008585349584606652,0.03613115670192595,99.36459683969404,64.80916546505918,5.94060173903207
1301.602027781867,0.3727416167484949,0.07348759580265049,0.06989886034051643,0.6302833945208981,0.01495852368815093,0.3979947399247387,0.8102739466144776,-1.4759148095826772e-05,0.08997661948510424,0.8989910115799181,0.001238536020506765,47.50684703392861,47.04604745540571,339.086232758896,0.01074079865451606,0.008810540298156685,0,-0.002892183677956264,0.00021615538155480727,0.03630691728267666,100.3505607840787,64.94040470228865,6.930352518841046
1302.03846369529,0.41639179358505013,0.0735632922398343,0.07074246442665091,0.6228528930622836,0.014882522758901208,0.3985975204928236,0.8108848632096757,2.6514004042782975e-05,0.08975540476481696,0.8543034043051644,0.001260979527646866,60.94199115883657,45.81727822924476,327.9663981263415,0.010069315659642272,0.011666864039694427,0,-0.005037716938441921,0.004813697661645002,0.03733147698627394,100.26832254191723,63.76407809105514,5.822822339948672
1302.3980868879507,0.41860198248050556,0.07312068355403221,0.07042360124476842,0.6139349544691102,0.01399294918565683,0.39559112101086064,0.7732119733219549,-4.988986063622668e-06,0.08976141334774401,0.8044392540653285,0.001308399678486713,62.54762274654716,46.06565613383946,337.2640545354775,0.008684779681559595,0.013677754321802658,0,0.005611684918757593,0.004367642468725363,0.03334424965425893,99.3692409429127,62.48124194104439,7.3096320768963405
1303.0928928621202,0.5813633002978066,0.07315751924457213,0.07108855427549902,0.6536118996623146,0.013768624829084553,0.38854459057097984,0.781250288008214,-0.00020418356180476908,0.08996158824509679,0.7775100731273409,0.001423594743929625,60.740310324933134,46.248386352398335,333.0152888913991,0.006972523483949591,0.011118082905741154,0,0.006931247237407564,-0.0016076354777962284,0.035368729759378936,99.58664564580774,64.88284727338576,7.514699841602487
1303.7946818109046,0.5798354111763439,0.07359666207240043,0.07080003335371975,0.6442115249615329,0.013770042851738464,0.39361220462631596,0.7708778334887142,0.00038103227264520395,0.0902293098016133,0.7691601694880918,0.0013417682738465202,-69.34057977480532,46.73768193668441,335.70244364908194,0.006648748755198032,0.011660080919809192,0,0.009763434423563403,0.002934812803728464,0.04226590973254768,99.48441151395899,63.907182430022516,12.68395577707726
1304.426641013541,0.5844279877523071,0.07037017825581308,0.07215036951907672,0.652648821646585,0.013767890800021885,0.3922863860889965,0.7715869945477665,-0.00011604843937552019,0.09360373669426601,0.6240327170620661,0.0012419288060467409,-82.87102372173634,45.74255038756363,313.8526647705634,0.006865178520913805,0.00868413052658975,0,0.0033764317751937487,0.002367267653927414,0.037922623000729024,92.76494081855648,64.8796180242094,14.819655132389272
1305.041142779641,0.588423520173353,0.07008109085895212,0.07281886927099882,0.6285139537163964,0.013526032110938757,0.37275446605394225,0.7534688727538671,-0.00019830577002169617,0.09639726833466641,0.609872179037475,0.0013006147459420877,-85.88537619048792,45.98484516175872,312.4284161469385,0.006709895095265789,0.01179653911770893,0,0.015825532020063572,0.00651016239261646,0.03645058415001681,92.82186319586718,64.54692692717387,14.896162267316305
1305.6556445457402,0.5884243682106454,0.0706245705239007,0.07284565362790876,0.6457879856476638,0.013561010474872981,0.3670856668264566,0.7503714837983076,-0.00013736512184844236,0.09699345566287544,0.6182979643381342,0.0012154590258287145,-88.10830232684994,47.03245266003326,323.141130219419,0.007049489537244049,0.011633372628333579,0,0.012305946308077095,0.009967750359529508,0.03817190488269134,92.68186594076683,63.22378966898052,13.615901850601492
1306.2631633372253,0.5852090660102338,0.0693189218720468,0.0728577202862988,0.6488804676253995,0.013509702842320014,0.36788715771117897,0.7510376333731629,0.00017339629578891274,0.09702696933056004,0.6031867244923343,0.0012006725956666324,-82.28747008702561,46.382504187213165,328.1638523744564,0.006664510762668691,0.011587435666092516,0,0.023557655206671253,0.00590494144467052,0.04003452148061013,86.0614224676514,65.77473527649865,14.1680440328171
1306.8252927937144,0.5882974621451114,0.07002482502009874,0.07366938766930863,0.6555564557273569,0.013237899533067147,0.3678073539483299,0.7449737610788681,0.0003850201242344995,0.09625660947258426,0.5993445085305197,0.0011243312271082457,-85.48596831432478,45.89322753535792,321.8559546748333,0.007397639097620867,0.011196278824630247,0,0.019486114455962548,0.00814313869477959,0.04398774374090692,78.92507249546466,57.35420871624057,14.109770465967316
1307.4886753821172,0.5784262082569025,0.0697755542976447,0.07361457909519324,0.7103235364179431,0.013495509419502862,0.367832812472351,0.74242054472336,0.00020233971029929215,0.09645044998155394,0.5871901352482298,0.0019507525964597508,-87.44438371197006,47.021339821692024,330.6568094939626,0.00731238085782318,0.011093573836688748,0,0.012500823671951674,0.004667061702830542,0.04153327380506449,78.94326008178376,57.27651460060067,13.753946888754909
1308.1031771482171,0.5799632695797042,0.07034861763843929,0.07286152997513973,0.6473364903118787,0.01363088089133713,0.3737752503289742,0.734719155039049,-9.484857649351607e-06,0.09651939928029803,0.6184259027805821,0.0021913021694499554,-72.08117165481647,46.13756680669348,330.167138940544,0.006663145330665794,0.012070841440469339,0,0.022187929534129187,-0.0011124319192605497,0.03930538362578069,78.04160324599805,56.5443152816222,14.181057250934769
1308.7106959397022,0.5807729811336912,0.06976368537930268,0.07297771896098497,0.6920708225620569,0.013587133225737688,0.3692489521597464,0.7302834367168372,8.124087608463568e-05,0.09678971942143255,0.6017651255522234,0.0020919930726756033,-73.85668327902006,45.996052747313726,334.06099522454286,0.008953875709293044,0.010704285801987621,0,0.02401649099030262,0.007187562393023372,0.03442596891245015,77.46318785719265,50.04703541642108,14.626158312102309
1309.318214731187,0.5772034342275326,0.07004526647865608,0.07349678905962632,0.6832630140052384,0.013630135024040198,0.3678921166011715,0.7630588740655896,-9.903120603857019e-05,0.09660316401047538,0.6006752968840218,0.0021527539580188915,-79.09801455324282,45.373000070823196,319.1811719754458,0.011675478752417067,0.012593164868577755,0,0.012816988110891192,-0.0050110698182771725,0.04222482148103268,70.52913802547135,41.925360837694235,7.597138372716107
1309.9222420353644,0.5674661697402518,0.06979213824739583,0.07384486224173556,0.690043247028915,0.013623740358086467,0.39455166823240023,0.7691647229712064,3.136529300985583e-05,0.09606875761368745,0.6213151582667261,0.0026958056803016764,-77.42219850456446,44.6049215631062,331.2896243215719,0.012288841183710326,0.01343859651507856,0,0.010641824591724065,0.010166660941403591,0.0386572485450536,64.19872513492999,35.88403437410907,8.268922574413464
1310.51579487762,0.5754296058694036,0.07024581273650847,0.07393493257745434,0.7285130769897292,0.01415869777289032,0.39803845207999894,0.7869888976625629,0.00014255933527156081,0.0835503813243648,0.6446745907903999,0.0023026723472960226,3.948624648011557,46.2927093579361,331.68117649444827,0.01275181370070044,0.013393827199995692,0,0.01357008351519543,0.006850947954878348,0.03445426943577535,64.54213562216776,35.725065684378265,8.603899677024014
1310.8824010448952,0.5669705449928752,0.06981860464680094,0.0734294453986069,0.7256925664665921,0.013736616358192656,0.3986052943709852,0.7839969038360656,0.003198526690865726,0.07938678438463415,0.6677173463279659,0.002484331345322716,69.02055862398849,45.8867081738053,339.10945722209675,0.015827666408417606,0.021312174546459665,0,0.0028325932273443443,0.008897171667954179,0.03231407839847042,63.62324847777632,27.88215145564216,6.167184084826956
1311.2769391106299,0.5662696370924516,0.06972837975080826,0.07338243412796733,0.783957536442033,0.015543409141242118,0.3977939971658929,0.782959739477392,0.003150523281593197,0.07994110300006464,0.6788466748095633,0.0027288077367461894,5.684146276900195,46.856099751658014,337.25971309791424,0.01679138964306068,0.02560640479261937,0,0.00875927085217911,0.001612573775149874,0.032166973788621406,63.83496530530257,28.671593061836727,7.238390347313522
1311.640053790598,0.5609997729261085,0.06957190524203527,0.07317520167061047,0.7694757934877943,0.013607754369917678,0.392526529997551,0.7757580358486763,0.0030311229550922646,0.0757106221012185,0.6423756825361302,0.002495421564732352,64.22678829963172,47.93389808095344,326.4288756057713,0.01723736818277871,0.012995090542798335,0,0.007503811120135756,0.003968762236928706,0.03454255195465267,64.72273253886554,28.702141712946684,8.5334023994683
1312.2021832470866,0.5591539304949091,0.07318715990796862,0.07287001318483781,0.7561928016764016,0.015388984777267195,0.3892357901595293,0.7969301917503075,0.0035993769085750507,0.07383476530085054,0.7526879682756571,0.0023021228733334713,66.678959512588,46.82312961886667,329.32388245151697,0.01684118734750134,0.009473002572399736,0,0.005699959776952083,0.011095630736221617,0.030034830856512117,63.8045197949837,28.861137270327482,13.793817421709264
1312.841125424338,0.5595872394168193,0.07663279196750056,0.07279564351993603,0.7919469533780992,0.015710461700570357,0.38794151048191616,0.8078598097631347,0.006433827562518359,0.07326220597740342,0.748352203915984,0.0019052580523728957,63.91085317514392,46.96942946295572,340.38135535918923,0.0168997704191001,0.007582751495842998,0,0.007047473346370804,0.004485876376974448,0.037742644282324135,63.99735771257686,27.85175444504615,13.891945944755895
1313.4276952919788,0.5601879584126759,0.07336436294604154,0.07356102401360362,0.8529216348500718,0.015434043381178065,0.34332855025240167,0.7963184738900506,0.010270590688031992,0.07312247336955183,0.7643079702964729,0.001027328535080882,6.0465923120707945,45.516259137362546,327.66565434703944,0.016878568371039956,0.009282070746214826,0,0.0033719819125675966,0.005184445337058862,0.03110766409295128,63.846116667049465,28.39173522793474,15.226416992220715
1314.0491800326934,0.5707292362886143,0.07306035321414252,0.07346730553771742,0.8434790699507453,0.015543582943552917,0.37890931515755866,0.7964750505500001,0.010260116223323366,0.07401286312374392,0.7369512966290432,0.001303445228758151,-81.24797292754197,47.27843351102788,326.1595063985649,0.01649486879211281,0.009144036773248725,0,0.0024613330578244054,0.00786093879200197,0.028623800848879326,71.19110938781544,27.26102935819531,13.654605740031691
1314.5100563572682,0.5797627812834176,0.07264481584806522,0.07267144900308695,0.8546072043303072,0.015422506655688891,0.3800532139744917,0.7927473415536711,0.010234360987042489,0.07323576610977593,0.7732074442059704,0.0011872850941806578,-89.70137352429722,48.12950036069036,324.50659132255856,0.01638239876348891,0.00857758964819099,0,0.0037823785774190478,0.008517441540227128,0.03539725108295143,78.97521821024334,27.745254440576826,13.927874726400967
1315.2188282806674,0.586665699681478,0.07687566631575782,0.07331074655932378,0.8816073053311761,0.015741890963270028,0.3817606848413424,0.7960358847118887,0.01021932395530303,0.07283542157752217,0.7617036866929322,0.0014085646832379187,-82.90481800433551,46.363973564063464,336.37813004433866,0.01548144942694207,0.008566460569641925,0,0.007379040609691381,0.002307488706853394,0.04789789672238686,78.81442872077369,36.46996482906173,21.35786627690903
1315.8333300467668,0.5867664787048964,0.07371534490245701,0.07386891228633696,0.8741654524604429,0.01555467626130472,0.34585049992626526,0.790665729327862,0.010009672463877625,0.07326386653732803,0.727377619563088,0.0007457510749388704,-76.14498746676237,46.481432642951106,333.6345301572273,0.017133312970351672,0.008939770960122361,0,0.016122062153821434,0.00869109802084256,0.051586515669071034,77.73277791555051,36.335455652216176,28.398964364323085
1316.433865863637,0.5862891791163465,0.07365806341058667,0.07514767446633043,0.8546495550825125,0.01434319278799587,0.3461404626632532,0.7834698705262072,0.010051432614105916,0.07363719335765095,0.7044149476106873,0.0006705135740967682,-81.57439804959185,47.3115436269363,331.3687297912374,0.016557527284524955,0.009023224116674364,0,0.007452097630231696,0.006682420096304456,0.04644288827533083,77.83081056843788,42.79307478314084,27.788365752489963
1317.041384655122,0.5851880910281033,0.07254140859555898,0.0736479539805504,0.8419697636736038,0.01529507582241526,0.34849177611399307,0.7941865081932706,0.009937739291520928,0.07336182638857676,0.7068249649744313,0.0007203484709812286,-81.65126883557755,48.5417010916064,319.78503159093333,0.017358877571475004,0.008376253441572529,0,0.012168809972799803,0.009530873217082257,0.04950966812985324,85.91722081444185,43.757516332691004,28.637669913021178
1318.102796796567,0.5780151858050152,0.07356736989211506,0.07323503569386779,0.8610443815359784,0.015403988329148055,0.3462313079568944,0.7926691115563148,0.006646238508057402,0.07330113392805106,0.6880180584504255,0.00041600614219173334,-58.42048755588568,47.30492454572942,328.79859570855314,0.017865168167959043,0.008677478947906351,0,0.01266073439868019,0.00419814965438052,0.04771360109979632,86.03026306682321,42.18591695637116,29.061736068548893
1318.7312645118964,0.5790386232823308,0.07628453311113553,0.07308301851322904,0.8809668191032551,0.015463507190466264,0.34437749074917573,0.7843644681580415,0.010146447780427077,0.07026463784888672,0.7131412380367834,0.0010011236849917222,-57.60113304039705,46.009510311831875,329.62418017844186,0.017236215118563977,0.008217805203338044,0,0.02178029834535799,-0.0020410533959571093,0.050654109290351926,93.02754706970035,49.028945576614376,36.63163950598017
1319.328308841459,0.5733729368062505,0.07633280946546504,0.0740463326247944,0.8846311369789649,0.014913687569735708,0.3022881308630653,0.7860806049778173,0.006588039551709356,0.07062809243668361,0.6521672225526168,0.0009117187139579742,-51.79632418610945,47.39928666272903,330.52151857160646,0.02332065380150694,0.03258837614920414,0,0.01991677019564224,0.005798649907674392,0.04960921067271822,93.49435700467608,49.88298755585285,34.92461011422729
1319.9567765567883,0.5719124194635239,0.07365081865197057,0.07694067129703228,0.9015698066537345,0.01418532610377301,0.3021928950922286,0.7503549516764553,0.006636986784523609,0.07060870037195927,0.5430808413718362,0.0014150961238254152,-53.39034361251496,47.626099032403566,332.0582004447368,0.029828185946388686,0.055478457013022314,0,0.008922948858597563,0.006942312012383742,0.04608949689272154,92.7421602819104,49.29296643781504,35.68080369792932
1320.4141613940556,0.579396390014279,0.07990946887277814,0.07867838367177907,0.8797532489473713,0.014625427637862216,0.3524681632519254,0.7900881695250375,0.006789126261744851,0.07008768162354133,0.4061914124284499,0.0019153752664894108,-51.780851602482144,49.15853227885045,324.5754764773709,0.030061780025947688,0.0872395616076585,0,0.025620870739464306,0.007971285018470255,0.05082581483195857,92.76156386379182,57.23128137232754,43.50690807399107
1320.672531454802,0.6001601557905522,0.0792811357425802,0.08156465060170257,0.8842193264062846,0.015022336888594041,0.3181398675099747,0.745100837340178,0.006723724880799624,0.06938066605964374,0.32919576401663747,0.0019346198594094913,14.453439702784888,47.278408871316266,333.48181453842056,0.03825310732397397,0.08792507382474818,0,0.025784016488725494,0.003887744870792291,0.05185144245799765,92.80180577017924,57.587991061725226,42.02882504907076
1321.1334077793767,0.5699238309280924,0.08014156860247998,0.08198441141034978,0.8972898738210995,0.0148531706998385,0.348626825935935,0.6938792161645416,0.006291498249784372,0.06979025590691088,0.23574231890317626,0.0020851496018503357,11.946908050542728,46.51842649238836,337.1922243011433,0.029617530396528795,0.08706832617794481,0,0.02438904644041622,0.011577430697442156,0.056108748114538746,93.10983117555821,57.022904225240175,44.16974047058873
1321.4650990735784,0.5713346437317922,0.0803475703908219,0.08510559345575852,0.840524968171569,0.014594302303378982,0.31962760235844556,0.6667755199102978,0.006754624538452289,0.06990609019962733,0.21115374134160483,0.0019303892505784465,100.31934891219902,47.18439837246372,323.4169926783411,0.03847829512612661,0.08684524445037818,0,0.021505786993045454,0.004670259321562145,0.05316544124575258,92.54735861009343,56.50630409656431,50.567145053606254
1324.0906975287317,0.5513475087314963,0.08033190944762642,0.08568899699537895,0.8735023226951361,0.014829382512773484,0.31930318796305845,0.6353229131687594,0.010152875274062712,0.06982435118413105,0.17760824439230932,0.0018972573416403981,94.29347751051091,47.2295695861952,338.0096165731054,0.0382631972091698,0.08813379774902945,0,0.029979708208960766,0.015459952263783593,0.04728633790568629,92.70081861662185,57.085687325801324,57.435076194440256
1324.7296397059831,0.5547690752620233,0.08339085993828277,0.0863719329981041,0.5812570009474514,0.01476612244345573,0.317894700379019,0.6346410546271515,0.009887618978969098,0.06967642237809475,0.17122047114257802,0.0019533839017567586,-51.31020168813277,47.217437522318065,343.3453837119498,0.03821291446798309,0.08851333177478826,0,0.26523912752678624,0.022799966881490653,0.04761695927028291,93.23088708261746,56.90926771335218,56.40366116660454
1325.3581074213123,0.5736769381986326,0.0864839103513584,0.0862925227094681,0.6608134198618862,0.01309553591544061,0.2798374240872436,0.6164118558387746,0.01033354817761859,0.056702636001723816,0.1531692922353121,0.0017346780407117913,-51.51989963008733,47.129053754346174,347.6450005119995,0.035867828992345384,0.08772544970690985,0,0.2627677922753759,0.0191969472629445,0.03788142428136053,92.60439518581542,64.37000697000913,58.146794260085485
1325.9376943143384,0.5754522076166685,0.08661870887256465,0.08738761446108555,0.6265147859773863,0.012205397461423137,0.27798482193258195,0.5776893738755138,0.010442560315346792,0.05682601372701546,0.12465466966726874,0.0019826013452773775,-69.25808078379644,46.587173020736145,334.34794406113855,0.035779039078097,0.08693694474963926,0,0.26875969094187196,0.022434214088740356,0.03319901508963867,93.65728478767682,64.90857615536255,57.281228539455654
1326.5382301312084,0.577419253707367,0.09009923076844907,0.0891201029896676,0.5681362500556315,0.013158644672132461,0.2846515772592132,0.5666713530156562,0.009781506695208648,0.0566216199752146,0.16806328207956703,0.0023442900182735742,-67.82315069417578,47.310929811353155,344.7216523931842,0.02374687176204112,0.08673939407935813,0,0.2742452189897932,0.027773372983371854,0.03494059453807146,93.57981857647277,64.7905352138121,57.73904068961317
1327.0759191765458,0.590179260385437,0.09003818751434096,0.08972339038482319,0.5837542323112137,0.01159320345977627,0.2855351724150126,0.5642516653529115,0.010779760822054498,0.05686700884846328,0.1440459818735095,0.002225919861104031,-63.767925339650866,47.25705129130672,349.13557179383054,0.02356079074597483,0.05759104255726027,0,0.2646135545121276,0.029727634954802268,0.034783553400478,93.05619759999706,64.29363757238626,56.89428106579714
1327.7078783791821,0.5775285211942736,0.09010534517628553,0.09130772353449618,0.5961504883481751,0.011725866335396212,0.27628152309623494,0.555897599013385,0.00994090923015016,0.07297542521342364,0.1838919365398211,0.0021981715746659074,4.56200914460006,45.43411794049465,340.9377580822589,0.023289397652193396,0.028293567011719412,0,0.2608269291985861,0.028728743731417084,0.033607272306337706,93.55069397444619,56.75441444137137,56.8744096327834
1328.3258716325895,0.5768978748723042,0.08984725383205723,0.09196169937997145,0.5987965188302877,0.011251594670802027,0.2461784930051029,0.553284650819711,0.009736723585799039,0.07713912690815783,0.18739947633322523,0.0021735737777617207,110.73324756713386,47.87637321600396,344.6461653062116,0.024568068127012142,0.02043567848025479,0,0.2616318685604372,0.024103909394922237,0.031307919087880234,93.57521707353214,58.21869950993917,50.0459259490229
1328.9298989367667,0.5731174173371245,0.09006847244956102,0.09280373280036736,0.560972373195135,0.011703755248690413,0.24509372262510337,0.5505086651270306,0.010404424506538605,0.07716958092110332,0.23906032524505022,0.002238651067083427,3.8826672033747682,47.30763161893667,345.0843929473644,0.024539008070494268,0.020826948955409857,0,0.2584419121835442,0.023061188156041076,0.02704166480604197,92.8671418965026,57.70986800254468,44.609659984148195
1329.5339262409445,0.5753269057364403,0.08634656796994086,0.09254332209611962,0.5712689053284381,0.011544999641463306,0.24712552929496745,0.5579449629181481,0.010485424324169313,0.0800482142857392,0.4828031416439811,0.0021929445179757843,44.68327416918357,47.60347501397717,343.1525140247055,0.023951933926737987,0.028718313959545938,0,0.26126840288334485,0.022075231631716624,0.02230970418983756,93.23946499508459,56.98422060275553,43.75554554532438
1330.1589024689665,0.5497298738128811,0.08678821745973879,0.09300405520442578,0.5564886648501056,0.011479573561724462,0.256636728689583,0.5621256700179658,0.00986321238987594,0.07982442946418172,0.5356755785977572,0.002162576235765693,46.71472133952301,47.61384167016521,358.5179787476899,0.024747754186018333,0.02944300409627989,0,0.2620425852439864,0.03464543123083397,0.021312502453294906,91.79918608313227,57.52288779778557,43.07776342271454
1330.6896085396888,0.5759867472308947,0.0868107062121005,0.09111643873572393,0.5610282390995162,0.011562634393161537,0.2685308724871006,0.5550628842733972,0.010077584137117946,0.07996099139236312,0.557663376633408,0.0015206885000668526,43.43371861550747,48.18828911461126,339.50022377701504,0.016975034061129955,0.02832726251907834,0,0.2637115641886168,0.029948989050865453,0.02208139871748761,93.61418727015368,49.76771269631821,36.699379360101766
1331.1016040419602,0.5510524889837992,0.0864887395450766,0.09080397696015319,0.6572014340689234,0.011506507215012627,0.26762681970472374,0.5643576557278189,0.006427971083050056,0.08020822765571924,0.569519599512103,0.001128215262258727,85.41195583109375,46.69124186243781,360.51573918947145,0.021530833480611376,0.027594581325933808,0,0.2552700474565554,0.018836047105210064,0.013966790635214768,92.76643847341829,51.284236871642655,28.841226700884274
1331.4647187219284,0.5527019194074597,0.08293820139509764,0.08985091072668236,0.6707985171297206,0.011662888874081283,0.2665028649358281,0.5545215503291704,0.0032954063406813424,0.08005644605470495,0.6261643610726548,0.0007984522423710972,103.36485143757024,46.269721108206696,340.3917330227788,0.013687280079477285,0.01960259440640166,0,0.2521413053692504,0.02491009724623537,0.005616914877400784,92.44333274297995,50.195987777602035,29.302897338831457
1331.8173589399742,0.54800404587126,0.08378380238469142,0.08868058153047806,0.6310531413482667,0.011930275280844059,0.2626432232359087,0.560570250425038,0.006542193564403861,0.07982122934394839,0.6384127488406265,-0.00021397216858832832,116.43307762974686,46.8661094300891,359.0367489022952,0.013396001449146844,0.015466272709728878,0,0.25045420961123577,0.02644416022475477,0.005021263116895075,93.1847798487229,42.109961981174536,21.049824243253084
1332.3899628583852,0.546921000684772,0.08376452696637719,0.08482308211367243,0.6649356359535822,0.011688516944824886,0.25726656233151923,0.5859957044699324,0.006797232948716363,0.08066766921016368,0.747627350918669,-0.0004337091831052883,113.16546280569275,47.777776712542014,352.23256604259035,0.013541777242704799,0.015137729091683242,0,0.24832105293332438,0.007727245095450775,0.007203816659264226,93.06009006728918,42.89122967010796,14.139322016458413
1333.0184305737146,0.5470585879700468,0.0764205516279047,0.08385770494763783,0.6527696808761475,0.011929381838852412,0.2561553173144601,0.6070124761451426,0.006777177181837189,0.07972970726281182,0.7922322132155718,-0.0009065567095168991,113.38383178443813,46.69168025505417,338.42247229878035,0.021140135765778268,0.013623397689570564,0,0.010448212021222158,0.0070767149397076585,0.0010636771041457665,92.99537795635456,42.86604488442888,14.68850755906223
1333.5980174667404,0.5479988004929538,0.07630061963617951,0.08416836676188687,0.6685169236412287,0.012036267111875922,0.26135136716071444,0.6114963758200505,0.006512339544338743,0.07991025025002614,0.8061250389266118,-0.0017679936226665173,112.18313940820482,47.285854900154575,349.0913078861788,0.021029259419043725,0.01240922998929641,0,0.008682145851466322,0.003469087389029605,0.0037997935125567827,91.89738415145442,42.360611044977794,14.866626781572888
1334.2055362582253,0.5514833229391763,0.0835893019196576,0.08229459947099776,0.655467213719093,0.012693427490758578,0.25830041625902866,0.6134057482802568,0.006753573657342252,0.07965921902916269,0.8621375720385981,-0.001926405176369615,109.90172543599148,46.85835863135243,354.9865414494357,0.013683645051255857,0.012332590633679094,0,0.010414735768474903,0.0082175856635425,0.005305731523523103,91.94791364769904,42.55785440434911,15.324466074890859
1334.7606827400994,0.5636902073752137,0.08395243746854661,0.08125222811227238,0.6245855989580441,0.012716220296335082,0.24368104477414212,0.6219513357493517,0.0033132684129514064,0.07985155159999013,0.8776136094779793,-0.0029892476534823663,112.57479055445735,46.67711204308643,359.149362422434,0.013861937404725543,0.015902003543320296,0,0.00044638375597486676,0.009238392473241094,0.0021026066584000917,92.28676720908601,43.67850607051387,14.18020654755772
1335.4066078919657,0.561802307733324,0.08351001254878103,0.08070501026496718,0.6192227218387164,0.01301469779777828,0.2451887365497675,0.612446118560872,0.00298514926268522,0.07980768161977558,0.8752788942742821,-0.0029858893433984146,114.86272487046973,46.83090688656371,338.8756824145684,0.013904068945985058,0.01600180994168374,0,0.004845971690293565,0.008912013463383453,0.000630030261417561,92.39056683011536,42.080832490275796,12.53991551061445
1336.0315841199872,0.5655891414878855,0.0729998990228096,0.0807611197102863,0.5854681754651069,0.012626887259893431,0.2342054428773446,0.6157735033818657,0.00010791254881936298,0.07969628523309909,0.8805284964095373,-0.004076689460964534,107.39487590533295,46.99738747294441,357.1090859294368,0.013579045469622797,0.015793676949329833,0,0.01946904129300444,0.0035272836242670833,0.0075235125572394295,92.75115166834885,42.22537396092716,14.501739785575403
1336.6041880383984,0.5523250899507166,0.073375315437931,0.07969105618789135,0.5822606469955702,0.013479180730610277,0.22836031651544278,0.6462659218811923,0.0003533078780085407,0.07986631953846729,0.9088776161639182,-0.004614695950566795,112.61157391578146,46.53184220089294,356.767511450986,0.019603489110157135,0.016896450558390716,0,0.0012873609982473637,0.0036768335214799924,0.005739548688552865,93.36098499320836,42.190521217179686,15.672796950503647
1337.2082153425763,0.5478061764434692,0.08017106255820008,0.07981813443786902,0.5858665392220235,0.013692059594701177,0.22084013701445235,0.638794570671208,4.5288412115294524e-05,0.07666716817666529,0.92544199419424,-0.005014159597667707,114.71301750459904,47.75097030437887,350.2351464808919,0.012938126159640934,0.014720302155974764,0,0.009131818172340076,-0.002753036812409948,0.006195529324198663,93.18968277749637,43.27050952626158,13.336351422968193
1337.7982766975242,0.5359097496186334,0.08667010052854193,0.07991065571022005,0.5735101485771614,0.013995993176611128,0.22224048617616773,0.6300732517255363,0.0036589337144916864,0.07681469588467853,0.8907844003585252,-0.004992421291750336,117.13502896577582,47.04482315947603,355.94936901409886,0.011989930274809064,0.016381005365936473,0,0.006748590786856969,0.00036731884302711334,0.00263373765182027,99.86404713183589,43.157709819305154,13.717596708573346
1338.3604061540134,0.5489487250269305,0.09006288992417263,0.07969696590271337,0.5428198660250712,0.015358499979633965,0.21988765959428958,0.6270096630621328,-0.00017968351915662953,0.07693744514644947,0.8922958957465449,-0.004675225159331379,108.02793005189008,47.18296479968698,347.6739379728794,0.011789333048790025,0.011163347444812757,0,0.0034920615345539136,0.003153534441513383,0.002128341274776291,99.45843262222198,44.136911779836545,13.800450675894252
1338.7724016562845,0.5456525218303261,0.09007998191963883,0.08025176627530876,0.5723999160219498,0.01538340544467899,0.23029347847684858,0.6423307179954141,0.0002888556729863739,0.07617759721985204,0.8955809067069298,-0.0071596485622880575,105.65482511966995,46.255023221900906,355.74148938250704,0.01364673153217928,0.020777042280195508,0,0.004284687531023413,0.0018315177383751255,0.0048527153366211715,100.24016270007412,41.707208344687615,14.875959346659299
1339.1145674124082,0.5469601142047916,0.09033122662497718,0.07977014877414333,0.533014329321928,0.015186968258735976,0.24593935901277036,0.6482466914191042,7.70224950431189e-06,0.07637275692169412,0.8730991363446428,-0.004514752759191168,67.24730282010108,46.72118818000952,351.15596022064835,0.011155778026102247,0.020575159145353406,0,0.006101067007459688,0.006632843600995344,0.008274256906541436,100.48284769951228,43.51623724048436,14.658262974154185
1339.467207630454,0.5606313704363551,0.07948583340463758,0.07961372058664345,0.5071900233658967,0.015146172593158713,0.27022281084899386,0.632690812569468,8.49921414384455e-05,0.07633278030792806,0.8610942887903626,-0.004089697132668383,60.42273682697219,47.02020435022033,345.1999399663179,0.012346948471950375,0.01894137398433807,0,0.012044138032160244,0.004368967480884603,0.009283679873305405,99.56928104492042,43.7642004663574,12.475778537702764
1339.9280839550286,0.5636851485857733,0.08020930301939744,0.08023982232945152,0.5231233413296146,0.01387099439986453,0.2764297121772146,0.6367905030165913,-0.00011448001029361481,0.0761160402115568,0.7790074279122141,-0.0012738424582948453,59.28867435165873,46.33457621646698,355.8134836616925,0.011487157288053515,0.018699593773614423,0,0.015333619945404598,-0.0008532725930968836,0.007148282227002472,100.47066833490615,43.03064629556789,15.791003234543036
1340.6612962895797,0.5366155967273939,0.0803887154254753,0.0846616502443171,0.4426869761148381,0.015299536418947537,0.28914615181220665,0.6325033719656133,0.0036151143202082735,0.07975977041466596,0.771741582982121,-0.0010639344764347782,66.60538646967429,47.41921483662456,354.1014288400492,0.01353173520993623,0.016147708058125498,0,0.011128338008959172,0.0015684180770228718,0.008735572868769872,100.83924664414637,42.491656773163456,13.944769748987841
1341.2897640049089,0.5125508831806501,0.0797153521067296,0.08589547104084554,0.429663681798687,0.015277009104902409,0.2894716413091262,0.6023699269087005,0.006974834461460698,0.08034496238762474,0.7593228493613939,-0.006439287710093702,81.17174451525915,47.67436020064645,342.9369772061309,0.014110744372338349,0.014171773185303741,0,0.008858447030341818,0.007776958160829198,0.010085836751330889,100.12975100141541,42.38541591000193,21.914144817808126
1341.8972827963937,0.5100027067847414,0.08661718998878556,0.08925479425254948,0.44213274492733673,0.015251976354643813,0.2878225686318289,0.6026938986082218,0.0069592903574919275,0.07995606878039267,0.7678502486702554,-0.005963270780791334,115.69792308959944,47.4272394655452,360.6094473223588,0.01347496900657252,0.012616110915188505,0,0.013949160820774437,0.006929621312991727,0.012919207617225812,99.22265292334878,41.26203669656718,21.1543522758069
1342.5292419990303,0.511838876310606,0.08649344573814442,0.09083162053355077,0.4241755725053105,0.015151383691199493,0.3105338248027303,0.6126063765144314,0.006918619284637438,0.08018766738701187,0.6234498275506901,0.001827560959888306,90.42303720708769,46.7819427036198,354.97886600422044,0.01360280334664043,0.013989531383047942,0,0.008145359259088564,0.0068673867393928825,0.012255649831637232,100.19006376805586,50.00605787160648,21.729085108894335
1343.1367607905152,0.5802109981874245,0.0868153714232883,0.0925045148042428,0.44505705370668774,0.014838021679518476,0.3247475991141173,0.6065882667683182,0.006535412709570719,0.08013243359073491,0.5969492984831212,0.0019210031586465867,89.3529336563054,47.09902202198388,350.52128002703256,0.020731192637809242,0.013734943215941717,0,0.013343177313526026,0.0081104198839534,0.008849508267435847,99.8447459738814,50.14312288717274,20.060866693586622
1343.6744498358526,0.5796311936922232,0.08625528044768263,0.09328107280487917,0.3827038790492082,0.015005611605667891,0.3141953760494351,0.6545744504012054,0.0063945454240493405,0.0766399094455671,0.5732112557662832,0.001799650867476941,98.07154183917882,46.65046899743793,344.5013836326607,0.020878346533440447,0.0165682432254477,0,0.00887890088167771,0.00441073925621977,0.014291252782212705,100.01207445948091,50.56554466913128,23.05085985296584
1344.030581541206,0.5813478847312812,0.07945926916028559,0.10088431694301064,0.38842592983531665,0.013034745547987302,0.30968584401195165,0.6544436455024522,0.0065005731915514856,0.0733872560183305,0.5354914253230404,0.0019311093491140017,97.36381868156948,46.921698177094534,360.3550660687808,0.021474938432483628,0.02255782374401061,0,0.017802504237777454,0.007016188695060682,0.014014902893452242,101.03814326817474,49.315093720349495,21.11508633800708
1344.4914578657804,0.5134260507125283,0.0804075828908967,0.10138421424675333,0.40703338754574503,0.01256774308761337,0.3106127537119787,0.5958467239708519,0.006822502181508526,0.07375781062219666,0.5252971559588304,0.0017759122269714199,95.83663474038633,48.39576328043604,348.511309693737,0.021125623040781083,0.015938251602109807,0,0.012619909867476558,0.01836693028498273,0.013193809083679587,100.14342580815925,50.13585019140878,29.735478660288994
1344.8371151092117,0.5151362254231664,0.0801627241103298,0.10145593401501822,0.4229761676457601,0.01315261500365633,0.31013933696960344,0.6428319231792592,0.007288322552010532,0.07382494115254098,0.5178689368261139,-0.0030418512387448615,108.2935011989811,46.23164835620988,344.09359408987024,0.02099433438842131,0.04848398217326328,0,0.00980709560729998,0.005968498198157502,0.009504643222668452,100.42076176520465,57.28305394688412,28.795800144154438
1348.052774919313,0.5122136077178758,0.07636684563811574,0.10152065196480488,0.3874816131451535,0.014805191331361343,0.2927100606753373,0.647107409748049,0.006679059556724179,0.07426969933164587,0.5255685690719007,-0.0028012594434609016,115.80701148737877,46.897215765757004,346.20247748045716,0.02311378113421796,0.08155658900247102,0,0.012051467070468568,0.016575058750905477,0.013721424590105022,100.06730924568035,65.14857048170435,36.730492515574944
1348.5904639646499,0.5123193685994966,0.07658046342988573,0.10076191096564852,0.3678766884053521,0.015044128480379336,0.2631432544587223,0.7214982635169372,0.006749730024235356,0.07331953518317832,0.5431998179494432,-0.005896034378858057,136.58505135150907,47.19268474983024,349.8508346873981,0.024393580163840467,0.08117451331093085,0,0.413285035463852,0.006740897016786832,0.01368246399649718,100.25618556540415,71.78988806821307,42.91834668576896
1349.2189316799793,0.5140849125170245,0.07660596069221486,0.10064670515014927,0.39468145602686044,0.015340408492431368,0.26383770932996214,0.7290273726746365,0.006437622371022922,0.07317303020003522,0.5355706682065843,-0.0028844009918606644,111.05616513861638,45.67279964724777,358.88772210796714,0.03072819110227325,0.08136779308585702,0,0.4160724403093227,0.013572935779152723,0.018828229048502572,99.24102426836723,71.43002788553225,41.87542633647484
1349.5890293345624,0.5805730768912123,0.08729466852574717,0.09909974891556222,0.3567306016919815,0.015194253051197341,0.3370240814385584,0.7210363966859317,0.006767287295065066,0.07321823532387942,0.5226334933479433,-0.0027355875459065225,105.81534196782609,48.518236182165175,349.50626418478004,0.023532912967296545,0.08200673212642967,0,0.41096974822537735,0.015659518728803674,0.016156973040477,99.58343491335664,72.23205861104859,43.35451598050671
1350.301292745269,0.6021994124536622,0.08981558691407952,0.09369989362623204,0.45231136097204017,0.01508683451917836,0.3393830406606102,0.7244306103271305,0.006686964761529155,0.07309317537287587,0.5240686576499297,0.0017739677264391911,99.16529587317957,47.18364156363451,373.9053530696497,0.022616995389639384,0.08120527625360299,0,0.42835175767518263,0.009714999088971922,0.012052209696494287,99.92992503935666,71.39200386781243,42.57330833507943
1350.9437264098276,0.5977033355046009,0.09030831378077891,0.09274368607377584,0.4280331678299472,0.015109934312405055,0.34330184417238685,0.7289173571256007,0.006634947372888758,0.07281572843062503,0.43269945605136595,-0.0024545967344828143,105.46684771498805,46.35736343944631,374.87619452356836,0.022123274718456418,0.08095853122077384,0,0.42386186651922403,0.014468130260233743,0.012772185036101487,99.81008748441631,78.29112902520833,43.07996591624627
1351.5512452013124,0.6023335878284818,0.08963821354481064,0.09277547065160864,0.4638817837360911,0.015167098072467912,0.3015645923333703,0.6941961024155413,0.006516165362588733,0.07361234694234567,0.4321617697751675,-0.002553462458705114,106.23010580494605,47.21428521300137,363.09137918355884,0.02171631410738936,0.08057738800757394,0,0.42436607770021645,0.011914792483744724,0.013542709341682209,100.50697192121311,78.41353095945439,50.39699541837349
1351.7886663382146,0.6131633756535748,0.08955714345596484,0.09311003224122841,0.43381470486195156,0.014624210624490475,0.3463947079528497,0.6755701496100348,0.006532948082222666,0.07332966506679019,0.38751339938393753,0.00023854700923661628,102.50830274887669,46.40928040479681,357.20995838474977,0.021536560589050676,0.051520650639755375,0,0.4250228923991664,0.28801863686046253,0.015544670930390398,100.50557614671503,77.76025900547238,49.777579331460856
1352.6755041142903,0.6272222826522215,0.08930174925690154,0.09256294009058738,0.5988847957364174,0.014681309131540858,0.30474691853192143,0.6911496006431054,0.010131333617553105,0.07380184932467415,0.18230896632924384,-0.00280232629425613,104.30343919269785,47.41639078838407,349.8497113353957,0.031086344486803492,0.05069550798290623,0,0.4317215007498951,0.29027187927428405,0.030816199266974157,100.87721590002658,78.09774038060362,49.52052234963668
1353.3319037280787,0.6428400036491558,0.09022912178200058,0.09289719188289079,0.6264692537119034,0.014549152907448399,0.32485156507839913,0.6798794397988861,0.009880281734195659,0.07366463665425212,0.11717712500920531,0.00012972609572819982,106.99939190445333,47.758167896603396,368.0015769310611,0.030955580786560806,0.05120937255427599,0,0.4295976074825554,0.29323144542853224,0.039764065715832415,100.0356341982258,85.602324105355,57.666168800284765
1353.8591183114936,0.6416578497979063,0.08978124275894528,0.09266182371862342,0.6413175726228343,0.014356805486392765,0.327184548096896,0.6888788055540516,0.00992899085079402,0.0730548730894212,0.11854550088753546,7.639640717832397e-05,95.7794057874824,45.89035212159063,364.9866617220461,0.03079004530640428,0.02419229229064967,0,0.4297247105460685,0.2865539767587273,0.03856646717682715,100.2103418657926,92.3646001669188,63.777088405090716
1354.5329753618191,0.7330023585371207,0.08994259228436965,0.09168754752502557,0.6353860707429746,0.014309539894150555,0.322425391213516,0.6939543757271099,0.010000141437344795,0.07365691435307073,0.10509421785727305,5.438442903630678e-05,74.51998575083928,47.36689771842115,365.7854187037955,0.03039882463674621,0.02420004982972393,0,0.42361929572721035,0.2972654494741023,0.041533247611628334,99.32738759119076,94.20862428820462,70.3252162339588
1355.667708736719,0.7345527962016243,0.08986794357717534,0.0924598927560671,0.6099501635900483,0.01457787169395797,0.3241366934809409,0.6870003466910544,0.009790045363790339,0.07363886553454922,0.1281659232689737,2.191090795164102e-05,78.97984313174369,45.01754547735687,360.64101774967327,0.030640277402121007,0.0232747074610825,0,0.42960464864299897,0.2982627532705757,0.03559488156547333,100.67307126056738,92.56234117965514,71.73161944499017
1358.0244626692038,0.7329909117793325,0.09020622057889065,0.09262715683541023,0.6476924170274021,0.014276624535479026,0.32506729781423344,0.6840479325768664,0.010091629905209216,0.07255223707788526,0.09872705991607472,8.413719391958671e-05,75.75709126629184,47.58512084147951,366.4353271650575,0.027390962009841157,0.02618344639038913,0,0.4353186355584715,0.29711108602892716,0.03975749275926455,100.00021617856125,93.42027296064111,78.66466795535078
1359.7771892975109,0.6436377937746778,0.09026525914673404,0.09273813400030734,0.6661960078501008,0.014554277068866172,0.32469818724686067,0.701398786788199,0.009822963481704342,0.07370230324378432,0.10910991574970284,0.00014192190032368953,94.40572999151834,47.185078655255666,359.0913411388601,0.027731748646091632,0.024078617213517933,0,0.4265959766770047,0.2932929917191385,0.04352764339368681,99.99559311989333,93.6075967892101,77.75682002247859
1360.576739890902,0.6419482573430983,0.0840550042680249,0.09277548959818589,0.6588143407204687,0.014789860534674423,0.3318131570656497,0.7430529897170947,0.009748956055671285,0.07356489068949519,0.13649406874784303,7.45730108990139e-05,63.02855512942773,45.901329212266546,364.35937687356557,0.02784429873955914,0.02274714758760435,0,0.42803791663653123,0.29257518111947256,0.04227667769927268,100.09427250596656,93.35675417635699,79.36799591587322
1361.3448670985267,0.6432144541874709,0.07652113527166442,0.08778755075534271,0.6940104291590427,0.01463478596312143,0.3247277689753361,0.7408046652089808,0.010087287801571494,0.07360305942642272,0.15912063261159365,9.731357986498861e-05,-10.785862015077505,46.14899281327524,375.93963662385255,0.02775364825562434,0.023330331647741523,0,0.25785373073375956,0.2949140172820616,0.04286220230732831,99.53426939247902,93.14897010341467,78.26730213051509
1361.9628603519336,0.6007613672163965,0.0766460471978075,0.08783980357368222,0.6739154989594872,0.017646490728341794,0.32732018667256846,0.7948525142480162,0.009765379695563986,0.07024723916197113,0.2208754024145273,-0.00012368622545608514,-86.02793460459074,47.63154913738842,358.51419667379093,0.02785630046043091,0.024789526944066075,0,0.25044761771000196,0.2990344961788486,0.046447111068806814,99.97952561510259,85.2987990010985,78.84260067606392
1362.5354642703446,0.5886516724489202,0.07647058870275573,0.08862675621885782,0.7147378948378676,0.01825067305917917,0.30589585801423247,0.7967152193206135,0.013235104196306297,0.07007910177470528,0.26454941083337324,-0.003744838731945447,-92.47946980965072,47.379017042491135,365.1426240227173,0.02785947414546865,0.02578047966438735,0,0.2522920013187295,0.29739234130849984,0.03913111280699611,99.69502507591613,86.10140060286503,78.88923809705376
1363.1429830618297,0.580578923482764,0.07681750423527106,0.08748214807215884,0.7282159599353174,0.01813979209293094,0.32230046209708163,0.7995885526175113,0.009738411044077957,0.06981695518561915,0.427823943841704,-0.00036315181563001083,-93.78755086937882,46.01013661957836,355.0721225369951,0.020237086918405388,0.025567796339843095,0,0.2486131997880691,0.28694947587752034,0.04576405835078304,99.54534398492245,78.51726664359043,71.49352367629172
1363.698129543704,0.5804655006949354,0.07911841311092314,0.08691638605503725,0.6930742051003457,0.018194581327642442,0.3323265178083878,0.7968571192374166,0.01359743760591627,0.06974748465857085,0.440197143103387,-0.004169528890760463,-111.22545890545715,47.265255340855404,374.2824677497305,0.01929206279374735,0.026503912989100806,0,0.24802834015847836,0.291695056350672,0.045629795842134675,99.56855627624499,71.82282047045624,71.66580801150504
1364.326597259033,0.5806078092291338,0.08021873476922746,0.08669167944299515,0.723971051109576,0.018256827797599132,0.3099309343125299,0.7972327293647321,0.013204121311524146,0.06980446740172999,0.43663708116825634,-0.0043316705814986835,-92.52907176301828,46.873136831210616,375.85007093716376,0.028098844373514172,0.017773070036224352,0,0.24518155936952685,0.29455406582788884,0.04596111765297968,99.45786081935599,71.51956103052471,71.85583802592487
1364.934116050518,0.5810870868179625,0.07996611952724726,0.086450882997392,0.7451643241504402,0.01819278414471435,0.356964918939491,0.8116905164144252,0.013431285604941915,0.07000006902771981,0.5167149899571724,-0.00393839907320297,-25.54020956411928,46.53370293862499,376.69144788805784,0.027720841276574513,0.017746480893464468,0,0.24127343502589466,0.020456481180986773,0.03202756089984701,100.65297841499627,70.6361818956307,64.22614841095509
1365.5241774054662,0.5792282670473076,0.07687577865636819,0.08768658999025854,0.7132939862748043,0.019083190176210553,0.35968480569585237,0.7985887846078072,0.013001280207675863,0.07003899058949052,0.5013156330177638,-0.004517958325831325,-29.53107392864439,48.519041198543064,378.4608883625218,0.027799900791479686,0.01825915355653554,0,0.23975415938166783,0.02052824405023028,0.03808494567607016,99.87722085121588,64.89653255044915,57.541421277675305
1366.0688494254182,0.5802858333269849,0.07624975941942914,0.08724081227168824,0.7505331923855108,0.019078721348000465,0.30801500748808425,0.7549209347332814,0.013040103226984187,0.0696525194533665,0.4892108937767936,-0.004107130153670874,-79.9207617400165,47.0737679674368,377.32295319390136,0.01912797897495116,0.007084903841035545,0,0.23590083109840929,0.021816643022885367,0.03399523315385869,99.68940807432921,57.13837212061724,49.04037345012416
1366.6833511915177,0.5618933433046185,0.07670733407787755,0.08697093137510892,0.7637151119336223,0.019417594222661892,0.2983086828896592,0.7613179094548699,0.013376071917068579,0.07658269028340431,0.5059979876165809,-0.007958521285210334,-78.82158467721483,47.88307261750688,376.9518701198311,0.045912887271837,,0,0.2257555444012181,0.015097074242497913,0.03589444572162139,99.98683446094148,49.674788042772576,42.119453994941395
1367.2908699830025,0.5642584891454134,0.07638160989618825,0.09324424684095237,0.668047291222167,0.01926157258832121,0.29924271549980647,0.759071113629436,0.0132786011267885,0.07682191858867406,0.44411860577642337,-0.007768072559671129,-77.83290040251337,47.02071539562505,369.9256394485338,0.04591455976726355,,0,0.23442420371056294,0.012788513941195396,0.03710853905545978,99.45979564430954,50.73049800419124,34.99412213528313
1368.0275738048608,0.563940932101204,0.07962915907417811,0.09466772633890307,0.6804732710080593,0.019469407638439695,0.30145907789956206,0.7666504403131778,0.012693261651443358,0.07678575084916647,0.35513516325568045,-0.007983333322242183,-77.68382747503418,48.19540628599523,386.3726497287519,0.026019949803288377,,0,0.22851399063788724,0.011316448061930858,0.03036901743330781,92.3925130573898,50.717650912741576,35.13156994369034
1368.4605182309765,0.54005346347153,0.07984054201190155,0.09866061652639341,0.6524149202258424,0.020108742453014392,0.31084451822146697,0.7637349486749883,0.01319574006409016,0.08038184253047578,0.35325172015402784,-0.004193000551221045,-32.35379031432797,45.486688239127936,362.7054021086889,0.024279597223458495,,0,0.229513377699858,0.3553083750893763,0.3217775554438135,93.33107216604382,48.83000374776027,36.304075738163746
1369.001698763621,0.5206369892972517,0.08718031189457925,0.09885326236311237,0.656808884068077,0.020146330924760533,0.30798614113894124,0.7313996160659451,0.013228970408044419,0.07690030842309017,0.1508228892722715,-0.0022252771277935586,20.47680923286061,47.07785618457977,366.5605133526958,0.024088195527119143,,0,0.08171577014651697,0.35003370452665716,0.32019498142845115,92.2589507254811,50.09374663649942,34.38163989990202
1369.382270880126,0.5398681586384938,0.09982603278297737,0.10295382218314231,0.6615304729988146,0.020933504618138775,0.29499068447558385,0.7314329379395851,0.020142515732387272,0.07615685714623707,0.125736118463771,-0.004414333001782493,19.269193918152684,44.7525310985223,367.5993927496051,0.02619922411730981,,0,0.03770453519090357,0.35888485734057923,0.32408159749673465,93.30770626811254,50.46105519828167,35.03260243366691
1369.8501301793156,0.5150951820298735,0.08678825751367578,0.10586293835309082,0.6578228891662311,0.019852211599724497,0.28966752574673005,0.7314126099335189,0.020199810613693775,0.07625356176036621,0.12354153781630539,-0.004107495940157418,107.8801026636736,46.910635142904056,376.4728062028879,0.046100204451037845,,0,0.0392220632005755,0.3516931780707312,0.3364650032548751,92.3908761883272,50.79539548225209,35.734841999438345
1371.2187932038105,0.516432877000532,0.08683676689000362,0.10521487652431838,0.6855729946920786,0.01990519376913886,0.2932904938225033,0.7257087382197263,0.013420014242835857,0.07671571052669597,0.09544912362507194,-0.002116358542094021,105.68319368701337,47.094549742516605,365.05939188468295,0.02614826100349921,,0,0.04647961163928701,0.35652723439868167,0.3364636113040191,92.82419373800201,49.243501410019746,37.12627725032287
1371.7844141476069,0.5163666343353541,0.08657766835904647,0.10660184821946794,0.7762037475238868,0.019105374470519566,0.2942892509975317,0.7167213167127335,0.009918783643822983,0.07648333284036501,0.10039211126446869,-0.002095028681553251,107.8442490593504,47.47708609188462,379.94264119337527,0.02432898432638051,,0,0.039119853247993726,0.35811639205881646,0.3381581598173687,91.79994970211317,58.49919417851133,35.42511420813047
1372.3151202183294,0.5395166097380353,0.086871096100157,0.10567238878632805,0.7839241525803504,0.0170162596357886,0.299122883859113,0.7150738468936153,0.01354904112595508,0.07659926653953286,0.08865819764546864,-0.00240662225646792,109.9025355259379,46.685642816761806,373.60659173296295,0.01871701183464228,,0,0.04081383300045425,0.3587272336764555,0.33707874787912645,92.66529404716563,63.84003371913838,42.337287125104936
1374.1237106435547,0.5598025546635208,0.08639880941006584,0.10571008315548808,0.7817855836649481,0.016997163907307863,0.31475558677536736,0.7207887334793013,0.013269706023808005,0.07576878289306041,0.11629510685690757,-0.0023451719283119244,106.87793847062285,46.9968294504856,382.9498853243065,0.019960172929513995,0.026464655557899047,0,0.05121284045295634,0.37417746051299616,0.34081791572602865,92.97048402546763,63.473784846431094,43.447678195085075
1374.6544167142772,0.5632946920885825,0.08692474795438443,0.10571294667206926,0.8182719689442267,0.016295940000308436,0.31249751280802296,0.7044420896194823,0.009918427242932001,0.07345382153173867,0.10345493774389497,-0.0021090198833621085,95.66073242711596,47.46632306901542,386.4911180116851,0.018588254609623215,0.018289849542811633,0,0.12106371614054248,0.3862632260471206,0.3374155213170075,93.34297577761559,65.06118576230338,50.29822881725746
1375.9462670180092,0.5651703968817391,0.08581440538079348,0.10525507881747888,0.8040443884171248,0.015091088444980512,0.3120270683123897,0.6747184346527756,0.0033440802423611296,0.07321606923030059,0.13060731169986037,-0.0015936210444758403,95.39776703548957,46.4495818795411,378.3110767676422,0.019882575832780563,0.018519022028936606,0,0.12248542437029901,0.3831741381434816,0.33609321197876674,93.10105012360253,72.50558903533384,57.91613585259376
1376.5363283729575,0.5613222350288046,0.08668472632423946,0.10476349692557264,0.8047815047399369,0.014865675993911222,0.3157427190025839,0.680653675939446,0.0031157260840783962,0.07338630343347866,0.12644911426292357,-0.00041587113815929667,97.07391445455474,45.83168917431679,387.17611540301164,0.01855167406205657,0.018566645543631653,0,0.14597436926917,0.3936587070265896,0.33867876652576245,91.86855131190882,71.04092258661325,57.724240723877635
1377.129881215213,0.563606836962827,0.08705736895818006,0.09468385591659477,0.8398989814978463,0.014530580122512677,0.3143124650280618,0.6780447532722408,0.0002700379917564121,0.07314825012822679,0.2306893461917945,0.0005249751028031761,89.16987053508679,47.72855073696477,359.11267955294403,0.014155850119813147,0.0174630740633314,0,0.143710702919674,0.3805971772309348,0.3386162245181283,92.98580723811497,71.62731890157293,58.0939247745686
1377.7164510828534,0.5641829724103096,0.0868146273004342,0.09436613553012732,0.804773798360793,0.014568302055421688,0.31394154440722205,0.6823393107478548,0.00030749607168077865,0.07398406531929687,0.21641639466251514,-0.0015241473817619725,99.36262228261316,46.03330617817176,391.7186202354076,0.01395858952756812,0.01852913869912392,0,0.14041594651109307,0.3859760918107963,0.3376017081923746,86.07781846543567,72.3653728800749,57.01545159510392
1378.310003925109,0.5607888921463857,0.08710054957401514,0.09142853705154547,0.7649064157201267,0.014592007489749679,0.3161204522856952,0.6786310532118467,0.00015470196455343626,0.0731117549845463,0.24451105870051057,0.0005480339674044378,88.80308516764326,47.39313695238939,391.84490731713436,0.013219507134863785,0.018734239535943772,0,0.14883719394509853,0.38419910634002613,0.34266860017697404,85.85095771840443,71.18680627966114,57.16395294169417
1378.9000652800569,0.5600293810897771,0.08661728092852108,0.08789460020570312,0.5676178787490994,0.014631157980382142,0.3171946813875242,0.6842547952100941,-0.00027895569728199766,0.07362496423621047,0.38018121320684645,0.0006637751898267267,-66.55424561846776,47.07272253693335,386.33135361457596,0.013837915085576689,0.018971942118651042,0,0.14660835167996114,0.38428002976957953,0.3402686571711779,79.12675094826072,70.66785614485373,56.963044717079036
1379.4831436603904,0.5602783635976003,0.08710009714113605,0.08627561601051016,0.5585886798855234,0.014557483634933126,0.3247213652584485,0.6836845620383822,0.00010717860776469645,0.08374048603486438,0.4612357445626777,0.0006263468966788759,-68.5945597521832,46.97534236945337,378.7937874129172,0.014665466350443173,0.018367144848933932,0,0.1377230766408953,0.013902292220786941,0.016834336285740655,70.79924154150007,64.77057816994638,57.715886394758776
1380.0313071676494,0.5603807738690858,0.08652948913189383,0.08534008879350749,0.5494400167507771,0.014556438341200682,0.31608807082907625,0.686236347918096,0.00010546430765513819,0.08658625847512035,0.5664519185755437,0.0016567544596151136,-69.17596645897325,47.627140712132146,397.7621561698975,0.019981830264485193,0.01785868833340475,0,0.1512852143859113,0.014539736662547932,0.020101987021432236,64.10850647087048,56.13614593526801,50.72692300949156
1380.415370771462,0.5576223753104443,0.08050926809120439,0.08453406992862603,0.5510478656078359,0.014428362806589422,0.3186393239098909,0.6787256393188027,0.00015355698159580256,0.08687288624215082,0.5649902801789933,0.0015953516304203534,-69.43911153227255,47.60133723649093,386.62559651999976,0.020923556216213526,0.018235733230833027,0,0.14535950001259762,0.017530662564005456,0.019873250612526754,64.20798731682352,50.443896878967394,50.185497111649504
1380.7575365275854,0.5533675279428574,0.07995492511954824,0.08420568602954903,0.5113547994715995,0.014407659863129946,0.31740160746000695,0.6760894648363672,-6.636134917870666e-05,0.08301876077851898,0.5703494234804091,0.0015992939006370206,-70.2923943704178,48.583706051515726,386.8677839227496,0.027940339143415874,0.009638503945065966,0,0.1465834854279794,0.017578587980271825,0.014002877097782194,64.74014078276285,50.43474733013458,42.6658791425526
1381.117159720246,0.5558701546119262,0.081006895949294,0.08372569454455829,0.5192473915698164,0.012896815369222504,0.34526293478538855,0.685773595747976,0.003367385956840671,0.08295821298399805,0.583486231590697,0.0027489714885502946,-65.7956736463981,46.674303408721435,374.8386890800216,0.04583252787817728,,0,0.13786044770504155,0.01229711683982609,0.016258352531061643,64.20106811331546,42.804128225762085,41.432049645662744
1382.2134867347647,0.5570735044443259,0.07684118485612673,0.08291339487251022,0.5205701450285165,0.0117218155746142,0.348970845656526,0.6818297515897878,0.0028205733938845537,0.08407012461691461,0.5831396701505979,0.0028990042709451185,-36.00109804819556,46.57944158751478,395.6732847120761,0.04597092642257517,,0,0.14392520755021362,0.01689477550627099,0.012346601022292378,64.6849554537774,43.704193375898264,42.06076141706553
1383.2783903635172,0.5259372158153826,0.08007950956586274,0.08233088239893172,0.49152958090071797,0.012974037316300095,0.35171062934120856,0.7020930970519219,0.006535207258640089,0.08685559873714008,0.6380618835913351,0.002855934893875939,10.153186128632347,45.820669502109745,377.2968798845394,0.04568879850632635,,0,0.13352497848322709,0.012214092332867217,0.015701502088065505,63.709275659535116,43.871440946917176,42.19919104333537
1383.672928429252,0.49064808536378357,0.07992198898334218,0.0806666159628489,0.5156892699273803,0.013019276291581295,0.3512324301256231,0.7043452587089586,0.006408430865341657,0.09012159402924848,0.6458787312461597,0.002706032553071449,10.085855776645742,47.754385047881485,396.2803055259711,0.0457506687805723,0.005255509396675851,0,0.1451294240916212,0.011420277980049109,0.012685433426195424,64.43347393869813,42.04283902150794,42.60859049566976
1384.3851918399582,0.4901255744134116,0.08659006188805876,0.07904690125608867,0.4317851740447198,0.014691638871870897,0.36890573516280845,0.7469083241826076,0.0035635485977656613,0.08965316674599372,0.6998548403537741,0.004384535204118398,7.042545450494826,48.950163082883904,385.7123968955227,0.027846327972080347,0.005543564263542625,0,0.13719829099139846,0.016224212163926895,0.008413065034552364,63.86893220652081,43.244023949356276,42.041637554730464
1385.6037209102353,0.4888800062782065,0.07974038573983576,0.08089632603602667,0.4703720048748068,0.013062127743490679,0.3498591066600915,0.7485345492676871,0.006852655540040419,0.08708093964149687,0.6887096637573883,0.004356744672909992,11.294128473439578,46.317639252361055,389.28924154224256,0.02763011906469218,0.005998510105930917,0,0.1441506576633326,0.011792249862880636,0.009583171991833766,64.78942017247938,43.2381707927655,42.71361000985435
1388.8682615426403,0.5500514092804916,0.08647455075269496,0.07944173469062289,0.4740107014513263,0.014508658060740016,0.35192536806031866,0.7309972013881662,0.006824491185366263,0.07972389358538685,0.6674564485404806,0.004367018387022879,43.84586241846314,46.32285435157807,393.69414963851546,0.01798666447594009,0.00620603692036613,0,0.13650820059104438,0.01616630423703337,0.007620621629347843,65.16765249751725,43.982831422572254,42.59362285959738
1389.1336145780015,0.5487708559747294,0.07975371935254438,0.0785978617839172,0.4842196711280506,0.01399100504231192,0.34972938726971686,0.7117010637961106,0.0035223914249295995,0.07947716836105607,0.5945892186656273,0.0030257804499999874,46.833299582561544,44.78413860974917,413.45767317141315,0.01606368063679152,0.006029211992798847,0,0.4468244982309355,0.01138574257430561,0.009697114358977832,71.84145680330077,43.91225660694114,42.77673098000162
1389.646863212187,0.5088846929601064,0.07645384598272761,0.07668419519746311,0.4554391364269081,0.013736085360338112,0.3753256332175494,0.7294081529260035,0.00364314583244505,0.08015195045571932,0.5550074091082265,0.0010527874758823623,73.18013713451248,47.031401692390375,404.9929098368835,0.015635927569820216,0.00543226043088786,0,0.4586409860458079,0.023293138559997345,0.008749384286080289,78.49362500754575,48.664118750517005,49.38902110351676
1390.0483842525362,0.549889752101912,0.08695752554802376,0.07753727096176721,0.4393533267583698,0.014845169642578699,0.3759555108814572,0.7261921502974917,0.0033639667121951764,0.08033712640219466,0.6071932175599049,0.0008663780545899945,73.06979398485377,47.64641817626376,397.74385796738966,0.015670941821297024,0.020625436481887905,0,0.46792540223352896,0.015381473056570645,0.009799104270594841,86.03466653360333,58.42367918387238,57.06252047887209
1390.3032628259753,0.550638912718986,0.0796833054688377,0.07749708799776814,0.4401212649959539,0.013752769736939847,0.3767351452573202,0.7119440945643218,0.0032475438209377152,0.08048441834399139,0.5800653307640672,0.001314135663864547,48.61486798838205,48.04653466891994,373.4728227271396,0.014574953051181965,0.02076710302481807,0,0.48047979222809156,0.015600801910384198,0.015824546515507406,92.56473590188402,65.60670815303043,65.04666711527823
1390.879358231694,0.5493796626434615,0.08029362657435471,0.07618448082292761,0.4904176021866526,0.013619281714233381,0.37485958270848996,0.7130837600751747,0.0028769481042279954,0.0803998099730706,0.5941182281220971,0.000846682571312354,74.4421465909857,49.67483682647313,393.07543120726325,0.013473269187956232,0.024035800312075407,0,0.47636908321081234,0.020977748921079696,0.017172498498875644,100.12288251293063,70.74642158012784,71.50264685704889
1392.0594809415895,0.5096770978973458,0.08010337627606488,0.07652675145097229,0.5312053451127412,0.01379318689064328,0.35339136456029363,0.7135267756692864,0.0030846108219276386,0.07992648281572129,0.56630139813046,0.0009398724028983514,89.87277142138848,48.43257848538985,389.79102654088103,0.01372116442366122,0.024090978610172335,0,0.47533519506397937,0.020479955863519323,0.009090539038944728,100.08490899116423,78.09608655043624,78.76505809713233
1392.5936784996195,0.5480119101164352,0.0807421869803447,0.07741625550924464,0.6075547021891075,0.013716486330989337,0.35358660453073654,0.7198693899993138,0.003644752129526149,0.07967131638971243,0.5674089414068023,0.0009113966215039202,94.25222523320305,48.16436653081016,396.8732465820646,0.014005602839366287,0.024058550573081407,0,0.47442774018469674,0.01792791416726722,0.01622090153871244,100.02906163070153,78.93426765574526,79.21529406750379
1393.2291291895635,0.5499490858763262,0.08026051735551933,0.07794708719037423,0.6463098451283354,0.013354840797168697,0.34615768880449604,0.6748529630006813,0.0065129553379092864,0.079875453213151,0.531453424771669,0.0010813788205859443,96.0414365313835,49.04217989947046,391.75788399442666,0.014490653766014322,0.02964292928360197,0,0.4741348737355645,0.016026138171001236,0.015823147197485524,100.86031870902302,85.48883872226274,78.89449429232961
1393.8261735191265,0.5635409831352128,0.079798736292575,0.08045846391565369,0.7391518782337458,0.012928081719740123,0.33561694441626255,0.6743133202631733,0.006519941116087914,0.08057872589522595,0.5304059380208818,0.0011894458248766498,92.77907099909073,48.03622020250688,391.1065875570838,0.013525043880284696,0.029558167552763026,0,0.4792924610975055,0.01859651321029635,0.01607313394204034,100.0104286882337,85.40716227007837,78.3769525326102
1394.4336923106114,0.5651712686910735,0.07999870884018831,0.08077560147115558,0.7361758799466688,0.012661373714394792,0.3391660703517738,0.6682759592363744,0.006348456910278663,0.08012086774633903,0.5537589188681916,0.0011428357893791526,89.81572528321769,48.41144731229021,394.18935107044547,0.015681229763531552,0.02958546235143358,0,0.4669278611586452,0.015917387259456364,0.014171169188970592,99.90070196831134,85.66526330891018,77.87627559896175
1394.8771111986493,0.5653526885849588,0.0769964495053589,0.08335060944930212,0.7717345828072242,0.012219300138886625,0.3341707764875929,0.6652904228012804,0.006772779151272467,0.07692709929969928,0.5282362085595934,0.000657522132555551,66.4936768188413,48.969652331026374,391.14096338889505,0.015431983171487692,0.02392085022444296,0,0.47201184957944076,0.009660432655267802,0.015244852795002938,100.04498984364892,87.2453325904293,79.40484885087027
1395.5789001474334,0.5633311431349289,0.08033814287752146,0.08251339526689251,0.7339377015134623,0.012323700833994035,0.33331526349914514,0.6601991611338033,0.006671278397258808,0.07989051656763145,0.5410873417616846,0.0009194449783984157,87.22266414704158,48.62787486357791,397.4966241897007,0.016160396842860178,0.024568231471628784,0,0.4633640453210937,0.009433875905077651,0.015075498201421058,99.5108293185966,86.92477064649023,78.76119134252367
1396.1515040658448,0.5628730803262934,0.07998427466877463,0.08264399268271762,0.7593552227059638,0.012744949058401709,0.32858044922003593,0.6628839058086544,0.007250039907693606,0.07742534259403372,0.5339355158312507,0.0009374520610096707,89.12289483196793,48.152027290374015,400.2705953625307,0.015314405511873717,0.02272948645438641,0,0.467059595310935,0.009557189846235166,0.02149659845251535,100.50191245881857,85.98700012762828,78.37784386443892
1396.7415654207928,0.5608362784350372,0.08041921184415088,0.08336109189947802,0.7316217994243617,0.012199673832359668,0.3197629259409122,0.6660720583572337,0.006381305952161604,0.07681763100391024,0.5523824513880095,0.0016416800232790124,93.63679855029035,48.292395289501584,403.3098003427546,0.01540965294000193,0.023216547273730848,0,0.46122351660754973,0.01083754748801887,0.01358331403120901,99.66333859896055,85.82687508408593,77.0093402270858
1397.3281352884333,0.5594109291328512,0.08014621709257548,0.0837019326985513,0.7064605711822093,0.01236630609551485,0.3113363365590858,0.6470442210746962,0.010052322463489307,0.06975136148019047,0.6613931354013819,0.00083672694291846,95.93901111473322,49.387154996452466,410.9868790904464,0.015359720363069287,0.023442577088520506,0,0.4554912595825207,0.007812556470375015,0.017140811400267793,99.57366108402333,77.84699500536773,71.54141088625649
1397.8728073083853,0.5598832123111439,0.08303117134009695,0.08363268057916508,0.7215055407324411,0.012883417965822723,0.3130089211276767,0.6445687082171191,0.006541046655290889,0.06939027048971606,0.6647686575546552,0.0016362183573321492,91.99933545093417,48.81538772771166,400.92732355866076,0.015818517054644352,0.018605852394407082,0,0.0366225308276364,0.011688784408657615,0.013202273057943114,92.98761137897645,71.95984414511949,64.69787513329284
1398.5257154348665,0.5575499479264988,0.08363658810648841,0.08368892624091091,0.5793234989789,0.01288762517687032,0.30928793721322,0.6231469309041454,0.007072827939962116,0.0702825004333739,0.6749099487739193,0.0018481822007469148,90.67686028565501,47.65419015952576,405.6261083653623,0.01574357579621507,0.020169050078076428,0,0.030603232823000134,0.007964159942793253,0.013402804197620027,93.56090309965332,64.72186714190542,56.96684053624537
1399.0983193532775,0.5593458720257833,0.08344438887258797,0.08328248994299527,0.5605940320044186,0.012904754921951065,0.31156852314865613,0.612246968932757,0.00677621937178425,0.07005216914091489,0.7709763514696459,0.0011783269816324573,92.26812424010669,47.49103107297764,401.38160971069414,0.01538302674436403,0.019061923057188707,0,0.03930564254920942,0.004418835916087794,0.014721669000121448,92.33764799596489,64.93045872191145,57.84271391287774
1399.712821119377,0.5600931584080767,0.07054157063440143,0.0834351090205761,0.512282028714588,0.012971924604257796,0.31110077105295175,0.6497653680234525,0.006540551025760323,0.0699705069020479,0.8116971631949883,0.0011852368077043597,94.17301050136346,48.940517950251994,409.1539013973326,0.015422335523342054,0.02078715412304931,0,0.024277344651466852,0.008554581256643407,-0.0005623455672775384,93.02111736150864,63.68865022455136,49.885109750640765
1400.2993909870177,0.5605503735537998,0.08283201617694114,0.08284258376245378,0.4712190865818448,0.012811576444883404,0.29799562866818174,0.6193977607338299,0.00990420040699129,0.07046494009245056,0.8101194997552535,0.0006402191935647791,95.31966994577415,48.839245859626665,400.1098321903364,0.015195774045052284,0.01941719164255096,0,0.020172622650264628,0.004557989106099117,0.002884344922823044,93.11638992701447,64.91055581811784,50.6036344208326
1400.8266055704328,0.5625094844679153,0.0833599338335333,0.08288816632098431,0.4538972745707253,0.012585434847196295,0.30958743482458584,0.6427496958268507,0.010022887404033863,0.06979588156698828,0.8153848794675176,0.0007764344572660958,88.06780015151439,48.21694969303219,403.7452853913474,0.01012133098242933,0.016855681731500174,0,0.02008766102828296,0.0025640108377938168,0.006300580840564276,92.72715292214805,57.8336095660482,41.71703612253014
1401.1757543011713,0.5589665270821513,0.08381800914148387,0.08109858475341188,0.4450211058020054,0.012771854247533096,0.30857882625512223,0.6642079884794377,0.003381357276899795,0.07953517265000032,0.8099834015257555,0.000536764933573334,93.89549081737336,47.24994549274007,404.4558590194636,0.01034604091812628,0.013825836395960982,0,0.005126933006160291,0.011983729122174517,0.002993114576547052,93.16152541451386,56.95910094957956,43.584802235202694
1401.9054751484148,0.5601315008466421,0.083677842088612,0.08099485546008728,0.4521289311010933,0.012937630799536885,0.2987854563641552,0.6405762780726673,0.003118296384128784,0.08009860844071484,0.8257715639162339,0.0004072607015919229,93.15794490620159,48.0868564981834,391.1690002464003,0.010584752899179806,0.011945580180571869,0,0.00657929140384455,0.011681932248959432,0.0074443544385329255,92.32813761936235,58.58170933567244,43.24400874610322
1402.4920450160553,0.5590555770038497,0.08400728826428272,0.07985071861113376,0.4484878154524953,0.01278729947408965,0.3023671666023444,0.6489978648522018,0.00315483533780893,0.07946626452574597,0.8136144524005325,0.0005950923013207718,92.49457176606693,48.2900409070916,395.64600184987665,0.009454652485273822,0.009198214568087327,0,0.004045512495808227,0.0066369346968338065,0.005537397826837081,93.53809564364235,49.298928579832456,35.19994560408911
1403.106546782155,0.5612627808759875,0.0840417078133397,0.0788356941646713,0.45929042724608454,0.012905423410014662,0.3102660575199533,0.6417001122883974,0.00313723411655202,0.08298370175965916,0.812178166145002,0.0006699739761007359,88.0490035870248,46.99576915618804,397.9962004354636,0.008849118517775556,0.008390059555560735,0,0.0007459742012247469,0.009649471339263051,0.0035847689769636327,93.07894422434572,50.530497879524816,36.03910106156213
1403.6721677259513,0.542500047622347,0.0832188435884226,0.07874497242918306,0.4289629168465435,0.012507071202509469,0.29417359463362475,0.624377375459493,0.002965064153311653,0.08348753888733489,0.7628307515629595,0.0005589947497864268,91.23984276804683,48.80968839334196,396.3623004934234,0.005545089328396771,0.007605474071078178,0,0.005436233438631271,0.005751386020595834,0.004717177388907029,92.23778451424982,49.84864098713665,36.272534677864805
1404.206365283981,0.5432650855195443,0.08334126165984707,0.07840676013978069,0.38865907529951144,0.012547687564469215,0.3168819785467719,0.648641216059939,0.003599666827581126,0.08359421469677691,0.7809048245657311,0.0002496161135133498,94.21745144771948,49.36967195275266,387.825961534928,0.005617782268003633,0.007946999078327265,0,0.007065741265042087,0.0125702013992222,0.0010649639717188178,92.18250928123621,48.91454305095757,36.51856258181214
1404.873239359692,0.5601497122367315,0.08338917467979687,0.07838181990329347,0.4651944539548334,0.012613795441646612,0.318242237330529,0.6476147434502125,0.003392778360983924,0.08334901187712762,0.7598768284427126,0.00026303379384700655,97.54771290858815,48.07357809329999,388.8879563601432,0.005301795214712822,0.008040400714638804,0,0.0019980476629402133,0.0087039514481312,0.006673225494863145,93.05396700123471,51.62947257813663,34.93750251708451
1405.4423517907953,0.557681454132151,0.08378082422062219,0.07856056125645601,0.45716864099477483,0.012657045898791196,0.31765975474403463,0.6402896992063657,0.0033712407627933907,0.08353373510277713,0.7659047684758388,0.00038372707896858964,90.50499433906127,49.21354701179651,390.4925263651535,0.0057690646269961095,0.005996405970894624,0,-0.0007426397036614605,0.014527712227790082,0.0030008819389284115,93.4508907370304,49.74948900621307,35.66763926339449
1406.0603450442024,0.5612654316734585,0.08325293832195713,0.07840072921529836,0.4596057610467688,0.012431248265866567,0.3140738209690885,0.6471140564693405,-0.00027790066237151097,0.08368545469982912,0.7814023004223067,0.0005616154330457994,91.6107914475729,50.1579393828067,391.9518103862875,0.006180218114050914,0.0085452343020809,0,0.00019701399173345947,0.01040248760055569,0.006210970337542908,92.75572140023169,51.65254020507422,35.03843291744445
1406.6259659879988,0.5516611151995271,0.08319446385533269,0.07785641472510409,0.4075769078755586,0.012691489251220349,0.3190698403701831,0.646388273316979,-0.00023784025554168288,0.08374187951558922,0.7870289315542739,0.0005113534493862649,90.44574423671345,48.44619174934649,409.41888540935,0.008525195035747819,0.008208867971904545,0,0.004474192351203387,0.013315553944003532,0.008000685317158644,92.70151445400171,47.880329064554076,28.227662938120034
1407.1880954444878,0.5619500021496177,0.08299353074610334,0.07815503805098802,0.31688964342893117,0.012395643024320096,0.3140658400009151,0.6427380037820678,7.756372309440175e-05,0.08320168050910617,0.7809434916112018,0.00030504440822409393,93.9165875330645,49.317973315562426,414.04053499773073,0.007026987854762869,0.012248241817223962,0,0.008820760300423967,0.010977711303995623,0.004744407774767779,92.76599451817526,49.983235433233986,28.31732305793823
1407.8025972105875,0.5643787263686143,0.08376581591512504,0.08037176280086802,0.359312757776785,0.012588913221318155,0.31441669900761576,0.6358958929838905,0.00018986343776513552,0.08416459044362987,0.814524846808083,0.00041349361773788387,89.60353405934258,49.808537279073484,396.6416924438415,0.0077071590666284604,0.011410309794017935,0,0.011312035496976592,0.015733930725893762,0.0006886179864599553,93.0899215252285,51.26463717042457,28.059783526711126
1408.3926585655354,0.5615610868649856,0.08344729274238835,0.08244546700080715,0.32790417049223713,0.012726426825967734,0.3186617002642415,0.6441693052417673,4.805533225865812e-05,0.0766939935727614,0.8361672354440687,0.0006220494518419387,90.15210928354563,49.67464421223373,399.7901424483542,0.006902735406554248,0.011263231687280875,0,0.0038112145693286227,0.0066532030009752345,0.004774116336565718,93.76894028537968,50.36523333932575,28.349396748564246
1408.9827199204835,0.5645823565947425,0.08328746747666214,0.08140270837177961,0.27824239655899624,0.012641703862311839,0.3265794502009874,0.6464930269597942,-0.00020675378451306728,0.07645561871675405,0.8508893629995941,0.0007295223343246283,89.64512394644713,48.936510844960175,402.3216087980616,0.009178912159186292,0.013203849234374967,0,0.009018842853343683,0.011557364477540168,0.0017631545055724646,92.2262244687131,41.33833509969563,27.663101626223735
1409.558815326202,0.5650156046467141,0.08335018796762653,0.08239175335511173,0.2894302235581949,0.012758510475020687,0.31208706642686157,0.6328021497429246,0.00032607973385246925,0.0732850105986451,0.8386118362536862,0.0005143225827720532,88.29501390840664,48.10808881657832,401.94737798591956,0.006967640186755483,0.012838689801108274,0,0.009732032264538212,0.011009278575989077,0.0033524717210748653,85.67264295934704,43.30157456503707,28.175567226428203
1410.1628426303794,0.5627878210042506,0.08353185608244847,0.08289716384792753,0.29990244162567836,0.012666253517654125,0.32362448851575665,0.6282174272740728,-0.00017991968418910737,0.07342484236903829,0.8748208952979584,0.0006040690533694084,90.32260377978501,48.224793643658565,408.0288397565329,0.007329253707203141,0.012946326893927957,0,0.007080559845135988,0.008456353053992107,0.0003387899839950798,85.70594321954628,36.9906888761998,20.70387581613372
1410.7563954726347,0.5658417289532194,0.08340976128285686,0.08205584965181245,0.26957696477668114,0.012341316730534482,0.30920294607520116,0.6377294131703521,-0.00013172674925789678,0.07335494170180289,0.860029850101397,0.00030513574871928736,89.52846583232889,48.200961882276864,414.9233595718516,0.0072101548463026,0.012895166782942745,0,0.01032933875259266,0.0008077182773373421,0.0030497683515886796,85.745722587122,28.150640543576873,13.431460067068883
1411.3499483148903,0.5627166231664013,0.0832272307139031,0.08337969992526789,0.29124790690496194,0.01260002580668912,0.32570296273158117,0.647157364599741,-0.00012969355911432036,0.07368299061021559,0.8575231920618237,0.0006540373816896732,90.74923343571648,47.89409229155548,401.7537481949635,0.007456581659416862,0.014833175922191398,0,-0.0012916496904444548,0.004653243397779107,0.004699483167834129,85.36533065219288,28.677365414777732,14.075558023063408
1411.9400096698382,0.5647622607201357,0.08281710461810816,0.08263929994563252,0.2658837289148621,0.012540252043106229,0.3096847158734264,0.6335254703233059,0.0003200073861070525,0.07341155175259867,0.8564038869715096,0.0005250956393461699,92.99196702802402,49.07748977430117,403.2509631426593,0.007608057938039244,0.014563384095257835,0,0.0006756054783107163,0.0034688752780365345,-0.0026711568174089045,78.28282313561985,29.056378190152223,14.444138607542648
1412.3869200451836,0.5647397099015162,0.08372733170525648,0.08339852291317594,0.6413842986204105,0.012448733223570443,0.3090054819174932,0.6379120826295027,-0.00026560306590715457,0.07665511765252067,0.8698620955618522,9.065078735300312e-05,93.85575710606246,47.930322605852844,400.1921467020366,0.007341104282578598,0.013685980737172736,0,0.005052861456051069,0.0010484648735570275,-0.004699314919816709,71.55521636351631,28.131144017135803,13.369979308489082
1413.1061664305048,0.5689176579575046,0.08292690509475575,0.08329318366942177,0.810988267252068,0.012652558991077647,0.31111938277891826,0.6387743249905191,0.00034517214816011426,0.07643458413239251,0.8724423851292897,0.0007964370179626179,91.56970796744223,48.600364448829595,402.4574454683951,0.006767062513146388,0.01249943778286814,0,0.0010500581652517463,0.006037878985161909,0.0033457892264439903,71.61940710776211,27.877244195489777,14.59768905720298
1413.685753323531,0.5655155674840158,0.08306143473819969,0.0831882392443642,0.7882342865254258,0.012506704775221493,0.30928927418095237,0.6382118992024107,-0.0001616327141840214,0.0764545745477022,0.8879062213864021,0.0011465780544788343,92.7989214828145,49.85087463654489,393.37564786408456,0.005953956443218587,0.013000147041367016,0,-0.0005468595288860216,0.004514507461331243,0.005046792346568671,71.97580031512857,29.261702897088018,15.723788255482638
1414.279306165786,0.562982400036732,0.08681319030833815,0.08341139958335152,0.7534537085636764,0.012383526353421563,0.3061671339082083,0.6393811386313687,9.751381040708282e-05,0.07987150846874821,0.859681042000944,0.0009960810219634179,92.92406335996107,48.90568343591749,412.34926552928846,0.005958723324862716,0.012184279333769036,0,-0.0007833228410566999,0.004056651014319781,-0.002571299570115575,70.96027279105262,28.52642033010592,21.259869763327035
1414.8693675207342,0.5618874840830904,0.08611904038433028,0.08373149642762513,0.7433529208092817,0.012653953976807773,0.308308953303479,0.6556763673208572,7.964953275566617e-05,0.07989765532840025,0.8794751650245922,0.0012343179929492742,90.81565412423313,48.95502392921629,398.3189676585184,0.0070294015988490565,0.013833638856834654,0,0.005043163850115699,0.0023608217380654446,0.003611900359611034,72.21546478048523,27.611914939732255,21.543106672796238
1415.3442097945383,0.5623615686702429,0.08619129567975024,0.08443115263497153,0.8131631799673638,0.012863619876709071,0.31075132288811924,0.6671175361080383,0.0005103393207518296,0.0794611306207154,0.8882304844586772,0.001008677236015287,91.84063177297772,49.84203278027461,389.32801283158676,0.0066141364635358395,0.01159064602664106,0,0.003318444087335467,0.004143979258827927,-0.000810996404529698,72.01454488892787,29.12761916700423,20.654828864888398
1416.0215583321713,0.5629514473610705,0.08642599911113524,0.08422246869747282,1.2715002144204972,0.012944832140893781,0.3370540428732692,0.6698543222587827,0.003396930256996792,0.07985375954630142,0.9425350439704808,0.0011735138552384293,93.39857765359082,49.44693659842273,405.24374932618974,0.006727121654129127,0.0068997875773466315,0,0.001325270303276485,-0.000838125121509278,0.0003432222692960759,71.63100100579743,36.13171321884854,28.847504451174565
1416.6186026617338,0.5659664095395421,0.08698512492719415,0.08414340186753676,1.4444183128177825,0.012954636736725861,0.30866580571528396,0.6719544721369975,0.00318327780360998,0.08035897165854675,0.9331878275780559,0.0005769706748313995,93.26420727600187,48.30501063405343,402.3594358679772,0.006580964560331711,0.004120260763280122,0,0.009063611703712086,0.0019219176309121613,0.002596580105909274,71.93948581241216,34.739263153102335,36.10426486119234
1417.2086640166815,0.5649400486162109,0.08707844403015917,0.08462812408000436,1.519989254704163,0.013017923934528077,0.3409465191642161,0.6735345109547618,0.0002940295263287918,0.08012930991273849,0.9205265210100217,0.0013093082628394697,93.45190976583004,49.494235940624094,393.71243190002394,0.005985714633562172,0.006298410703862083,0,0.006265689281568576,0.005121364526074704,0.0014039197495574764,71.28336349811073,42.232446298989125,35.471132292444366
1417.7987253716299,0.5632393967678042,0.08366282030196674,0.08450875317442258,1.550020284201276,0.01312433548875093,0.3077871668934618,0.6896095530098711,-7.252211531426822e-05,0.07983156992553893,0.9331730162294409,0.0007586548261827943,90.5335863247311,49.03480004148979,398.1986105377273,0.006672096595033346,0.0044260019358993005,0,0.005051498537449225,0.0015946659855269056,0.005506216091687858,71.52408013839708,42.319135121598876,35.96399826327505
1418.3608548281186,0.5616598867492155,0.08363208386331634,0.08518010326182535,1.582710365796843,0.012978102800958076,0.31015686437137097,0.6900292817691818,-0.00030957948266884346,0.08050944272880454,0.9212182049874474,0.0002444051934757557,95.43065264608506,48.61515055456096,412.6885785634705,0.006163833416922288,0.005294721138159257,0,0.006609155841267483,0.0005387561347624751,0.0060815770553050855,71.56020914906071,42.06993765630326,34.97493842660004
1419.006779979985,0.5655313074892513,0.08340298391433668,0.08397166713437221,1.6117100982410797,0.013181822138034647,0.350682700546495,0.6932539673574453,-0.00019064533158877857,0.08051592758594056,0.9159979302052729,0.0008218658361518411,89.73862308820982,49.22582187794533,401.51933686977077,0.007789909736518384,0.005325148587113433,0,0.00488937933262832,-0.003162494619185107,0.001586992514282717,71.65701385974755,42.331807726618365,33.570119727923355
1419.5724009237813,0.5638451714112344,0.08360146217026163,0.08449373151916294,1.5509485415756101,0.012818457080193338,0.31036939883265846,0.6923384397830021,0.0002733972803089085,0.08327821381484266,0.9461015835266106,0.000580921111593733,81.17788363817981,48.081422264624265,415.2336704434669,0.007408534531928659,0.0057001728728237385,0,-0.0017790747901602825,0.00459179467521444,0.005642406492565044,71.72603827261256,50.87140728971201,35.02062864539202
1420.1659537660366,0.5635239077182541,0.08364055610121014,0.08536043539228381,1.5790909876084105,0.013225921488434815,0.3477588399414626,0.6911621891333473,0.00028383960929577744,0.08381551785218942,0.9380196360428545,0.0005075228175910943,77.95453871077756,49.42982012006119,393.9777696389258,0.007422564583184761,0.005898296817990667,0,-0.00444790945443517,-0.0009325729872782071,0.0009841117679751286,71.14213957235432,50.20511965692528,35.96162134562842
1420.7385576844479,0.5638684342706801,0.08326361633599934,0.0849576174472261,1.5854349915118866,0.012959030861450428,0.31107419696737343,0.6863267655611063,0.0035202108947620272,0.0863847887780925,0.9277069864050779,0.00014965913440112446,99.5267157148964,49.962977405306134,390.29286439042903,0.006920994069960002,0.012983124361188437,0,0.0023475606687304576,0.0018741751405262925,0.00623346064122501,78.24324893496743,50.72117283153675,35.084436349143814
1421.3670253997768,0.5622694732810116,0.08331843185814501,0.08489591248017343,1.6619209835585176,0.01321708468586644,0.34064613021561385,0.6918761127392431,0.003227947882881472,0.09601951131288965,0.9375787308870384,0.00042734249819332317,88.23231339022995,48.91487949963562,401.3691382504773,0.006655756128633515,0.010274406178265425,0,0.010277402406382669,-0.000850246722303888,0.0014307854950398767,77.83245786283324,48.255921827354825,28.371459936689835
1421.939629318188,0.5627201200374261,0.08338561511177398,0.08385029073121962,1.6574251243302465,0.012920639537622639,0.34292563739785115,0.6992278571926482,0.0001875271029345518,0.09643011078607965,0.9177918646443138,0.0013917429690566024,90.70793168061554,48.24169680663725,405.2129623317353,0.006519238934709547,0.010633189811159153,0,0.0009169491743726698,0.004341531459783393,0.0021115193470144615,78.47857077040221,50.676396915570756,21.62175453037753
1422.529690673136,0.5634331423445648,0.08341750423843824,0.08454434876584266,1.6163263284337774,0.01251338608359207,0.3104480118365085,0.6863718164630561,-1.8621696043909904e-05,0.09615372155902821,0.8938565734460127,0.0005123858923574122,90.07892937149437,48.440640708799464,414.45555414607634,0.008081307231881189,0.015227963217318303,0,-0.000134727689288077,0.0023897045185711173,-0.0029054054310732845,78.81621718471946,50.30748936953681,12.623168637787652
1423.126735002699,0.5663385514103422,0.08260970546022052,0.08370203113055376,1.6982206028258502,0.012900610624548458,0.30933194185525764,0.6958932219737675,-8.001477985157229e-05,0.0970364609804622,0.9051567763356827,0.0004944206726699952,93.55844026183951,49.2660486554882,397.32889972747176,0.007768578911013004,0.014893076875836738,0,0.00015334887537996836,0.0020158348907579593,-5.2868913446364523e-05,79.26609462170136,48.44198403847479,13.20984711062204
1423.6504580988067,0.5642765880324518,0.08256367030755254,0.08344958275176793,1.732156963836501,0.01319116889648775,0.31267601326355227,0.6970192981834287,-6.758754485222589e-05,0.09614322686720972,0.903194473953984,0.0006400604873505845,91.06719946351582,49.053013136799336,394.9422689255513,0.008250690415727405,0.016665622091385487,0,-0.0015492987601792379,0.0019598425857720488,-0.002944271323264436,79.71176601206803,49.267210180850505,14.702223144767087
1424.3103491999022,0.566308429217153,0.08029098867923992,0.08192653746329313,1.751757808777407,0.012646063258753724,0.33254587368592187,0.6644480738016725,-4.949260769632093e-05,0.09687001230623589,0.9004168105030788,0.0014540251855569449,90.31098488772143,50.90462367602663,410.92857647366475,0.008268610691296306,0.018521581317967824,0,0.004818802842250397,0.0001686587017138317,-0.0025499230481471685,77.70401566689141,50.12566518074622,7.1093096974418355
1424.9004105548502,0.5692602808916417,0.08002350904332642,0.08169272144280033,1.7821037517757792,0.012769628005931993,0.3474013238068195,0.6976008171339558,0.00010435164880007854,0.07629361097130524,0.9072972664613895,0.001500438283144855,88.0812361389756,49.43665597229378,427.0979193709007,0.00823993635780628,0.017421333204391855,0,0.00017912968439287753,0.005295352444807746,0.005422656052794408,78.28069250936427,50.40065959858049,7.163367428510313
1425.4939633971057,0.568970065860025,0.07977695927360072,0.07981767143754828,1.9161994139242033,0.013245826337189041,0.32923756942120247,0.6929902653176084,-0.00047012531433603485,0.07679739065262825,0.8941501317594531,0.0009032977841693273,88.44463511056028,50.69074486369965,411.31766559066807,0.008509079689223965,0.019146390102434952,0,-0.000616445447556138,-0.0013337072491111297,0.0011520473882643497,78.49379874155748,50.36313446468561,6.2997436488254905
1426.0910077266683,0.5678213619882132,0.0800627190096587,0.0803134154158717,1.9132181075836687,0.01325731151146781,0.33984807535454975,0.7066095632184115,-0.00029370968185712487,0.07677250721722459,0.9290562737195035,0.0013151026119134206,90.46697149701833,50.4020936763252,391.58321248737826,0.00918113966209948,0.01859953251791464,0,0.0007223964086855334,0.006082503261440133,-0.001406470933764701,78.69625505043913,50.61074730808321,6.8231462080935
1426.6252052846983,0.5676405473782785,0.08006265665618603,0.08008638647208922,1.9478213696653166,0.013043084989972083,0.3308652590661744,0.7009708014416531,-0.0001485160450725504,0.07619447111721647,0.9182030683336903,0.000779729498844695,89.59324511126556,49.98138030211894,393.4605451290675,0.008985505752021424,0.020317480135417412,0,-0.0010717503303094486,0.002453571858136859,-0.0014251978030431689,77.97760271120008,48.96937688680838,7.673463089124848
1427.2711304365644,0.5721786565463545,0.0796189334723107,0.07993785526057344,1.9339297896628824,0.012939196296135474,0.32973270463035637,0.6957501749858445,7.797105795256621e-05,0.07683309412139686,0.8971911325819353,0.0007752243023745439,92.87175646410843,48.8294036953679,402.80065291058844,0.010253721721735507,0.022961389652607373,0,0.004342991286014467,0.0013888953582549511,0.004098862068773498,78.11007070964718,56.50137156263355,7.961027184125802
1427.86468327882,0.5693481090950877,0.07975020816997022,0.07941283044542799,1.926877548818355,0.01438550432393041,0.32950646689510465,0.7277782458717731,0.0002708344337589749,0.0735239818709882,0.9544401674847948,0.000851107327997269,90.34302106336335,50.353934916648114,412.61719693050856,0.01732502138346254,0.026482544596125212,0,-0.0037662873567516283,0.004632735350480539,0.003195772311093445,78.51333896459002,58.10778836274023,13.57943134607593
1428.9819592171827,0.5814701527256465,0.08033953842280707,0.07982931019765144,1.9198884109104566,0.014379087996792904,0.3226714893721535,0.6605400621655193,-0.00019718588205589914,0.07673119759441438,0.8912675154055121,0.00010091086086617599,90.55071719300298,51.16013537846519,393.54529441405464,0.01877282880615032,0.026474392715014033,0,0.0011033577343518332,-0.0018210824789374087,0.002943121270961621,78.21030272291262,57.30006944052972,14.170326293059308
1429.6488332928936,0.5817079771527786,0.08022968874363512,0.08024933015176228,0.9746939499850911,0.014616552107171494,0.33172766313760693,0.7278373103322189,-0.00030400854973825853,0.07655073687781759,0.907728129812436,0.0006849128266466451,88.37760371177777,51.041573244691875,398.5103816976598,0.053713291471571174,0.026634564594263305,0,0.020739425724175715,0.0008986995115146472,0.0018340087977816485,79.08237765826718,64.27771915642757,20.212692826863794
1430.2179457239972,0.5892532931112883,0.08018341476793096,0.0794303838759848,1.0061838828840544,0.015148333339291869,0.3687715461952128,0.7234328570451622,0.00038453443239932963,0.07634576512200113,0.9678112217871041,0.0015421269645809646,85.74224469509512,52.527562775703124,416.2985713996802,0.05366162823385978,0.03703280926822245,0,0.017121904476419904,0.006320928710325221,0.0026412193783214312,79.01259095795069,64.30825241805066,28.682361333417255
1430.832447490097,0.5868998116039481,0.08052328813525815,0.07964539691883518,0.9513933771021356,0.01532523231695663,0.37192985190055927,0.7274698650863375,-0.00028319427264372087,0.08010736980160814,0.8258357480071165,0.0005610373170190118,86.55192995028438,50.539825662940224,406.0977295217733,0.052991843250481924,0.04820410799407541,0,0.015890572498181134,0.004023772308078925,0.0066455236899892675,79.76267410973531,71.17442127268127,28.834025823766385
1431.9636893776894,0.5825123220481656,0.08582248051191174,0.080052778026686,0.9248453958466326,0.015281149400977752,0.3694663064869123,0.7256262440892405,0.00016856438459150226,0.08029242689007941,0.7502648202211313,0.0008246159058834406,81.14093500506452,49.556631792007416,396.87303797861625,0.05314779741019046,0.036563150766089215,0,0.017307445459870282,0.007752963366896614,0.006709138603641864,78.28417623107548,71.20830130152663,28.280747330933025
1432.574699656482,0.583110835357345,0.08648404091201724,0.0838071910173801,0.9824781003344116,0.015486444368765864,0.3633812026627069,0.7044045007556601,3.38187874054278e-05,0.08010478774783225,0.7342944935614365,0.0010599228921578422,82.62848103660866,51.18399941370032,412.4199980128139,0.05340632729345101,0.04965302067430467,0,0.0271720785378083,0.008969660236257426,0.008567089662694774,79.15012886339645,71.92508857913393,35.976105099720755
1433.1647610114303,0.5809568138342315,0.08715443886863153,0.08595258013806036,0.9726092990571518,0.015268282890993837,0.36517427783543216,0.6996497722356914,-0.00010728480273826693,0.07971109667138024,0.7035412165465105,0.001973214726351328,81.08675796452042,49.17863698592949,402.91313236125484,0.035614681144608265,0.052530852011035536,0,0.03673585120273197,0.0072896263095776175,0.010425280730846608,84.9971901773287,70.42038160432783,43.87041765589947
1434.8441664062818,0.5820137114028694,0.08639522135130491,0.08712247982869979,0.943416221057298,0.015280612441041728,0.3416789097029494,0.6149637314995796,-0.00017445442724915676,0.07983528049065627,0.6963317345889403,0.0016915430013224252,89.93854006033132,48.68025476310043,388.43782214309323,0.035288794498657315,0.055257376520201774,0,0.03790614888360116,0.0020765248024785217,0.011744425656945426,85.44636154030802,71.24113928604244,41.90315524839378
1435.4551766850743,0.5846006161206776,0.08658749894015504,0.09435988774258311,0.9081241570340874,0.015352418526458557,0.3546323087222072,0.6154832527275272,0.00019856845440009225,0.08041707716713074,0.6185150478089421,0.004716906738422872,80.96104040259912,49.450666580010605,390.99055495037965,0.03964896103453508,0.055424172836312395,0,0.08466958772314644,0.002608460196800246,0.008339779912723468,84.92212841999607,71.33351021659894,42.38932591023352
1436.059203989252,0.5825575222688217,0.09902612639561881,0.09467124334401048,0.878813153318587,0.015369443017709695,0.3560907004183674,0.6218572516596469,0.0001919915404665966,0.07963921048283229,0.6133214766588075,0.0048239439145834435,79.84740819121441,49.91802181046798,408.0820787019186,0.03521688948051381,0.05495505918316459,0,0.09383478736318542,0.004997333503184398,0.012334756213505205,86.03012247787224,71.55975890122993,50.32155520725883
1436.6527568315073,0.583981710091029,0.0859391358505666,0.09497594817835593,0.8905676779503005,0.014060137481051265,0.34063602258738485,0.6251606025669657,-9.852962493014982e-05,0.07975898731677868,0.4707186083158162,0.00394672058518019,91.04537390608077,49.49293603954262,415.92260940463893,0.034525315098957655,0.038101871344801815,0,0.08376538817559422,0.011183167229073449,0.010252577133122056,86.20449128638758,72.68719273729178,49.142984627281166
1437.2463096737629,0.5840652104307918,0.08690972929213699,0.09503554248693591,0.794009950994387,0.014211130891870318,0.3426035633245425,0.6176455790315284,0.00023774851576343874,0.07994493457378249,0.472054469407872,0.0036046302832791546,85.73648395450535,49.62589977804535,397.8086795112182,0.03223265266430444,0.03734726297151421,0,0.0851006749860451,0.010656421068287292,0.011568423909273994,86.43290177906367,71.74056418826376,49.52684443109691
1439.6065550935548,0.58650363029165,0.08665445317285383,0.09618111132790645,0.7655648682389146,0.012837787564403975,0.32641025690276193,0.6163957578678619,-0.0006889217454605691,0.08373861387183183,0.44335962557200637,0.001874907084511524,92.63463803900693,50.60841946350249,406.9692089147712,0.024775396996223078,0.02429540387908288,0,0.08529709887709822,0.009245662348481811,0.009417134040957486,85.52121570437261,63.850901867536514,50.100882991259766
1440.7587459049919,0.5824341414473752,0.08320912448972563,0.0986403150237716,0.5632916381542805,0.01229676234198291,0.32312250312833807,0.6204201757685626,0.0002027055551427703,0.08335008181509124,0.4196077408950635,0.0012949040955076107,91.19177766367827,49.64516413345421,399.22122178625887,0.017603552926448617,0.019850811587799035,0,0.22133769708446316,0.008020909519579974,0.010963087701602453,86.03210371116553,64.64668911480958,49.70575398049989
1441.8131750718217,0.5749708047746246,0.08281488627221921,0.09855320711866486,0.5913658331487474,0.011637164128529871,0.3159274204695644,0.6124764798361242,-8.784065015747339e-05,0.08360705837228763,0.42622678080546755,0.001424428359522437,91.95741919219859,49.47748147217943,394.9738434062735,0.014676539465152284,0.02185741191665908,0,0.22583345243395828,0.008329100835616988,0.0077726575403174744,85.18212772030043,65.03641116640009,50.40265486692052
1442.4032364267698,0.5667751398319893,0.07673991940881811,0.0981637650529219,0.5775588865013169,0.011488423238794081,0.28872781986562185,0.6003347357609123,-0.0003226305401690842,0.08324362519564789,0.4141344270148535,0.000796270471309965,95.26356641955458,49.8420181643293,410.55794972897854,0.014302600074267058,0.020004170998023603,0,0.22771301021736245,0.000480667562827425,0.011412188622580042,85.5521913904077,63.5172700592023,50.38845831366561
1443.0177381928697,0.5863063891148217,0.07655362741034122,0.09872288017331791,0.5589339986789192,0.011059327058590048,0.2830176425495871,0.5902704412859124,0.0030737499216274256,0.08343260784554445,0.4218269657463466,-0.00016540344424558124,102.38835748733018,52.02549164641979,412.2777971115369,0.01402949953787442,0.01864174975371636,0,0.23182961066572244,0.002662831105284637,0.006247188649715935,87.2611864193697,64.88115138624454,50.213804913295185
1443.6462059081987,0.5912234407929762,0.07681136801894421,0.09837636497393638,0.5556427722957333,0.01127510181082061,0.2784262572147582,0.569383523417753,0.0035200648483156337,0.08280803954487964,0.40523483681258915,-5.711541712422124e-05,105.76058206089223,50.26744669240289,398.2570766489296,0.014370494485048227,0.01810112873730151,0,0.23450339270689327,0.010567622736538133,0.006390091952493737,85.7812546142266,58.28624516544998,50.66459285696077
1444.2362672631468,0.5866920939504686,0.07676701422707648,0.0984263846205965,0.5139365000322205,0.011028422635278744,0.2744247660397597,0.5804388119329347,0.0035019497921054818,0.08318472796916666,0.4054558100303191,0.00019342090767344495,96.07487849870243,50.25730935036517,423.6205897864015,0.014070489806630886,0.01861657118392394,0,0.22778818505409865,0.008332626170166288,0.010198104828223205,85.4306073842879,55.98443737990351,49.015628219476355
1444.7949052323283,0.5693480998848237,0.07710573860078088,0.09025507845469094,0.5495272209196942,0.011123870453673242,0.27583005388691945,0.5585184059884063,0.0033704245805423177,0.08412547533279578,0.42199420936298676,-0.0008311139667027409,100.75875208047998,50.48840082360345,409.54406983387565,0.014567157723115317,0.019857688677759635,0,0.2304569119725725,0.011791610560639638,0.0005375156936410002,85.39741338354624,50.31208325438314,42.34341635402328
1445.1196135519153,0.5690549996367629,0.07642117726607298,0.09079764589407645,0.5163105619230286,0.01092265404583179,0.27958743841192485,0.5602989455598614,0.003686358250218669,0.08302940360604441,0.605849100569628,8.538894570489435e-05,96.36202151427094,51.23185172875325,422.7707536996986,0.014413826883752054,0.018551044471115802,0,0.2242174430409549,0.006676056928504689,0.010506189081365795,86.65978751532819,50.72734407417429,42.429772962685405
1445.8283854753142,0.5699081642947651,0.07689556002570633,0.08840727084895554,0.5285191538121928,0.011317968095482883,0.2769728364931075,0.5612049622217425,0.0031702880160323498,0.0800577242681994,0.576484864936515,0.00011674694834084987,98.94598434021202,49.44544452858246,405.0089723917268,0.014960068903022523,0.02067103328300026,0,0.227106982358247,0.009280665729154041,0.0059320250174797655,84.95165175031973,48.709431968593655,42.036646017516155
1446.4463787287214,0.5709975086851884,0.07599575703868641,0.08687712490839891,0.558720798021614,0.011740525237725598,0.2772659028411208,0.5701801961861968,0.003591954193022116,0.0803973402257978,0.631183338042629,-0.0005860615027636589,97.69260650942043,50.4154120095369,409.39292528733745,0.017908568057839337,0.025080614111904178,0,0.228286446706405,0.006615426151108157,-0.000298021483271686,85.61969470762456,50.03733212170423,36.57454647394217
1447.0434230582844,0.5670808905069938,0.07650763528509714,0.08756633544001813,0.5483753781666414,0.011790064135784465,0.27683739273822666,0.5765924438556611,0.0032448997534436546,0.08057638054983536,0.6434387298998805,-0.0006516517354028022,94.11360509984675,50.2539244808794,413.598409918199,0.01759106457347178,0.020937852545813363,0,0.21978182503058677,0.002910056876938606,0.006874028893131703,86.29934492415231,50.6436555382759,35.55532269439367
1447.640467387847,0.5691490382218011,0.0766760379484981,0.07979522455254422,0.5677988170189551,0.01199271571018146,0.2895317997896278,0.6055605062750015,0.003430243958769039,0.08018375061098094,0.7373039283021722,-0.00033474358417536355,98.13693681984203,50.331078735740824,427.16808860516744,0.018175319909581215,0.02348278868024644,0,0.21416276896183595,0.0023843060005303254,0.0022822375954589602,85.6853030449832,50.875783979072914,36.72063066591914
1448.23751171741,0.5692594789124796,0.070158882386624,0.07913807918728717,0.5663507634767622,0.011640621646419411,0.2953322769911754,0.6024662051348075,0.003373250226065934,0.07670285933242207,0.7486555741245714,0.0001870695723935244,90.21984158034016,52.275751708181204,405.96947738152187,0.02025219386193543,0.02311549791106632,0,0.19850922148525352,0.014455845671166957,0.002236956486507625,85.39645259099312,48.62637508414,36.73241986132109
1448.7717092754397,0.569484006060601,0.07042801200216982,0.07891646550402341,0.6014572693175463,0.011848813312605556,0.29091025120241515,0.6054825316552142,0.003793080458072292,0.08019893402451209,0.766935564607063,0.0004323164586614894,92.56119786580267,51.051119933168955,415.1476438730025,0.01998675001556197,0.019950074886255324,0,0.19597832886218453,0.0011903117817951793,0.0027438943522360643,85.6699604547415,50.04129130028683,32.85356808371252
1451.208767415994,0.5684715162762328,0.06966600721598729,0.07893547855800932,0.5467820912665908,0.012107257949177896,0.29397105719980854,0.5997842366132206,0.0031260874827633155,0.07681547591981858,0.7334031191668346,0.0007059333426630267,91.35362830962983,51.04826717096176,415.28673194819373,0.01710496517440429,0.019567547270355968,0,0.20030068866783976,0.013076750928053077,0.0033760661322288256,85.78719932424899,50.096552644947614,35.14341905576623
1451.7743883597902,0.5705428040383622,0.06998811603943186,0.07857211287796388,0.620927984871011,0.01225985592006892,0.292483691885985,0.6023749009129111,0.0029188830114018015,0.07669185036466218,0.7608748863890324,0.0006630593238022826,93.71503858187333,50.00104161231182,420.54550162630113,0.01754297900438144,0.01821267855144464,0,0.20163171669611918,0.0035411488691234807,0.007327169167768752,85.08790079512654,49.5602952101215,28.6870550550211
1452.4028560751196,0.5708226540201279,0.07029754769354282,0.0778365747935067,0.6224811536318972,0.012035443438416952,0.29132986387477616,0.6037529066273775,0.0033287573408668984,0.08016574838439072,0.7677514936383026,0.0005003336666686631,89.98872591253328,51.46894435582184,407.0840779639531,0.01769277700943875,0.018698115405081397,0,0.19849180903568064,0.005743111050568812,0.0041912817513838595,85.29207748777455,48.94580170454485,27.178645236473894
1452.9929174300678,0.5699658276638977,0.06975669254301055,0.07851759372975094,0.6362735957789187,0.012400553340359841,0.30583490649340467,0.6165948271380635,0.0031085028207883227,0.08008685720319864,0.7617421778217616,0.00047631053663804826,92.86671053288525,52.01737393999801,396.81258898556433,0.013348433997896947,0.017198856800746145,0,0.19840904706198922,-0.0005018928492617645,0.001046742543221164,86.13522827197619,50.60024341444459,29.13515688862722
1453.6074191961673,0.5633628255542854,0.06978869608653963,0.07910567481408533,0.6387477093900787,0.012288509579395509,0.3066530848422904,0.6114010939816723,0.003566630202369806,0.08006786759224552,0.760201344667765,0.0006593449007415037,95.23704993935164,52.921564524928314,422.3002416520566,0.012957672549347925,0.022201474260369947,0,0.20351991435605118,0.0032089006598958547,-9.078085237232024e-05,85.46282696774749,49.13765495139923,27.92326193851035
1454.1730401399636,0.5818471869484908,0.06999917929251953,0.07895274725156033,0.6387778606982603,0.01250311804308172,0.30185741999505195,0.6594055829036743,0.0035089331644882022,0.07659659423198067,0.7676410834016338,-1.1993617244198968e-05,92.28602527278643,51.56097147494339,415.22228322398456,0.012703751697649904,0.016537514304846086,0,0.201544553707217,0.002315265283058263,0.003357397362777829,86.08108991523308,50.93183405600151,27.523587616545477
1454.749135545682,0.5610390469250393,0.0699030377337763,0.07812754820958813,0.6698709037279642,0.013254813711094427,0.30850037208458686,0.6544527787472311,0.0032920034917287176,0.07626084923790825,0.8071033592676471,-0.00019676966894032792,102.00273819766929,53.106964304210585,423.23909555004,0.012747550095481739,0.01551698088472727,0,0.20952081039507495,0.006619986891764244,0.00512286814988866,85.0477686676433,50.56941661025805,28.699190738326458
1457.0081278335601,0.5707079796694786,0.06935629805584699,0.07814585709771767,0.6871327305643962,0.013587808638614291,0.3149313719833124,0.6754559120464289,0.003272415857864023,0.07637221528382589,0.8325767610255909,-0.00015409611797094854,100.90934938609202,52.35826081035675,417.7828555923293,0.013549978523621832,0.017110484888202805,0,0.20314991620338815,9.420600863841149e-05,0.0023866202627411577,85.89639542833919,50.801494944455285,28.421942684613416
1457.615646625045,0.5717173687522847,0.07005813044694462,0.07782959768602617,0.6818810006532867,0.013503075101688253,0.3145352684008296,0.6782798003549677,0.0027638939525384608,0.07604767732064616,0.8403014881591929,-0.00046039743278692075,104.29005138484648,50.2508524935683,412.1411968547332,0.013012565880818264,0.015721427054952462,0,0.32648773121881564,0.011135200359537436,0.000793882105315375,86.3675539315477,50.58847115902004,28.24477548415453
1458.1812675688416,0.5697443151774273,0.07346134160433802,0.07783709852153392,0.6704033647499643,0.013652355176704626,0.3187060272957171,0.7294766400211701,0.0032813369978785716,0.07636864449183822,0.8319802805436588,-0.00046014335293877374,100.39123400934861,53.35293603857897,425.65635073147024,0.009767039044476027,0.016630861279415387,0,0.3228852791998464,0.0028767836274422613,0.0008492959624966928,85.29634244547033,50.584986148471955,29.85444676619189
1458.827192720708,0.5693090606101412,0.0738988580272007,0.07665914535240342,0.6143204384043299,0.014273291035080153,0.31523120842088687,0.7300313638837027,0.003606214574552442,0.07704153523124249,0.8592964385965971,-0.001095955375925186,100.09366120136539,52.704752456394154,439.62683870693814,0.01235640571710173,0.015007746225091488,0,0.32914733839102833,0.0036627567023512237,0.0001212827794730897,85.4312057975923,50.486878755778065,28.32905236881358
1459.4067796137333,0.5676705436974256,0.07351449444353331,0.07489697358263603,0.623583991541837,0.014255124499309562,0.314479070300357,0.7368128174091262,0.003375641266970343,0.07645348851415305,0.8655127386455788,-0.0010198537044737676,104.40437548209748,53.11806286068669,430.1344906559948,0.012227680839359895,0.009000212126078495,0,0.3299076524642995,0.004396644559453097,0.003289812356362512,86.56095795940608,49.846432611547385,28.006147396676234
1460.003823943296,0.5693057395851059,0.07275717410288564,0.07517938158341311,0.6304848922240308,0.014422570873197678,0.3326990340544956,0.7465745539160161,-0.00018264822455694378,0.07662078872847801,0.8712213634573857,-0.0010124530707474734,105.15807537269666,51.26706957308293,419.4089749025119,0.012689905434444886,0.008350094355375565,0,0.328907123370449,0.009365217772772157,0.0077336150263748946,93.26234398107286,50.61722983007309,29.017078837467285
1460.6218171967034,0.5714046703063161,0.0734539327422368,0.07383152965243094,0.6061585024654222,0.014290986186477516,0.3295927048478614,0.7481556676949811,0.0033361332488882445,0.07665611760737584,0.8665429957676025,-0.00036231136433576315,99.9019175566523,52.36744848992753,427.38341313153484,0.012571185422965153,0.009480831402708546,0,0.32571966947061015,0.004728250966028475,0.0008799412695865748,92.57055327366464,49.84864285768907,29.23878497709269
1461.1664892166552,0.5680951699332406,0.07394748035998265,0.07441894907501076,0.6191995102693972,0.014409051084060806,0.33351919723687257,0.7429236518974813,0.003234758803983329,0.07657110215419595,0.8860135917984727,-0.0005008013213078914,105.74451457377417,50.53163649595137,432.20609431082454,0.012109340843348578,0.009205788290860595,0,0.32356049044810764,0.00913548238361361,0.002222307695654905,92.20278681740534,50.94745712569806,28.124041525322532
1461.7949569319844,0.5711659958973101,0.07340700769585795,0.07476410166365491,0.6208792295728244,0.01440524853575314,0.33554756390997814,0.7372796954110254,0.003640919289022161,0.0796171782874067,0.8688972885890179,-0.000495008692496016,100.12790227401133,51.42387255137882,433.5335699811375,0.010401725658224649,0.008116748213206038,0,0.33112363002539885,0.007684687826576933,0.0010309920433667114,92.87779335310427,49.57348456977489,21.8420988306028
1462.3920012615474,0.5706021934672949,0.07345240894472657,0.07512618311144062,0.45547116755519484,0.014601955819478091,0.3342644787074495,0.7473350821226922,0.0035429206109093047,0.07970814465550989,0.8889054284883615,-0.0004539873556968579,103.05497324086666,52.55261076493007,434.8780345574485,0.012374490960284814,0.012494954457246039,0,0.1573163620851482,0.010193702788666171,0.00389934522771075,92.51582856070213,49.97148854603352,13.082460934373056
1462.9890455911102,0.5674200472930202,0.07273518214047238,0.07426420549872645,0.45544895319119705,0.014479526641654257,0.3447599946478576,0.746547044202471,0.003552666449022043,0.07999091324723417,0.8755557967998617,-0.00010590505482038442,101.02053303211135,53.000078550913486,443.8370711894554,0.011439098102174288,0.015632037365869222,0,0.15956437664671697,0.010701741072114183,0.0023726429441873922,92.50680290553252,43.59260342663113,14.509944860906645
1463.596564382595,0.5697494646868178,0.07291075174659412,0.07480992275002761,0.4331309961677472,0.014655919568402913,0.332742168219346,0.751199348778946,0.006543651431417266,0.07995526435601145,0.8865755293620627,-0.000452043207596368,97.03678290721541,52.63909675173083,439.32855800576573,0.011834341060962365,0.016121912321327793,0,0.15355948948887238,0.006544239945859679,0.004549260230447423,92.29271990950002,42.79140088278168,15.414545463017383
1464.1621853263914,0.5711776467908373,0.07362297612369428,0.07526559346984277,0.34792428342323084,0.014234578040175576,0.33165079346469223,0.7477327593719388,0.0033256455962843586,0.0795698862369681,0.8765119206408273,-0.0004797165396068389,100.42140232393064,52.825811764656166,432.73875826391753,0.012655633534810492,0.018676571967357235,0,0.15411842528456834,0.003592685001353559,-0.0024126334677775935,92.31089564669966,43.772489434327035,14.763227705923839
1464.7697041178765,0.5702246271227479,0.0738636286753882,0.07420655870842698,0.32167295186561234,0.014362137685925352,0.33159127330500165,0.7502755883684714,0.0032952472394055096,0.0797868642427128,0.9025651691683172,-0.0007218685386277187,105.18047810556217,52.68928056364488,424.5923950549428,0.012777365719265438,0.020581490034912202,0,0.15721926725230667,0.006655322290175462,0.004972192487888136,93.02384619562268,41.96280518214628,14.536229253598663
1465.363256960132,0.5714875598870945,0.07305013352057203,0.07456491849151288,0.3308468863199875,0.014694643888028085,0.3335851246175708,0.7494432192243172,0.006552580794350846,0.08030164826365892,0.8904784237102372,-0.00041699480263581053,104.95702075997248,53.28387958518708,444.0089736748528,0.012060807157394979,0.02100591714828794,0,0.16178262460533852,-0.0028568449064715635,-0.00040930936701921803,93.13620528727375,42.84440819623712,15.49305782653998
1465.9812502135387,0.5678392306662715,0.07313277931476717,0.07412779905838136,0.3041402728763751,0.014893146774982286,0.3469253593221283,0.7634999545715062,0.006674542460925976,0.0797472615165438,0.9002827511006579,-0.0006623658735128434,101.1634139636407,51.29667062140213,434.4287049140604,0.015778670617959185,0.0230767486210853,0,0.16045075990259108,0.008028108966671495,0.006685518450271417,92.46118348242389,33.57154635896866,13.64887640976444
1466.4700584365726,0.5664929623316177,0.07361094064992266,0.0739469942321563,0.3530966841781296,0.014765748535527992,0.3464412599280022,0.7609055858442624,0.006654920164784126,0.079929246887602,0.91493888172156,-0.0003929581200963278,99.88609997868103,53.35222738425547,423.54337919168415,0.015827465447199932,0.02324111739940982,0,0.004505682273013175,-0.00273356192436846,0.004966499210941277,93.51637883621751,36.064542185849305,14.689176247764248
1467.1404239995907,0.5692788772648707,0.07355146805531153,0.07465993453000495,0.2897060315011956,0.014998409656242672,0.3456387740892613,0.7714300206605271,0.006952297845068356,0.08043562489637969,0.9227727006888584,-0.0009897261383505945,111.404216748192,51.20964773033328,416.49327119962504,0.01831803614614264,0.023538231222155714,0,0.005149245422948746,0.0031397215498446887,0.0037235666249820602,92.57819597345217,36.772328791698705,14.825071148526423
1467.7304853545388,0.5685075722882956,0.07361083498218426,0.07480898616825922,0.35588481316989706,0.015000263244161753,0.31878376977502104,0.7779635437293085,0.006740329894754558,0.0791142620102963,0.9400302248020844,-0.0010234848780180123,109.46104199118615,52.74556791749652,436.13377761176736,0.026074098845847913,0.023576056327484746,0,-0.002435365438781298,0.0013195320124432528,0.0004924120019031137,93.27392484785659,36.50040806945515,13.358945146190889
1468.351970095253,0.5684306828654152,0.0761321560348298,0.0745370621240919,0.332637990346196,0.015556222511387583,0.31634740019530655,0.8199404564653806,0.006680100272766477,0.07982088857779882,0.9398914457858879,-0.0008177396509071236,114.20918162081966,51.50411243233891,442.58079477775505,0.029013124311343282,0.024865124274777224,0,7.841604190626989e-05,0.005090717069989438,0.004764983799766377,93.64461706724745,34.61732467674068,13.6143232179969
1468.9245740136641,0.5644949639671134,0.07964032181425641,0.07399965761094573,0.32574601918720253,0.016149851530387966,0.34677787732526616,0.8196466973133556,0.006727320906626358,0.08036192616812397,0.9108153541658904,-0.0003622906606671362,102.60810365667604,51.57343110173787,451.07866763455627,0.029197344431173524,0.025024810303448837,0,0.0024425662297451515,0.0024958331428054027,0.002926456219277041,92.70759209680266,36.15542238929649,13.574824767407533
1469.4098907493906,0.5647642110965292,0.079885753293565,0.07541231555776912,0.3495679368081773,0.016068998130947084,0.3318654834535066,0.8143042235491554,0.006735667729416041,0.07962416184048811,0.851344905387001,0.0001848507626554391,102.19781511011615,52.79856969237298,439.77586586531663,0.029569885101242328,0.02922496489612845,0,0.006635732830048087,0.006869096528672262,0.004780928946260891,93.02971636835952,35.74169613750971,14.11880681720563
1470.722689976967,0.5644677447876426,0.08334416121803391,0.07704259073423468,0.33102968139136646,0.016182197267895913,0.3332701068088203,0.8189334876578317,0.006392528287454438,0.07993254042256576,0.8127035778068532,0.00010546533353354424,100.79007997080222,51.755724531356016,428.20688306886944,0.026537762642868577,0.02752820705018402,0,0.003292627698705926,0.0019752974098098328,0.008018556660355503,92.61584850313824,35.49680421426701,14.162865232249588
1471.3162428192227,0.5620376933753487,0.08614552720535498,0.08726973646654108,0.34597429485885944,0.016234926853732,0.3292898086180089,0.8181821325678504,0.006446583293060884,0.08037390721343017,0.6919159557122717,0.0004849584421267218,99.5341549097933,51.48662348306684,431.996296567211,0.027573708602457527,0.02096640334701839,0,0.04208732447207463,0.0045231364978035645,0.012366727355754246,92.89515745725495,35.01714479212504,22.239778738970585
1471.8888467376337,0.5623662457697897,0.0862272959840953,0.0937483794590602,0.3972315568163112,0.015968422871916885,0.3181353168508419,0.7949896590643504,0.006508969202335175,0.08352838503804778,0.38134406771908114,-0.0008699080122182883,108.74151080018174,51.144873172170364,423.3937377541323,0.035007667892482996,0.01309720259002906,0,0.034064526100211476,0.0055982942762238305,0.013194962373118955,92.39525321779699,43.36356011107155,30.19998983419865
1472.363689011438,0.553404229875547,0.08666884302691033,0.09532450489492669,0.4033887401697697,0.016054007506305028,0.2911642379809342,0.8022097576225489,0.006559789146039999,0.08283801830517791,0.30332769439329726,-0.0017716429238647854,109.25453489827908,51.83562043825296,453.2994623751139,0.03475473930496666,0.012606483513231891,0,0.028909706865977405,0.008602210752783336,0.015895134649989668,92.8239817381477,41.85216553227234,29.597454950628034
1473.072460934837,0.5661698836912537,0.0865272859536702,0.1012194802299428,0.39989870965071117,0.015949350624545798,0.29211223439505396,0.7579631043714533,0.01028002468050194,0.08336825360780255,0.24452446864264185,-0.0017072432539718282,104.88632170217122,51.193789426109,419.62152071927756,0.026345199620113103,0.012847468054616867,0,0.036555377394697774,0.012148410863830514,0.021254346946820026,92.95202305781694,51.96604198345408,28.966861272353228
1473.6555393151705,0.5685225270698968,0.08395554000848862,0.10140129193473381,0.4232764247632344,0.014405309356208276,0.283500442019939,0.6793740188727727,0.010042161942700991,0.08362601112552534,0.22856857084669308,-0.0017393704940910405,107.42341882909508,50.44430545663722,425.65216950297406,0.026687897852561007,0.014340448803508132,0,0.03686971187482353,0.0038309920350484334,0.02430898318798244,93.50808003918033,56.282365531629665,28.68244896202591
1474.2456006701184,0.5672228243830486,0.07335239095555758,0.10083065116422961,0.3956315328488187,0.012788635479991668,0.29027234855209244,0.6939627337260967,0.010052494017647377,0.08330983252990244,0.21009900566973913,-0.0007545258960128871,95.56170529401855,51.526006898135115,428.8094177159451,0.02598056698531122,0.014664118370798025,0,0.03384861832116796,0.007640171765468443,0.01900037527569639,93.2868400365774,57.50525081133885,28.506136569876226
1474.8635939235255,0.5662992599810495,0.07321222353155558,0.10131287146857114,0.42378553894393667,0.012403967123814993,0.29252717997983463,0.6838174663082532,0.010017279850108862,0.08319570390394924,0.1914943845497642,-0.0009112848361189866,93.01994612232394,51.42803476465595,425.0516046467939,0.02600334076417581,0.021994121888336972,0,0.03421506314543596,0.01118436555177684,0.02471839426985308,92.99252631783264,58.23408831652881,29.180224196630014
1475.4257233800145,0.56832833303396,0.0735531461100017,0.10148527858238657,0.4389970866967823,0.012189676397588358,0.2894279228668796,0.6759872297170898,0.010122827314028554,0.08358083530833174,0.20294772684466225,-0.0008013561686057405,97.16165022749193,51.31032981143753,433.50291688584105,0.020857429810425952,0.022001439872183736,0,0.031001101718178693,0.01214356834508884,0.028485268795557385,94.15742185425043,57.30579164912603,28.0279004518082
1476.0506996080364,0.5660760264992197,0.07333706069182486,0.10135849660634996,0.4188279689046329,0.012234012403411086,0.2877014285996612,0.6777810794363813,0.009930032331934013,0.08300866256064005,0.18765986558853506,-0.0006068378547941903,93.51561177613765,53.52253624678765,434.2897034899888,0.020404274326259318,0.02350961984311544,0,0.03453109454210717,0.013431947589573483,0.021690300446050487,93.56978454445066,58.07297330058087,29.2994358981152
1476.644252450292,0.5664195877118735,0.07985440444073141,0.10009091580790469,0.4077967646375462,0.012842626739426067,0.28701355790149324,0.6636103451443377,0.009981009126293164,0.08373282776259897,0.23346907102128123,-0.0016571453754569041,101.91245266584056,54.136656125248365,427.87671313608496,0.01493560983488319,0.01278717075398946,0,0.0352391336070131,0.006483782737851559,0.021254400417108032,93.20403230279749,57.487276929337554,28.34967446255264
1477.2447882671618,0.564174707539716,0.0791481710872803,0.09724949831450748,0.5129722435094909,0.012701670179968793,0.2844757705353373,0.6100661640974151,0.009789750246231375,0.08382256128947767,0.2332880569628282,-0.0015311067206498232,105.3194398382696,52.3935075017696,438.01697808365685,0.015390829839954268,0.02462596421531425,0,0.02980946339791385,0.007171456060171565,0.022742976947679433,93.0831520261766,55.2132623052644,27.595202241078415
1477.8383411094173,0.5723085976560954,0.07959087026466576,0.09680615688121395,0.41314028625255644,0.012693146617117228,0.28879265085122,0.6091680416361742,0.009679459422493724,0.08375067892854043,0.28368839663085693,-0.0005782817412997093,106.30089388562216,52.09397602812821,428.38530856815754,0.02599400333923708,0.03708503583230154,0,0.038911160595059543,0.00899264762899995,0.02284427578150372,85.14972089058831,57.366830245675914,29.005296957080372
1478.3830131293694,0.5669552703898013,0.0803159475474054,0.09554884287348234,0.41264279331605613,0.012823898276481262,0.29077638352009577,0.6016317516780417,0.010073394912434551,0.08331123976360338,0.42365202711733646,-0.0007323044887231958,95.30210873455191,53.32518497438745,422.8929689500738,0.025794143986871142,0.03828245482943046,0,0.03025727113776612,0.013042340284876846,0.018127354099083677,78.98316028666315,57.594385485851944,29.468000994064703
1479.1441573623792,0.5688979063995419,0.08012438599652873,0.09720589868633008,0.4055277967776938,0.01245376141705715,0.2902373336170456,0.6095247327890269,0.010136854328567856,0.080038592196194,0.4088892819500763,0.00024551326943395084,86.79135104031448,52.18548058831624,427.5811065247838,0.015130065368179334,0.03976563790306375,0,0.04202251139224876,0.01435067000578067,0.02366440726139164,78.97704209828909,58.62356852667996,27.46880353262313
1479.605033686954,0.5705267107512753,0.10705361341188735,0.09601218523057792,0.43198860595181776,0.013347231492259705,0.27259464219012086,0.594194600446275,0.010448024456638545,0.08000376110186326,0.440000750123735,-0.0005707326855867023,86.705144297287,52.85569248353571,439.84837326038814,0.015025206002551231,0.04358568707801655,0,0.03640067912580082,0.013561008776237548,0.021917452969360134,78.90101671793724,50.84776157111873,27.413783586052414
1480.202078016517,0.5695109023620398,0.1062814699006264,0.09685693513007457,0.4083486850593651,0.013523512144302766,0.27614579661298266,0.604948343099237,0.009610285147361515,0.08028118617537884,0.4667241334150275,-0.0012256327155391192,92.0683342739957,50.82996851941375,436.06477621495895,0.021160936853581516,0.03303013661540301,0,0.003984216867387045,0.015121479023005525,0.017705442455368627,78.14485711896937,49.60900203668748,28.515490913865015
1480.7991223460795,0.5693893197709985,0.10616326570929657,0.10528545644257778,0.47615974619048806,0.013389909994131583,0.2732233879737405,0.5976011226922616,0.00973656595967593,0.08030222129953317,0.458487425311723,-0.0010502852968256957,110.17489662825214,51.09194004839489,426.999798721169,0.01554568983427181,0.03436205052281291,0,0.010460682683552604,0.004089497032054983,0.010540099511928065,78.2606862581866,50.848075437117835,29.1838975694965
1481.3717262644907,0.5710593821153745,0.10643821230847228,0.10962010603189176,0.4789788719650029,0.013668084586735161,0.27515482458328805,0.5961070676809848,0.00986375811480841,0.07978954902476314,0.469067230206165,0.000229210551624067,92.55342218607437,51.86983332360178,436.9539719133205,0.015367739003937276,0.021411943564850978,0,-0.0003009094523763259,0.004194677570588257,0.002833353097844284,78.30019360294709,50.40054185773012,27.533062509567216
1481.993211005205,0.5791882869346954,0.08287396209493335,0.11067481179787143,0.7743949539837974,0.013153003651993872,0.27618795816599045,0.6014420208919945,0.009839524491180855,0.08003941429024485,0.45187323624762893,1.820014643616967e-05,99.1097130437936,51.2541329013965,436.7774026255234,0.015597840907890162,0.015172695065946777,0,0.0037144647198930716,0.0036703444496928904,0.0026503637423457944,78.52095648528122,43.38373282896835,27.927021273464447
1482.5972383093826,0.5773107331487171,0.08403878119232815,0.11080524341215378,0.8052738561568131,0.012553144890436449,0.27666724553881994,0.6066254380996559,0.010057663834395186,0.07971139413109905,0.43158259735068066,9.00655847282051e-05,88.79367119941087,52.250646801031095,433.12132225848006,0.014383495441858811,0.017576769243665632,0,0.0009460053324562502,0.007004287815319882,-0.00252739098732793,78.10456960610506,42.638648989537046,29.173867680042036
1483.1872996643303,0.5772324591752679,0.08351858944595815,0.11098273392486821,0.7556969553238378,0.012632077969429008,0.2892981812835466,0.6207387187031113,0.009787937699077943,0.07998756154228835,0.40522928580574363,1.533632811230476e-05,-88.97256541446417,51.86428693970478,446.0054289517638,0.01258630576390152,0.014991412085927705,0,0.003958427212611751,-0.0024851597728343584,0.0035879189649506028,78.03251713616801,41.78106409271035,28.893399945845776
1484.3429819630749,0.5842924917480636,0.07589885582409993,0.1110581255631115,0.7787782000222772,0.012577145921735635,0.29314624107243836,0.6185239580637583,0.010218245438963807,0.07952429637170966,0.42528378325799115,-0.00010016374152845264,-84.43263039976924,51.177786713058865,451.6801729453706,0.012480150533898294,0.01467239206111228,0,0.003712018633245657,0.003185481892590064,0.006150212697688355,79.19558715598095,42.00039969162467,35.46066059784513
1485.3904281552902,0.5855046327935228,0.07683706159429449,0.11093043925781983,0.7910176587212917,0.01242538402874943,0.27543706407884694,0.6161957583634879,0.009666665965585332,0.0800046350584767,0.4264463569148593,-1.204973564225369e-06,-85.44840877682462,53.19328433866275,451.80123255263015,0.012321332525491183,0.014707643599641837,0,0.01941174342474296,0.0026685534968712244,0.005526127739872308,78.18465107054875,41.81306239920636,35.20348716326631
1486.011912896005,0.5881132761937484,0.07699704175954315,0.11162863961213201,0.7993130467248565,0.012246024472757158,0.2749919715056269,0.6170398529631775,0.010353366509839921,0.0802142570529348,0.47512963132238867,6.2166197725365e-05,95.94291758675473,52.12957717480468,446.489249698557,0.012223378242351384,0.014073880365812043,0,0.03493024630544527,0.0013037628888287645,0.000472252720339401,77.62034164940027,36.19843610047057,36.06463699788148
1486.6333976367193,0.5889144202044049,0.08344347721570367,0.11040779752021276,0.8391546859681027,0.013231274194523508,0.28052020556972135,0.6460469779664482,0.010162285084437696,0.07996772012527645,0.4628323526355245,-2.3539638152703016e-05,104.48953459463031,51.8257758330194,432.6959839582826,0.01549661973067817,0.014402874076096818,0,0.019291904559411332,0.001276757617387169,0.004938705007104344,77.7860050599383,34.63884910280509,35.6542630430464
1487.2060015551303,0.5870798875066525,0.08340434598644862,0.0993536994917686,0.7938465750793273,0.01244751928930361,0.2742903881234001,0.6345746500375631,0.00968580485556586,0.0800027606901988,0.4473608300964353,0.00015401591444942796,114.47387875448335,53.130297131045346,424.9543529176289,0.012039393006718408,0.017629837556205768,0,0.03150505271367731,0.005753174674637925,0.004995792611720631,78.13345680807129,36.75237044636154,34.876359541630436
1487.8205033212303,0.589841156602783,0.08381860466387127,0.09552143097586893,0.8117025406759231,0.012631843115140888,0.2909345832290519,0.6345696215190426,0.003425654799078218,0.08012718635374853,0.4681719538936884,9.890977921612246e-05,105.38120159769898,52.50845235340249,430.14992590308884,0.011556351823416283,0.015225710287041281,0,0.031802589624409974,0.006886623847434331,0.0017735971439421954,86.2847650301594,36.216064303959584,35.34488391732394
1488.3965987269487,0.5733036420069466,0.08306992559016517,0.09054363355779559,0.8108449218548209,0.013759729883192314,0.28988352468215767,0.6387280631100807,0.003371425681497781,0.07992083694879781,0.4962793503369517,0.0001790216264152718,111.1232915247709,52.810752138275134,444.3950256970778,0.011898345508617406,0.017421564259977235,0,0.024554484306637064,0.003071488363105195,0.006647790083080395,86.25593223402358,37.31520090750932,37.0072768660675
1488.9307962849787,0.5723207688532841,0.08253827185978894,0.09119654006390117,0.8045254160256508,0.014088108552001094,0.2893733338840106,0.6329216617806397,0.00353585874307146,0.07972864461554591,0.4854139972293215,0.00010291186665528862,110.9428158508878,51.31666132029575,442.63295105157914,0.015504005308089354,0.016730264267585254,0,0.019629341472914667,0.003228809603334794,0.005255555991401783,85.35180042958999,35.942821249587794,35.489098248248375
1489.5941788733815,0.5707412759971833,0.0835456637804803,0.09183748434169178,0.7683660970545949,0.014243175004824653,0.28637126802683177,0.6468910995981664,0.003346794389983292,0.08007278061499461,0.5020395591138854,0.00013162339586203763,109.37745497068663,52.2778434633596,443.36657501157583,0.016587126334415715,0.0181360934753224,0,0.03343986476045072,0.0021880903816240108,0.007874409085204937,86.02955623680396,35.20936941456828,29.016511882696843
1490.1947146902519,0.5718729169851822,0.08342063379298649,0.0918432193967482,0.7772453914578811,0.013936829028409313,0.2865604958965777,0.6364646280375362,2.353293192006005e-05,0.08011067726925722,0.4682071723442411,0.0003266027024332935,110.6512854276257,53.16566455999564,435.82671600315416,0.017578574145470715,0.021003707550032825,0,0.033389050829092146,-0.002602035906517626,0.005722762290758929,85.29093422896875,35.34750929824476,28.201312662494225
1490.795250507122,0.572595354390561,0.08304874430893024,0.09062272751252418,0.7973644411150302,0.013826945538494593,0.28921778886674343,0.6287643960929026,9.23767422332654e-05,0.08046340456999244,0.49884086061348254,0.00021823202606226065,111.25673439416524,53.58242750150709,454.22162948548373,0.016740917291684546,0.03381993013725725,0,0.025963275995944658,-0.004242552532953027,0.008530246011964993,85.02188049048235,36.167871230538125,27.08761144839143
1491.3853118620698,0.574695557489796,0.08386929537139565,0.09017424097267279,0.7961561796253476,0.012462457185158664,0.28864847737889004,0.6312889511506281,-0.00036563361839343366,0.07963843128738463,0.41036948580288657,-1.6695938449112963e-05,110.47051570384286,51.11750387785678,435.2318664144663,0.016768760686727346,0.03370561230973644,0,0.025432203093547247,-0.005457482613957947,0.005231740613691362,85.57821001615096,35.82614517563912,29.030494212630266
1491.9474413185587,0.5756059587431126,0.08329236365638394,0.09063412373284692,0.8008450391840582,0.012554390721624079,0.2878923965702872,0.6354264035697166,0.00013403805934362548,0.07966575519564631,0.42947464055069645,0.0003264113706232586,113.97796888093949,51.946926420004864,432.7305133512459,0.01671398904235447,0.03605624359883925,0,0.032731867413441945,0.00486328109472492,0.0035012486325090844,86.055115915431,36.058624525001704,28.79159693981268
1492.582892008503,0.5708923174899792,0.08347646700287101,0.09005334472625842,0.7889178283066889,0.012365455726079666,0.3113033644741694,0.6279490709666633,-8.327655337682008e-05,0.08029560238807194,0.44841723846776976,0.0009784365423378821,96.2085769413996,53.599985032795274,430.5983162783935,0.016638563155012522,0.03473666116456453,0,0.020498805213103707,-0.0024675231918307736,0.005575583613423758,85.48449055987354,36.135837466323174,29.765054206254423
1493.1869193126804,0.5762227268835676,0.0832950050309785,0.09107247127743215,0.7574451554579706,0.012625597260863836,0.3081556961908204,0.6334117539532961,0.0003080996954965205,0.07965377033961192,0.4181589289640531,0.0015931317088638214,93.86637872215428,52.69480640072345,446.0326254802651,0.01944757079122339,0.03450014397518544,0,0.02316122148090706,-0.000979762259045354,0.0009927222568143958,85.60347250467626,36.268440072205856,30.09523999453149
1493.7874551295506,0.5658057820368537,0.08333139096300118,0.09100286300938785,0.7746122647279177,0.013114556632520574,0.31169275836775406,0.6358907184970732,0.00012307790240480602,0.08005506438875258,0.46330007778699017,0.002381862518709542,88.22429291990633,53.13483906315803,426.1878362623297,0.01918380033726894,0.029353693198233746,0,0.02862709841945192,-0.0012369368168728607,0.008137270830010625,85.79346635851655,35.62269443487324,26.51810460131454
1494.2622974033548,0.5686921702722331,0.08364445992994153,0.09042568630274984,0.7565065872187874,0.013416809456449769,0.3110514524373222,0.6488678058218159,-0.00010761219702744278,0.08314919851004417,0.48320280253733955,0.0016928265283405737,88.61747009286361,52.45007756943073,434.9012906027929,0.01698943437466105,0.03330533529715984,0,0.014575170066893866,0.0013141531605834844,0.0039001723768695463,85.98486415027902,35.10125127924143,28.086750689124646
1494.9745608140618,0.567561955975691,0.08288987575671422,0.09011823656814383,0.7846107306430781,0.01351920273075224,0.31212787751583426,0.6520301192921835,0.00018072618165228618,0.08269443311418152,0.49565138053336444,0.0017655925022487793,79.97289215928897,52.037000848798066,432.299994609866,0.01673549469385942,0.024919374446570785,0,-0.0014314634011591814,0.0021893892941535643,0.007739468358142202,85.57725289096318,36.19234375850836,27.906208154090795
1495.5506562197797,0.5743964426777562,0.08043565116641743,0.08473479644309664,0.8267805581320872,0.013412682604692387,0.3140249226792668,0.6408485057429332,0.0028292494982000917,0.08313639524469957,0.9191867663845587,0.000302378146452979,85.69057988175132,53.521089908885564,439.9928897732241,0.01566018349965863,0.027887945181784817,0,0.007040795873676859,0.0071158866964670525,0.007963585914177103,85.09523856695749,42.96675573119081,28.65911843810962
1496.144209062035,0.5671756876181806,0.07686049564965274,0.08533948741886756,0.9503568553981934,0.014493955271447392,0.31677716497049113,0.7263618998219753,0.0036892564505488193,0.08375968347489816,0.8979050948056588,0.0004489387311892732,78.15120475127308,52.05135059282834,428.48945277357916,0.01533514225570811,0.024781041031794706,0,0.007634493647624201,-0.0012531619545618463,0.009279969674614114,78.34560498673747,43.450902853934444,19.989721425328316
1496.7377619042907,0.5689041969640374,0.07989529746955591,0.08417500078984971,0.9557742604506017,0.01575453410224038,0.33024324540100797,0.7793285839802472,0.006628277281858257,0.0928254874865827,0.9103195085760684,0.0006828565773439414,94.97732967522289,53.703542183104375,439.3240251298723,0.016532006478386638,0.03374833841157907,0,0.0012047281890795105,0.005471421096855014,0.009826738860965797,78.74434452627452,35.88855206565132,20.177320934772702
1497.3208402846242,0.5662921605311008,0.07948660246216853,0.08389168672490611,1.0138028759707163,0.015937109555857115,0.34025660339019004,0.7739795722636793,0.0065111272297197695,0.0931625945268007,1.0197528715461899,8.918446128670701e-05,88.5369290611642,52.93272944795508,463.16383179916727,0.021176517222782718,0.028538721150193565,0,0.0013376332198001108,0.008900355400940295,0.006401701638216815,79.08105612288445,35.028950615541724,21.35656554788793
1497.9562909745678,0.5679409611073981,0.08346160434719205,0.08265516238772377,1.0270717854755713,0.017188464784800322,0.34462880416467623,0.8842609842208373,0.009899676809535197,0.0934904539621167,1.0134355839675202,0.00015741719965504852,89.1084806545484,52.62193310520914,438.4130740653445,0.015685225960223155,0.03601879861085527,0,0.007772119456827639,0.014772406866082295,0.006262311825094139,85.33435830193233,41.97639491583495,20.96502868460631
1498.5568267914382,0.56723983617414,0.07978772637130122,0.08294338470022171,1.0500857339965242,0.01772745422187616,0.3797213653480231,0.8828200925229497,0.0066204712688868,0.09355614950134422,1.012358610347634,0.00012024431794929223,89.80518531884887,54.161699798500926,425.13345980297186,0.014605313356398532,0.036046663719726764,0,-0.0014293726663734056,0.012562016610989638,0.011444612880605644,84.59649509594777,44.19414846224609,21.03309573436534
1499.1224477352346,0.5647672854575662,0.07642609822775445,0.08375525863882112,1.0427514166502145,0.01757510061935094,0.43536064627487975,0.8950269366335831,0.006481103358479684,0.09297662616135646,0.9164766307435966,-0.00011218834441364027,91.9910033528772,54.31823644532662,441.24060882313114,0.014719095995911747,0.028230460075881675,0,-0.0008198728832560895,0.01728535053479924,0.009315453984616714,85.17671562015944,42.252979368820334,21.049957266104556
1499.7334580140266,0.5681227430612665,0.0699889204357875,0.08287701785363231,1.0670752236044827,0.01773279495975072,0.4356468140440735,0.9001149318236298,0.010032954978992674,0.09380389433206116,0.9201637602039822,-0.000164221423727036,85.93393705729929,52.356145633499224,438.4827510009584,0.015318339175648791,0.03329398902911032,0,0.0031939321473835273,0.013448776300800077,0.010010225617276802,86.3245401853718,42.6208244288909,21.679873803281993
1500.2851130085935,0.5738425442451732,0.07029588877741358,0.0825305276227245,0.9948978936944775,0.01737654184403417,0.4382785039094205,0.893102105398486,0.009670407861748047,0.09297354434856746,0.8807128390700247,-0.00016960845550436743,108.55065995153227,51.80894573532118,450.00717929051115,0.013078034482872206,0.03269434190115872,0,0.00997982660872644,0.019265441432028598,0.008910243499747837,86.36844497175792,44.01342825597204,21.544677103493473
1500.913580723923,0.5737657413613039,0.06999568319294577,0.08100917747952929,0.9911713628349228,0.01772908860066096,0.4350027006171035,0.8716872655602603,0.00995085734361857,0.09304094383998036,0.8837968581547927,-0.00018280331545752083,111.13035158062932,53.76013576490791,430.56221864562434,0.01564004708965065,0.04126097715590624,0,0.007657485263149177,0.018225833698426196,0.013370792897216502,84.86408346231796,42.15604892049978,20.978922452366387
1501.486184642334,0.5719154203291293,0.07007565649095633,0.0808588394270368,1.0404757231590303,0.017631123840696275,0.4344187085776019,0.8833498474329475,0.010435746210328804,0.09354662273767957,0.7729624202172709,-0.00044860108068715593,110.11977639619452,53.38049710516699,450.30441460563924,0.012932089125813624,0.04175977895043225,0,0.0036715442875514537,0.014892832382615939,0.013496354174076375,85.6516049518574,42.48798833938301,20.539594296666554
1502.0867204592041,0.5669922116942968,0.08341794747241442,0.08017270615809191,1.0414889812613932,0.01566165098900493,0.3831312884622168,0.8619662767780244,0.00984410525668567,0.09325465361586528,0.66574016717944,-0.00043426289971514314,108.20999969007441,53.43597096291859,443.93527532232093,0.013173155177829009,0.040193797926939286,0,0.004459439718174219,0.01703997687255803,0.010896383298241248,85.70155831243326,41.85913257107697,20.672236656071018
1502.58600314416,0.5677416498670592,0.08303220649048915,0.08036538326042139,1.0617370491052291,0.015399318016971064,0.38525565359176484,0.8111593569774997,0.00986248529418299,0.09354181509431755,0.6496884124224639,-0.0004077343852186304,107.78701908626795,53.68275246690972,443.6953304692863,0.013184772712006151,0.03619104647106018,0,0.005791881577132305,0.019169897107714606,0.013976904455712874,92.71057500383282,42.57285264411071,21.74762703264854
1503.2458942452558,0.5653705406052051,0.08318418559365023,0.0796167150393333,1.0196039692745646,0.015275924570524088,0.3817988932478852,0.7721897147611448,0.009812972513073195,0.09351054831866654,0.6329074816088973,-0.0005217033383399339,109.20605828900563,52.598122703007434,448.16285365160246,0.013326469511970038,0.025560735696324725,0,0.006888219230950324,0.02128754262821848,0.011245905749807305,92.84506178830887,43.40081253975465,14.642020785591015
1503.8569045240483,0.5747858852826007,0.0831803233335707,0.07904895727156876,1.049923542721661,0.015082229314294157,0.42302282657760326,0.7721210247499893,0.010119398770586551,0.09002507117466327,0.646694624022859,-0.00037046391096774006,102.41299232359503,53.351843243562534,450.99871908195917,0.013248413511531179,0.025865486918692164,0,0.006959556277927432,0.009664476963070618,0.005712058246940237,92.49941180695242,43.17473784140096,14.473219499656908
1504.446965878996,0.5676859738346559,0.07998015063826712,0.07916282067214485,1.0416830995214388,0.01493578929791545,0.3831318809390858,0.7519279116963393,0.010180728366009946,0.09036342399523889,0.6373299306371393,-1.1834408642859956e-05,94.35653439899801,53.70867018689146,441.2472648959984,0.01717968578326681,0.02108457762808967,0,0.0017326434622153722,0.0096182788226252,0.007711128853100968,92.56267932678749,42.17001512969865,14.867344003556017
1505.0405187212514,0.5669566031672105,0.08059243379485925,0.07920998433978053,1.091186566594686,0.014547229690576568,0.37989579407803464,0.7458001655218357,0.009852628635747094,0.0898952868551099,0.64357419332597,-0.0002640041283239056,94.63582518157568,53.54545790843403,439.6752923327456,0.01740847001900654,0.02598365293795804,0,0.003192413292452838,0.01707044129216092,0.009362592425349994,93.00687943525985,50.70855412323537,14.292472575711786
1505.5851907412036,0.5638866667058754,0.08335185181563436,0.07912154909223455,1.015456424632917,0.014027447894111917,0.3477570585169974,0.7067616776550181,0.00969347348900581,0.09382102279203815,0.6015535009682323,-0.00034162828898858373,95.95516333739253,53.12797747722285,444.2347422932323,0.013523552405204827,0.026153449074866483,0,-0.0029432494527614214,0.012928318673884023,0.011121370998596641,93.93995705727207,51.45656351551214,13.607072610359719
1508.573903876325,0.56543985148041,0.08361588103964392,0.08089145816508354,0.9847767630114407,0.013228221749187025,0.3432295526488864,0.6892782919542075,0.01002872112334884,0.09347110586732632,0.5634382514080959,-0.0003982859869438339,95.5203871539356,53.41316960697234,431.08323505661434,0.011304427735834514,0.015541268465617809,0,0.009177813921786807,0.017213724148629782,0.0006063618458765681,93.08882741060287,48.77268114885595,14.497180993303093
1509.2442694393428,0.5663006992021082,0.08360897648537889,0.08102382180036352,0.36347551715983767,0.013001712101939504,0.2863699487838296,0.6654023325163058,0.009721487264716671,0.0934994410144258,0.539556298581073,-0.0003769019599772572,40.91020706053271,52.69917323369338,444.9453134368788,0.010468274933874628,0.016461711144408267,0,0.3332595491696212,0.005661194834969302,0.0070404733831143426,93.22022466522571,49.41932933877518,14.282891443084305
1509.8098903831392,0.5637516823428211,0.07993464888716577,0.08425197207448204,0.3358350626257872,0.01303844852214267,0.29031165968760564,0.6122783307828383,0.010281933674278008,0.09400930663073744,0.3443265636536137,-0.0002718229217894492,6.366512928619541,53.230918186928335,432.21519303554845,0.011270493785062534,0.01320129414067103,0,0.33052202979305184,0.01755275773092199,0.0027850117614112756,92.88968671385531,50.50353597494133,21.090981457902654
1510.4034432253948,0.5658018606154521,0.07978213427414256,0.08479172588674508,0.3066046316196671,0.012945806284129852,0.2989244285773472,0.6081817029322117,0.0032838296116205782,0.09321959182552259,0.3629804101957536,0.0003322020736650479,-0.17941255266271128,54.87067866815854,455.5110978274763,0.020341981717110574,0.009937938637593206,0,0.32837334465912377,0.011058691312756906,0.010125148252866936,93.42682873531552,56.722999132383976,20.063357613991805
1510.881776986506,0.5928379142284497,0.08020986713805255,0.08641409729683121,0.340559008561204,0.012886810499492593,0.2814188139588363,0.6153247727030494,0.0038596008231638027,0.09987635835400956,0.3406052631828992,0.00030832663180751894,-3.364492521213362,52.94645239686986,444.73670929354165,0.025337921120185538,0.01325027572525762,0,0.3320842859794706,0.013372914888395733,0.014222919612224477,92.8682740555761,57.85868418484362,21.046596049434694
1511.5870574225978,0.5933867927946076,0.08026890346260163,0.08614398418242096,0.31203276591966084,0.012898816865660606,0.283205543536445,0.5908277565488566,0.010183667991893445,0.09984354467145833,0.35389731076970504,0.00024007201036260162,-60.63295956026074,53.090859600791134,435.62060105617627,0.020632424210715716,0.009000548939023464,0,0.33353824878882066,0.01686438026811412,0.007553350795901699,93.60146966181559,58.3071942311023,29.417765821759776
1511.9362061533363,0.5772784257620205,0.07986944790363534,0.08755465110495765,0.30340804507196445,0.012279313191256002,0.2804810133228125,0.5856323174979328,0.010237331600483502,0.0998496072594461,0.3418076584081732,0.000357869541433948,-74.89343644659755,53.66617387536012,447.29683807926574,0.020309037354066726,0.025051604984391775,0,0.3275097991700631,0.014777606193263213,0.012927792948123499,92.9163068561573,57.13546527252386,35.3618407189632
1512.648469564043,0.5707795866198361,0.0804252860183268,0.0871084744389699,0.2935256718300153,0.012299179363062676,0.28232922948085604,0.5926426109760172,0.003306645666972814,0.10018446469607377,0.33110888585517967,0.0005617161884850731,-80.66500779205697,54.37588843174073,438.9510973780936,0.01810908401628434,0.025139971683620487,0,0.3421876245687579,0.0031872835392777344,0.005499960345093973,92.37604982090548,57.98808059576896,41.825972822235926
1514.3523153700469,0.5778402026666001,0.0801686037461539,0.0874733121861204,0.33563350956683874,0.012465208958432552,0.29657663264289,0.6049301238212248,0.003310166676987097,0.10011013487340506,0.335452691830159,0.000819330726222126,-83.22995005772613,54.712585844954084,439.0033816941715,0.017682830466341462,0.02510434645305782,0,0.3372339862476611,0.013033819624013532,0.008133734415797343,92.32739142080244,64.2550187708594,50.043344311424086
1514.973800110761,0.5944504307505482,0.0796870712789136,0.0909508338695996,0.3756428079417253,0.01219280630436126,0.3104015751630909,0.6170915626092811,0.003218370804013857,0.10032173379398907,0.3571660626466141,0.0022764094944163595,-74.88525756138357,53.93071492616641,450.85323098539914,0.019771844033438495,0.017959037475141174,0,0.38172612767722874,0.01314462856007717,0.013814447456419337,92.17959221080679,63.21924823216879,56.886815983324276
1515.5778274149386,0.6034946147871003,0.0790937915508276,0.09081890314739688,0.2927073004502134,0.013385811860015138,0.3144621590914725,0.6285188601794067,0.0037194571701343773,0.09989450033174757,0.3641804596922643,0.0019791974693161352,-85.52499313726052,53.84643740892134,436.14421543168163,0.020812116318742333,0.025404780781876038,0,0.38502633371995443,0.019981167707021595,0.013859171819496667,92.8539266104655,65.06640205655344,55.383294616349104
1516.1748717445016,0.5935790377120106,0.07989014511665146,0.09160964878831318,0.3343882622176489,0.014890138958771093,0.31206432217187385,0.6252961323027287,-0.00010793816556282985,0.10020176630378842,0.35863214932764775,0.0020777197955613824,-83.87854943930873,54.09330233435781,464.3132441822561,0.02055274465311248,0.026198615599793435,0,0.39029845990839357,0.016418353040391045,0.010896288246748225,92.91271046047933,64.29621269634073,58.5762303798558
1516.7370012009903,0.5941221335716693,0.0866802862485969,0.09035939940176692,0.2893007565675021,0.015301799093996142,0.3330276076636209,0.6533249615737989,-4.157124498612252e-05,0.09992139296838369,0.35259841196519337,0.00190575705732305,-79.37629893229375,53.2204202494062,451.88700431631634,0.018256712007795953,0.023979321742033734,0,0.38435095608221564,0.016291563681187872,0.014416466687956596,92.95946520897657,64.43678752569625,56.791292731269394
1517.368960403627,0.5922406777857774,0.08990048636802557,0.09048428087000755,0.30623264817837226,0.015185893606438922,0.3284440741492061,0.7090946916615819,0.0001713817572302457,0.0995736912606567,0.3642344858289572,0.002321887567032693,-69.18668675598488,54.94057598454556,451.42079497855246,0.015208360773319664,0.023366893760713638,0,0.37613356790798413,0.012975851232149003,0.008931712525864537,93.0102593111283,65.25145723650242,57.30432596125688
1520.6125521121871,0.5773398968886984,0.08624506676200276,0.09134318789310401,0.3134534096743981,0.014936123095481677,0.3118816646607054,0.7055848094123998,0.0034304162027130186,0.0994895297863056,0.3702256535653811,0.0010191097458465033,-60.931083052384224,53.138958786527986,443.7879236300414,0.011993852055905361,0.025462454909654778,0,0.38423569837878674,0.010493463064790855,0.015534307808342328,93.20635912344953,64.08400938032804,57.90721975803237
1523.3428951865621,0.5696337812975181,0.07950315830100024,0.09068078202146637,0.3042056646638771,0.014638314217172106,0.3091211191591701,0.6954429076045263,0.0031464701564250393,0.09968483630468598,0.3301397460083011,0.0008815338491838603,-72.983483733703,53.313036258464464,445.3347777259137,0.011236990102238525,0.023076450230983012,0,0.6417745795219996,0.38654383980964946,0.416390598799609,92.56800875621342,65.1865889351934,57.54194123947804
1523.9329565415103,0.5704810172764749,0.07953326674092158,0.08931445666468701,0.2832350999600024,0.014836601888035079,0.31163785104751257,0.7164183876385272,0.0030223693176033854,0.1000648405779652,0.3427013079624349,-0.0018969446522376285,-59.29629758485285,53.66594923030386,450.1179436919601,0.011203741316328895,0.024041916797257142,0,0.6520094200875179,0.3890718061559712,0.42080852806672797,94.14663024996175,64.5550834689877,56.066197691363
1524.530000871073,0.5680698147982133,0.08055442810223447,0.08802129633875709,0.3102140295554452,0.015053655853042225,0.30845980932877565,0.7387832382231801,0.0032350345366350917,0.09968254528451014,0.34687211276836466,-0.0020473797564908736,-30.526333539489972,55.38538407696213,443.0544826683337,0.015298178945070883,0.014622363564204434,0,0.6448857123350276,0.39349361028677327,0.4220736718900894,85.83547534778904,63.65175506004643,57.62933960702116
1525.1514856117874,0.5924491377549317,0.08000929186548263,0.08647745782161546,0.2992066235398442,0.015236071371811058,0.283426021559831,0.7420040473152597,0.006816504888170118,0.10072900670271812,0.35934976800044305,-0.002132390739380081,-29.092116071165588,55.5414146010349,451.8222909282515,0.014786891977241243,0.014937852143400036,0,0.6493897267606611,0.388683511456314,0.4215085173789658,85.65393065387008,63.92126190946094,58.27135921323219
1525.675208707895,0.5698200420136011,0.07971366868752305,0.08664823029889891,0.29164611483280695,0.01658608373209465,0.2841493293474753,0.8164481914577787,0.006653045971295117,0.08312049477204703,0.35598894015542587,-0.0023590807912045424,87.02502304827279,54.065796963430394,441.87583019437034,0.011474948489322689,0.014470837026373196,0,0.6517830458024764,0.3928962594552583,0.42377120077451974,85.86887589369726,63.38884203226809,57.704344848974095
1526.0522893370928,0.5729881904155311,0.07983216626547178,0.08291206931126578,0.28301330313941536,0.01537370008058357,0.2818907631734094,0.7454644238233495,0.006557173107092534,0.08370669699033206,0.3120911688827811,-0.0021239480373763165,85.78908893088395,54.514745369637126,455.8552644972846,0.010070647081226609,0.014669620554563407,0,0.6561661866130122,0.3945965084017936,0.4178392249576708,85.71634698648565,65.39900048556154,50.53897065287865
1526.5271316108972,0.5623966794594604,0.08032019582171532,0.08261104431837063,0.33326168625514846,0.015193138224703574,0.286207814597894,0.7444933368284467,0.0033784579286532165,0.08006707632384183,0.30738963469162717,-0.0019941647539656166,95.6496179138161,54.50796944474904,442.9871640124878,0.01080265766464385,0.015098740132467226,0,0.6454615126262335,0.3908723477085033,0.41767638284823533,85.40636788903426,63.71110895833062,49.73632813128319
1527.2603439454476,0.574315974884084,0.07967052346347697,0.081475261275611,0.3608719346348068,0.01494051327007725,0.31165117629551875,0.7522584833929744,0.003489518153011699,0.07984238874124029,0.3553215556222885,-0.0020565360415791554,96.60416349081292,54.26511937268394,469.2488515788673,0.011310408190771282,0.015115777121120399,0,0.650221376696341,0.387673255101124,0.4187785054681436,86.67744396189347,65.40061264004555,42.87009047724542
1527.8818286861624,0.5565688266381724,0.08074012809360506,0.08160769545000071,0.3607399586169767,0.015139422004874602,0.3066904975343607,0.7536479370571575,0.0033408329035054876,0.08046653094585998,0.36260310312265154,-0.0016132222897828697,103.1012764097162,52.6323803073621,469.940137767799,0.01201103640676662,0.00545901582448329,0,0.6472632445650953,0.3793579454843906,0.4187017943205049,85.34657172373466,64.62719180058542,44.037420289934914
1528.4649070664955,0.5562690474285887,0.07969827191529438,0.07967191230989833,0.3686334567832839,0.01555231334943289,0.3075132270865492,0.8114438942175883,0.0033423071501770115,0.07933091912090791,0.35955386613198603,-0.0017935937340608677,99.80419812623185,53.01732151845088,459.69849293664555,0.015221191207597472,,0,0.639010937148333,0.3791505160163427,0.4147013208690389,85.58300245627323,64.69435510575009,43.048353751948596
1529.0654428833657,0.5708047528437246,0.08026147296693781,0.07932142781067272,0.38639756335971387,0.01641840258078298,0.36113010411620783,0.8120954575378719,0.006375417478676641,0.08350912002636003,0.35132503988688196,-0.0020895635654918825,98.82183539020673,52.03208308528428,464.7592981303054,0.015194930347178073,,0,0.6265070316856574,0.3736340474336974,0.4103915943367498,85.49034319910467,64.50794655190214,42.40899955736018
1529.6031319287029,0.5741135614804329,0.0800992987714412,0.0796937572475345,0.3689828475831891,0.016897125310786538,0.3595400500742805,0.8230512521836076,0.0067606721517080555,0.08369672938717937,0.7513996989251933,-0.0019261082532470854,101.8601929001788,53.05644589708654,460.58747658003676,0.015202967507942278,,0,0.6257184862189923,0.36862669383046753,0.4131753021698614,92.77293596166429,64.15317289199564,42.62132941610237
1530.2490570805692,0.5740978062025209,0.07981886663363555,0.07993471787483203,0.3927541391949884,0.017205595350225533,0.35810748038642803,0.8221324718317089,0.006822555833295802,0.08321485093817206,0.7553462077631085,-0.0018284609548539566,99.32848919433346,52.98469597298823,453.46718248328364,0.015366351207754307,,0,0.6258233427629084,0.3677051459427077,0.40550504459948405,92.49151906470058,70.3579227186814,42.525193657572515
1530.6156632478444,0.5691123255251913,0.08050284359438387,0.07997023890150812,0.3686193241982897,0.01713448050673032,0.40985242375489955,0.8176282088538843,0.0063084011310921145,0.09327760211532674,0.7397263900549139,-0.001528957435884528,-56.07162622425036,52.67060989632544,458.39875518773886,0.015552295375146151,,0,0.6180128777350825,0.35888055340377517,0.40899015047952664,93.39877985470662,71.94334613730906,49.63912325888266
1531.348875582395,0.571275610877592,0.08000123713287619,0.08123097609969503,0.44621898968732476,0.01705959621272608,0.420320013467633,0.82601409745966,0.00321487392640564,0.09298970861139746,0.7506030303814247,-0.0011547214049681107,-56.741536565124434,53.123358262104816,457.44517998763774,0.020251805826510996,0.007262077485928291,0,0.628937206980873,0.3542729722860794,0.41210178825031135,92.85296374142605,71.3797736984625,48.73218599701674
1531.9598858611876,0.5706495746580513,0.08037824340676027,0.08188459392906781,0.48778243814290323,0.016877027361875192,0.45385134247538955,0.8291185435521171,0.009996166920720436,0.09973361862831821,0.7464254256620707,0.0016845578288587756,-56.55516223865803,53.34822584817028,464.22089943151025,0.020481000567612682,0.008420494454935317,0,0.2758613363232154,0.023870352076656838,0.01846033333039456,93.43961479990148,71.97575977618519,51.29738138767418
1532.5569301907506,0.568755298816515,0.08340968301759079,0.08228266234247532,0.4785126579785132,0.01707906942698965,0.4561327573134861,0.8247614498856888,0.013643425059832157,0.10345249643581923,0.740689984390889,0.0007308655444454522,-59.05421215618043,55.420410689926285,464.73244133119476,0.02022620771446762,0.007359643050534665,0,0.2169933652164202,0.023073481908579614,0.014855144156119245,93.56424514026048,71.14264045700828,49.4783758812222
1533.133025596469,0.5714189317235192,0.08304804802671051,0.08242919505253371,0.5500275769469392,0.01697932027152934,0.4544461042441735,0.8264695055619942,0.013359338927380764,0.10355572970570519,0.7532000625554737,0.0007645000839186857,-64.88061364927063,54.20778363741661,457.4076633017519,0.020582289252299928,0.006808622644525346,0,0.20768262427051426,0.01896512262553026,0.016404291253090623,99.30247206899949,71.69365020164449,49.697575313478275
1533.6218338195029,0.5700272559274333,0.08284277418074193,0.09027844384331293,0.5614965140826191,0.017030315453866355,0.42156077587766466,0.8210611206112501,0.013768230133739758,0.1037462340822504,0.5983679542084736,0.0005483131487828383,-71.38836775770254,54.607769269685555,477.12619417007994,0.02062954699768126,0.007789202788211866,0,0.20893173198079518,0.024219067515057157,0.017880038221397433,99.53470933192928,70.61998743771069,51.69893397970102
1536.0763493965944,0.5708171301720542,0.08337853202703473,0.09292166253361697,0.4924015160160602,0.015023305145813444,0.4160452006539851,0.812078956866709,0.013482475001604351,0.1039438721877039,0.3618295867639743,0.0001442804242044592,-66.58005446434143,54.98416916121582,468.4780924737541,0.020185770955000484,0.00712451599146701,0,0.20327945430013858,0.017364745549757424,0.010385211477078257,99.92359375034233,71.99511641476442,49.75685025884316
1536.6489533150052,0.5695111142789401,0.08344256748942898,0.09166756589118624,0.5082332117271092,0.015002302003458607,0.420606765761194,0.8062205348600764,0.009846621828409388,0.10340568597186278,0.40833406922199683,0.0009291166563337843,-67.24337156679728,53.21423045812484,465.0473998516531,0.020001625898738853,0.007605139534806168,0,0.2037139431282021,0.015415915830700767,0.014714317555611128,100.31636563800146,71.20489387429693,49.9761357534312
1537.2878954922567,0.5709262764371624,0.08306174882845406,0.09254046311934767,0.5093896910144894,0.014967406644483821,0.4179074636335856,0.8056046252176969,0.010103717919143019,0.10334414994226772,0.39910178312457006,0.0007194392909389264,-76.53171418198458,53.87152226871383,452.3512670104837,0.021228200752450223,0.007270281832410547,0,0.21188520533277588,0.01898208790409558,0.017853928839285556,100.5883495410269,72.63140975141032,50.724222300422866
1537.8849398218194,0.5692042602681271,0.08355669133561144,0.09173947832816834,0.6422822379262005,0.01503437142028164,0.41982630174486335,0.8098622196232073,0.009737734380848493,0.10390381184350243,0.36393764966377506,0.0009441659491441678,-93.08772874277753,53.3837936488188,469.93411549118247,0.020923536371478174,0.007391494383257614,0,0.2066024748098701,0.01483865378090729,0.017187268576228924,99.9057914255294,70.11630479822684,49.872965785446056
1538.4819841513822,0.5704403942992069,0.08338033126445675,0.09255709090533044,0.5220033042420514,0.015280307172816763,0.42039854645182395,0.8051214066607352,0.01012189494993755,0.10357841936634982,0.37567543988776103,0.0018941584803258006,-80.10079041991732,55.21000496287174,465.22679388306994,0.020252506290637743,0.007456956015257552,0,0.21085840903810196,0.01853759749594879,0.010322357495323854,99.37086239967941,71.36847291491667,49.95671292030131
1538.9393689886497,0.5721310902292751,0.08329528085185836,0.0924307589263599,0.5555346778464446,0.015054465493352959,0.4021616343617901,0.8134643246895116,0.01060081925972184,0.10278507740796972,0.38305207841969374,0.0006869139120343448,-96.53832981619114,53.5227122081397,458.33450117745576,0.020286023066293075,0.008261124637057615,0,0.2100989941814692,0.020235211874201034,0.015347072408118837,92.2328361106522,72.88429214304286,50.734386397375324
1539.6271919882045,0.5705377989530028,0.08268129323998522,0.09222119594912041,0.561644213759097,0.016585963177226257,0.38916234240692316,0.8082369118378685,0.00986440755507741,0.10239994150120446,0.4104621635849098,0.00019857454517058324,-95.39257439007557,54.72895566824704,461.8934994648972,0.020452527782299303,0.01278161976693458,0,0.20544901808661514,0.011391096589098485,0.0126595527140465,92.36839323549228,70.51609820901825,51.339031609223305
1540.2242363177672,0.5703628111746303,0.08323498213175815,0.09162211655373291,0.5831438083720936,0.016416968039587716,0.34645232755615507,0.8174725894213505,0.010000084528186138,0.10311140318369102,0.45479889366718834,-0.001558149053800201,-107.9953238532356,54.000727277486824,461.7843892110379,0.020300698053621606,0.013388590161315784,0,0.20655654446999777,0.01914663353176159,0.013980262702114506,92.76767640311085,64.36166179296588,42.660151466302004
1540.8142976727152,0.5679879670117586,0.08392344619356225,0.09161326964398551,0.551707484428759,0.016561657952136294,0.37637053603570597,0.8223871367626878,0.010205798872150007,0.10339510643417607,0.4756407807149616,-0.0013186341566780511,-108.23955507894279,54.17589492445218,475.10647254044784,0.020111738302470136,0.01339005319985753,0,0.1982772013605263,0.02017855656353583,0.012417165914609592,93.0270301627976,64.08370859928799,43.22980591092362
1541.4078505149705,0.5698703730122159,0.08286575315495387,0.08991207591796463,0.5576850533001991,0.0168916968111212,0.3903811187330987,0.8279905829709813,0.009913665330532883,0.10360193093498438,0.5157288612444875,0.0003145947900003991,-103.18406329041446,54.21583166112427,467.3106321539623,0.020636859678682982,0.02076749802791604,0,0.20233585138920138,0.022839275967979543,0.012352956711690606,86.57133681274871,66.12546848859425,42.7914048227838
1541.973471458767,0.566682597262343,0.08296925475263903,0.08214326587889972,0.5598311740132491,0.017317275332756888,0.3804966895189717,0.821569275700849,0.009980642711924692,0.10300772418851388,0.6915185152750696,-0.001506807942724121,-112.88032024287212,53.91908683666236,456.6958068488314,0.020097956592103162,0.026902063919469837,0,0.20062064867644017,0.021778779466677875,0.013491519474437393,79.01855438796055,64.8642519896611,36.154562479487275
1542.6124136360186,0.5688534418430738,0.08412305982117285,0.08270627705801498,0.5832819473353998,0.01722661904247277,0.37643662658022903,0.8194926066648189,0.009870613810414881,0.10299796691203482,0.7278148867982293,-0.001668691594826134,-110.31501751055005,52.61421571077368,465.23755279407914,0.020330671050030107,0.02601501648334703,0,0.2094868823643057,0.016485176484167457,0.010528609943483407,79.28788745431258,56.96657548240137,36.360720807886196
1543.7925363459142,0.5674806348379805,0.08304742317689633,0.08274255913670038,0.5404657094497465,0.017149768173076153,0.3761976217385695,0.8201091274700529,0.009577664819212493,0.10034069826640198,0.7491847915385801,-0.001608008759464861,-108.74085570269749,54.769063142615586,469.470439771173,0.01949489218886186,0.03498866094865339,0,0.20857062556906805,0.012498473328522861,0.013347042034758557,78.95024804890703,56.83353222869265,35.367128649464895
1544.9552016192736,0.5636817960349475,0.08365121282814976,0.08283975372067294,0.579447733082097,0.017134092421582987,0.3348052459202721,0.8154918067411577,0.009945805276638957,0.09982191188703766,0.7351378215374724,-0.0023556977954564454,-103.15764616794185,53.803054759211,476.4927478682009,0.019499943648393192,0.0341378831711421,0,0.2073791076827427,0.010639630604782166,0.008285132160982655,78.21071061478952,57.34982664488122,36.8367217267692
1545.548754461529,0.5570117782103651,0.08343029910865057,0.08306606551775018,0.5794532380392347,0.01709124800248689,0.33423740677671476,0.8082421549566431,0.009737936892156813,0.09967130173645462,0.7723627685879909,-0.0027705984023548564,-82.2870435686181,53.80748360597821,469.0949906389822,0.01874446128530606,0.033584429901567375,0,0.20433732862387705,0.006806199055447675,0.012994693363968204,78.78610532161098,56.86662273777048,36.935353669329906
1546.1353243291694,0.56214435101821,0.08312119929767436,0.0830160061067987,0.5643497628864358,0.01644506953314802,0.3306303998208158,0.7814538752029071,0.009934563218770119,0.10026358211576303,0.7388837265104656,-0.002971968897155376,-7.7743477025584475,53.83568763846458,483.0403872184994,0.018294878167700625,0.043316136269836186,0,0.19362239943247322,0.003881188840578684,0.007902924008861674,79.21491714686391,56.62992884074382,36.16216585892026
1546.7218941968101,0.5607066458456451,0.082850039474079,0.08245366100698402,0.5948649533385213,0.01713713845624903,0.33164594110552603,0.7758400819535333,0.010051647462385979,0.08667548015789026,0.7412413411089032,-0.003005628778912079,18.772532157821296,53.11713934835839,475.841234070497,0.019129228411089702,0.037265571700241966,0,0.039739125170680706,0.006712104989276541,0.003388885537316008,71.21992912272091,56.9451353375192,36.404457823717415
1547.245617292918,0.5581997383688486,0.07968737515413647,0.08304628251303754,0.6154226459739701,0.015010972859718735,0.32971352772652535,0.7774567104834644,0.006088921447676063,0.08678537350633589,0.7224604700094233,-0.002381015151125811,19.170019714151767,52.38589069763899,467.1440432251571,0.01744690961696257,0.031572706271322235,0,0.04351593102834971,0.005092195631232503,0.005563361172491818,70.79040963993634,57.54427942437435,36.95744078533577
1547.6122234601933,0.5599804091965301,0.08340665328598716,0.08250292559136871,0.6080162249105454,0.01515203987325421,0.32970944951712916,0.7768206348189775,0.006930351984285213,0.08706730308897075,0.7156171525961034,-0.002387285326735564,92.25019692267965,55.607158884770186,472.08640966636426,0.016778640742503185,0.025782329978333487,0,0.045947153175609934,0.0032930244086359153,0.01007192729560957,71.57285089096611,57.685425420203565,34.85548950077559
1548.0975401959197,0.5597428881882224,0.08000221921815179,0.08364649973602717,0.6058564159275398,0.01496787711939843,0.32889333121071,0.7659532032903185,0.0030226305672295347,0.08564373686248127,0.5958948228042585,-0.002447326651544545,96.61853552827894,53.14342118342098,467.83213809586516,0.012612446210824564,0.025833933065099728,0,0.05115596723495702,0.0019340470928894292,0.005933628346281963,71.61007423812433,58.47376694083262,35.04024946523311
1548.4257400028139,0.5607194764511226,0.07975721677748637,0.08312146385102574,0.6248818514836125,0.01513695230168142,0.3313806645670009,0.7670011841840911,0.0033102045874142095,0.08639213567560375,0.5950775471953915,-0.0021745555031956205,102.53300289537898,53.528071357968685,486.98291102662967,0.010318223356473182,0.02057088709496703,0,0.05053911656066161,0.001406663449184331,0.007285159485422018,71.8470345363368,56.38322465583229,35.90384455084068
1549.15196936275,0.5700927530296823,0.08030429819792262,0.0810656502693893,0.6566501019797645,0.014987133805458503,0.32513987403812217,0.75779871594837,0.0034927983408540334,0.08726025564433709,0.5780821178345729,-0.0006137018456400281,106.53088537213486,53.999463576649305,461.34427962823446,0.010511671480442734,0.02162859959261259,0,0.04830985824172242,0.006454185594439172,0.007497829011075749,71.54691198387866,57.49082320268234,35.822651049520466
1549.7664711288496,0.5718269466851603,0.08650463287114954,0.07865415359615911,0.6569100533624064,0.014826014589858418,0.33719585761772153,0.7524203531994842,0.0036762625761475095,0.08641221685449113,0.5846842189696985,-0.0006214863877278548,105.40388240845144,53.76012627440061,481.28191667217635,0.010331066714731975,0.0195587757948398,0,0.0488684757921319,-0.0022678601052437027,0.00495325741787123,71.7228373629778,57.41648115083899,42.72126038208945
1550.3704984330273,0.5682754730415273,0.08737787852466342,0.07922463651249619,0.6566801360500854,0.014624268597421847,0.33622039578039203,0.7574215888371606,0.0032163400491036233,0.08608601751199373,0.5707673268365304,-0.0006081685657400165,98.61450697477908,55.659851908020876,483.98391632801844,0.0106407817358602,0.01962850522826155,0,0.043013856266648845,-0.00028990513431871286,0.013392996798590762,71.16971227898811,57.59383644195182,42.355865335829066
1550.9710342498975,0.5735611544165365,0.08293947340184243,0.07945645459942303,0.6468620671818694,0.014754627425365242,0.3344212306635497,0.767518727768613,0.006389801807824928,0.08648778948558046,0.5876289192019885,-0.0006934385716576227,102.13344855445673,53.97016990972575,475.53906661571324,0.008257711625521654,0.018812990397198064,0,0.0508654789152536,0.005612323877886417,0.00971845105970497,71.22463370562961,58.881396105614456,43.36006568074044
1551.56807857946,0.5741033086651081,0.08347344613076825,0.0783283287041842,0.6598869505198672,0.014763382424764921,0.3417390062192346,0.7626581717715423,0.0032985412081865755,0.08702884267532648,0.6042348478659436,-0.0004485098583143678,96.82767489189106,56.32950204321636,482.3624650383513,0.009081913280755374,0.017022338626328,0,0.045880268003601225,0.0037018236261342733,0.009247462001214403,71.50987009911451,56.71296346918103,43.0105108037085
1552.1825803455597,0.574791475766742,0.0865301462740748,0.07916197131384295,0.6489915797686664,0.014966908871267025,0.33582144662403596,0.7712605836848498,0.006643314523570805,0.08618717987870912,0.6015036567293099,-0.0008385454514962253,97.05366975465566,54.524504618406624,478.44026603381127,0.008151672612962403,0.014813541757828565,0,0.04098134992208691,0.003065857755448683,0.009875701950258203,70.94852212909521,58.065392407713354,42.4402317571913
1552.7761331878153,0.5715957086165945,0.08625401333711265,0.07890644678784814,0.6759653295266128,0.014848542823688592,0.34078221123002717,0.770871082005467,0.0067962414589425035,0.08671164198667905,0.5826211335420349,-0.0008262822162025436,100.45465044519396,55.43169810056693,480.18713163079644,0.008730538165096084,0.012238018795007702,0,0.04864913571335892,0.0009078534872597448,0.012971489778230576,78.44743116511155,49.06902702662532,42.646689726131676
1553.3242966950747,0.5712919014779442,0.0869045348686995,0.07895416031727813,0.596729431371558,0.01505988609319502,0.3383808280247054,0.7679901192579162,0.006664915580426141,0.08295740297144588,0.6142213558313061,-0.0008415777019094682,103.45802671381414,54.54662758070048,477.5091707350464,0.009803017224760313,0.012000210333703878,0,0.03384510753955369,0.0067128623406184675,0.008507161916766471,78.74685817280495,49.99070646663152,41.8868999663567
1553.9492729230965,0.5669659222261988,0.08688413308279531,0.07864821134275501,0.6235076077654673,0.014925168076614623,0.3389483945430849,0.7626888239433747,0.006507181040155737,0.08365536889190237,0.8126836950932195,-0.00043425376259620364,99.18601129703464,54.06202884521317,470.53459989512027,0.008635533438785157,0.011497623425267814,0,0.016892310170545398,0.002700272105322627,0.016027680731544702,78.98728020703257,49.71324471369587,36.34217950319613
1554.525368328815,0.5670268381236632,0.08701834824928005,0.07835038668931558,0.5907098356442657,0.015455054304843152,0.34008637001596104,0.7851073178530085,0.010160998116240117,0.08288733517198497,0.8022554215171911,-0.000661467536883796,98.05071005136598,55.358360692285025,485.0131690851478,0.009631691420553975,0.012300533547897442,0,0.01016873012803657,0.004501810089657454,0.01600543493137234,79.46620037378085,50.58619182958648,36.01038398666558
1555.1398700949148,0.5677671855959996,0.08638808384516995,0.07987634641589159,0.5717069720223582,0.015586569958103594,0.34325640131666235,0.7778985717585303,0.010323424749526085,0.0793532985130306,0.83984962241425,-0.00041710247070070165,94.08740900480635,53.229305144458564,481.0407239489962,0.00907797336997364,0.014721117720605427,0,0.007819985542243023,0.005570637691449696,0.00838856882914107,78.69123352793993,43.09364628110072,35.76553012042385
1555.7054910387112,0.566406295962619,0.08667436917124029,0.08288616737803857,0.585117954453996,0.015788531870613583,0.339704653986493,0.7767477347848321,0.009645732593400272,0.07635841032495003,0.8538330472653953,-0.0006038316007230772,93.67465987727886,55.52482836074088,467.6507568644724,0.008859026899218938,0.011345068709129246,0,0.009838015510612976,0.000781800623618997,0.01284683738166214,78.27980792368527,41.24528441639715,34.820803224693776
1556.2990438809663,0.5698744709158294,0.0861838770826341,0.08477329634950129,0.5100347106971032,0.015939258440957952,0.35724445337574023,0.7843686080158541,0.01017388107833317,0.07623056611037635,0.8572393045052374,-0.0005964638904283984,94.6474973155863,54.26944875568848,475.24061772530195,0.008876453898305445,0.01042453629924261,0,0.015869161870427813,0.0006281002408829936,0.010059467022268535,78.1680517787093,34.78698718147472,27.46291336940889
1556.8891052359143,0.5695375487598106,0.08360564347880235,0.0851671845947695,0.441220646304635,0.015943201148898415,0.3618963327878597,0.8237349983465858,0.006515084043485168,0.07681380725702923,0.8825862734390012,-0.0007020185534941407,99.17943866202683,54.64213792542716,482.0470956987628,0.007539473073374411,0.008974652148853159,0,0.01014041313932447,0.00566504834822984,0.006070102144170331,78.7268391750882,28.274596853875206,21.884453978674898
1557.5001155147067,0.5718625326175014,0.08324369717707662,0.08540910902652749,0.42285727284054897,0.01601810668268534,0.3599759075093658,0.8242148079398753,0.010178518683852658,0.07651463610490121,0.8792521899164905,-0.000757934023220894,96.34047143791516,54.239180023962476,464.1838075462105,0.006332503657089617,0.012163286627322757,0,0.008917067535062757,0.0007811933728486672,0.006822815805394379,85.63802726811545,28.0834856088874,21.27602869797
1558.0971598442695,0.5704342446085084,0.08301126094044238,0.08475510831890623,0.42963210615351294,0.0160243766496023,0.3435782871183541,0.7796252569265666,0.009985416340938054,0.07697649058879535,0.8897062146475994,-0.00039213322766905225,96.65452901181439,54.655553608396914,486.5758456236766,0.006293934991181604,0.008322765995148,0,0.012198273367397431,0.0027509951008491346,0.007897347516777163,85.89721782130201,29.12996855689218,21.771858117162726
1559.0119295188044,0.5655571727737093,0.08411946705043523,0.0850980958574074,0.45382393486374434,0.015708350480689977,0.36006789828760766,0.8210169916095157,0.006883318473891192,0.07677425664534304,0.8967762858482901,0.0005390575029796511,94.6076102540742,53.92904437368912,466.43181903777486,0.006694214581629414,0.00990530564114061,0,0.01289157339268441,0.0029192527783256615,0.007692343579204831,85.48157798638518,28.276811820664033,21.048207112367113
1559.7276844168182,0.5673983079448905,0.0833781626773673,0.08440029111561462,0.4358165594648771,0.016061195152644456,0.3832165813703999,0.8244426919656814,0.006987297195162301,0.07617500831387916,0.9018290359940804,0.0007706184150521532,98.07864387702296,55.41723636614984,464.65695953868544,0.0062130671901451115,0.012244380381419426,0,0.008694436094425727,0.006828296297407531,0.0015783941219665635,85.97917436234572,28.590050027084043,22.818646852465992
1560.3212372590738,0.5726306385649718,0.08402831897119283,0.0856838278853937,0.4026865221973627,0.01570241149460716,0.38215360148245986,0.8298300074511665,0.009786091341364555,0.07729676438751938,0.8983567308619259,0.0007077177728913988,94.99575726369135,57.03804714814454,482.3404704041343,0.006742982189529346,0.011065333238068365,0,0.015911297992063828,0.002262309884361561,0.0038891030821037965,85.20622639629725,22.30920633151606,21.31565250880876
1560.9357390251732,0.5730845045850875,0.08307498619898962,0.0851341234180931,0.4165755889113617,0.015906191715100017,0.40278520457052747,0.8295186666351101,0.009726029199107122,0.07668780201227171,0.8822125246700834,0.0006405300667510105,93.3401038993638,55.50480351305356,472.36188782833494,0.006894797004146646,0.010475650260220612,0,0.003727743424719767,0.001964379372845739,0.003708051426328931,92.5129225389715,21.928159972583114,22.51920480487451
1561.504851456277,0.5712827068964195,0.08340747990862485,0.08440892363055878,0.6883495678124942,0.01578964636803552,0.4274570233398756,0.778249412814275,0.006589094827915417,0.07693130016174822,0.8704111453677129,0.0005099289250092144,85.26377779475388,54.40573811092494,469.3837894274812,0.006918865402173981,0.010915066725303664,0,0.0058493190063243624,0.0032546395997109234,0.0067613929682233745,92.42256450456578,22.613329496112193,21.00893830307442
1562.0565064508437,0.5749150308475551,0.08273059309227326,0.085316647739456,0.6700984322652913,0.01557644916859223,0.44073916831256343,0.7790465962757499,0.003059758020131459,0.07698719481791566,0.8589720491718735,0.0015572226100605928,84.73961164137795,56.021352591530885,469.4873815218608,0.008557825710000912,0.01176557210409838,0,0.007302442235459982,0.00018023457382764863,0.0006072270800517978,92.59581769118454,20.348379853617953,20.785696791740882
1562.657042267714,0.5667728338357464,0.0834818794628494,0.08513716187092418,0.744387418604636,0.015312026297302378,0.4408118043889661,0.7513603699188551,8.413691135145553e-05,0.07987167585843272,0.7853400836365523,0.0029284820441890192,44.18103139890829,54.842122884864736,475.33064750119826,0.007905673355172768,0.010790534418387059,0,0.007434798296296349,0.00352612407022037,0.004518555179285191,92.07788614404586,20.70167987616275,20.763856641263448
1563.2785270084285,0.5602174832970174,0.08259477199726666,0.08419713482720305,0.6671631313577232,0.014993411431095892,0.4427488201421684,0.7422841860863024,0.00035105044711837655,0.08026184625348362,0.34415194727854576,0.0028805656651332548,17.76198961413151,54.806048508516206,467.4121533446219,0.009105267725003826,0.010595012231628915,0,0.0038380704501007673,0.02604985632321137,0.03941999403163893,92.75640419585743,21.549796168103775,20.142773696751064
1563.865096876069,0.5604360505490067,0.0831036075693324,0.08420243577064561,0.7235202344785945,0.01517608863840408,0.4283323863228979,0.7381272172855309,0.00012158280380669349,0.09954124771520466,0.33223317919374296,0.0030128635517732726,19.613036772876953,55.45876032918101,491.3786061892225,0.008474289730202703,0.012693631567926581,0,0.008135830317297803,0.018765807189159836,0.03193891503956628,93.24111307485119,21.73346510009162,21.608471106064798
1564.4377007944802,0.5560034907107825,0.0835859935942807,0.08431123136019222,0.6836037963502417,0.015073821189374939,0.4274920410481,0.7479695790580784,0.00022144259108795378,0.10004790762582419,0.3157471276207468,0.005745204846083806,2.473344590266863,55.535168282257935,470.91578758378205,0.01059663169896172,0.012998261225805533,0,0.009808058162390292,0.025313135954947788,0.03361929054752501,92.6262674633555,20.836615746368757,21.14387496800222
1565.0417280986578,0.560982386398677,0.08416596139937334,0.08396446178724726,0.6833856883595033,0.014739893045592815,0.4396926028898477,0.7317803061675767,3.24897651214355e-05,0.0998507916724459,0.30187792571956845,0.005710943842327582,-7.38802300670972,55.1047150385936,482.6826265024474,0.010380351621098778,0.013171833644632492,0,-0.004211090095363043,0.022771207243476435,0.0363024576502483,92.34477471174289,20.644932037702883,20.73122697779278
1565.624806478991,0.5596923690775514,0.0837534976269645,0.08329863759518764,0.6907003007232795,0.01489476702139496,0.4279719424859254,0.7188522977758689,-0.00010283543601983549,0.10008196464254943,0.3047568542505593,0.006007230359601664,-44.42923331562339,54.99271787897059,509.75411021025536,0.010527078433775972,0.012672944453379116,0,0.0065532462304705675,0.021837236001750523,0.0326297624671031,93.46979319377498,22.33207603387911,20.77403012628806
1566.207884859324,0.5616432053900096,0.08359210105656262,0.08391492410710377,0.6660037861095953,0.01472954769949182,0.40089117378140315,0.7153223279213842,-4.7818928492097086e-05,0.08638741203096753,0.2783755168048365,0.0059126811698281085,-48.00246876736953,55.8359055515179,465.66738690640966,0.009296240395671888,0.014041094012553433,0,0.009699277068554241,0.02481793412219242,0.03573017749514302,93.01783568633329,20.860466593810035,21.68770973715229
1566.8014377015795,0.5610562467770009,0.0831586777341671,0.0839270883992068,0.7140990752600369,0.014711080186646327,0.37985778905805606,0.7086970866130146,-0.00027609748630763505,0.08637152948039187,0.30120405766905756,0.00286206598391046,-69.30622132556579,54.603103899656496,488.08238598879745,0.009407730367266736,0.012792530812025934,0,0.006579568750560768,0.027805502678947238,0.04546175171170226,92.30530967273423,20.795055800927848,22.0360034287291
1567.384516081913,0.567557462544078,0.08323190646129912,0.08325022121976806,0.6729498201365629,0.014660182335485803,0.36590819176851913,0.7240579166469332,-9.762280405411315e-05,0.08654419926461358,0.31135243981238014,-0.0003939646404835881,-69.30640721856716,54.824298231118505,464.54823506251597,0.009755761496141633,0.014491525191768221,0,0.009934317264784703,0.026666743176425783,0.03247318974819106,92.41598303024172,22.21364375545376,21.165931170010087
1567.9815604114756,0.5682631861951853,0.08014393073025296,0.08327789931998514,0.6541932319024106,0.014903132049319428,0.3664298778769057,0.7318895446946609,-0.00016250999172436834,0.08691316360075015,0.3000643506723779,-0.0007442006025041208,-89.64405530980721,54.72877230094287,483.1239662729868,0.009523312116635756,0.013892462086441237,0,0.006096440549163825,0.023029611753083244,0.03465983618931107,92.91871725625198,21.04179115203682,14.252969686324924
1568.438945248743,0.565017551831656,0.08022688255189478,0.08291189864307681,0.7182350707072364,0.015005028703539713,0.3644685824147158,0.7383603016760819,9.039971055178354e-05,0.08644309596506898,0.3090743151233444,-0.00064243561542381,-90.72917985716036,54.908797814005624,470.62601934125996,0.009926425894266533,0.01235100769876301,0,0.0040744650430678585,0.024336763428550484,0.037737031259269124,93.50125255746899,21.185281242798734,13.576961106784278
1569.119785273683,0.5706166195955124,0.07956958534076287,0.0826189636579341,0.7630635675414753,0.014959156924764625,0.3399739648013082,0.7388841527137031,4.41581488037622e-05,0.08699045327791063,0.3640060761139553,-0.0013962852048879388,-110.02482012808903,54.196244209446334,485.06055982944144,0.010200576123870668,0.013491051537542638,0,0.0042152511171793285,0.03151943453260156,0.03448667591314654,92.98997472097102,20.37857380965518,13.352031611814393
1569.7203210905532,0.5681853363777496,0.07997280740772666,0.08163874463265787,0.8745229028087755,0.014955070909744288,0.38062947432038463,0.7538610825317632,0.0035657264935637432,0.08660466609107519,0.6212826125091905,-0.0007267684134136134,-93.43246864429253,53.79226971461911,470.7415416929336,0.009565290541807787,0.018196529874194373,0,0.004762847147997181,0.019957169637555082,0.04020359281439814,92.85006942683178,21.561087534137467,13.876150039539636
1570.3313313693457,0.5690599185141901,0.08024453380750739,0.08201824987656384,0.8174344176819182,0.014376792166794784,0.3803981898069035,0.7347235443037538,0.003301870683991744,0.08670252941497195,0.6040582777981319,-0.00038082179688369113,-107.19020976429324,54.746982629091505,457.65651335193667,0.010763659351899485,0.018763611591510222,0,0.0037013472891393494,0.025589440742882337,0.03370475863296244,92.21977544008419,21.729484945110872,13.574585256318764
1570.9283756989082,0.570081811272299,0.08047255646193388,0.08162810416477483,0.9994455463175427,0.014632517616587615,0.37803470181332716,0.7891198550300496,0.0031487796990195896,0.08679551720754063,0.6015834353409379,-0.0003854843903130336,-100.93789575588701,55.35234604746477,471.139538500012,0.009927127270483364,0.01793070208467055,0,0.00852671520548192,0.035738486081073606,0.031555066242301665,93.1631804750161,21.265707753108366,14.374439071656845
1571.445115820401,0.567109977458621,0.07973246062635857,0.08202421802483165,1.108077183762879,0.015052181185481137,0.3791707024799427,0.816465442110664,0.003436858170810805,0.0861552382543545,0.6441147193832191,-0.00039416462012163917,-102.79633539606996,55.191986438513176,475.8475284112916,0.01055827554752859,0.017875953707580005,0,0.001313183142977966,0.03016501380619323,0.031231749297850844,92.13116956214675,20.24854986169676,14.416139624391407
1572.080566510345,0.5718606172600956,0.07926391127293704,0.08175022797103722,1.1259654654510645,0.015149234209223148,0.4124494442875657,0.8148449415340167,0.002752483338271654,0.08641775292700453,0.6440846698939611,0.0008718924456427824,-89.45994575673065,55.723558235970565,471.3567725701126,0.011438560336058558,0.017788528817207303,0,0.0033302331219884373,0.012753457880778305,0.01141370584988587,92.79312394153358,28.970922359106545,13.034352289425405
1572.677610839908,0.570227093546827,0.08060412587576563,0.08190396471955642,1.053455464470189,0.015064876878436462,0.40893621835639815,0.7838701178392744,0.0031141019002180158,0.08349342227621137,0.6561753367831209,0.0008675398247784828,-89.17848140604032,54.99374787866778,470.0018383233091,0.01225496720238677,0.01699642584363888,0,0.011006435947283897,0.010133180529357298,0.014751197452936612,93.39265935410187,36.569264392264145,21.58541416398483
1573.2676721948558,0.572231169454167,0.07978116754044287,0.08181589569231995,1.0727057619483875,0.015253080644539447,0.4070713106784684,0.7889221088216072,0.003506547215659166,0.08017445526126062,0.6098276795948723,0.0023279718996922277,-87.65197756969057,55.105161139470376,480.4683143825175,0.014189759624867468,0.015698365443208687,0,0.0018670272902317525,0.008032931524368517,0.012556470991466574,93.00848354177324,36.0662662802469,20.68165549102365
1573.857733549804,0.5677789152967627,0.07952205007532508,0.08258998028571479,1.0940222398657584,0.014787341652704738,0.44264435710070443,0.7873915968496185,0.003027968010412351,0.07934002872150288,0.6008467634941084,0.002993905129598221,-16.170852898678323,55.685748799151305,468.9079357504003,0.01400282704734784,0.015013115849432561,0,-0.002185679533582553,0.011077837974198326,0.010215525095209264,86.18138014018061,34.96319123721061,21.29465801716839
1574.9610435389375,0.5649857956731716,0.08010245574345683,0.082600478246609,1.0941538485074491,0.014838676248393813,0.4112979214856685,0.7686266368978923,0.003295644714125,0.07693418167856493,0.5711844230077322,0.00314730228993257,-12.75379272508521,55.52235638713268,473.76053242390293,0.012453346849514456,0.018060967348564508,0,0.002199368812576137,0.0028400957845510577,0.011192146227274229,85.6635139161218,35.82658131734754,21.40304654026692
1575.6244261273405,0.5642423122234412,0.07956476604910187,0.08498645811145605,1.0556708943361082,0.014230153616522304,0.40993546410664533,0.7480166970298965,0.002943464663949323,0.07657371159956387,0.38573181720617705,0.0023987513481424022,-10.05167016912974,55.08828598564645,480.89583476359473,0.01156704547068843,0.021480138283583496,0,0.01549267414319118,0.009339582982671407,0.011566838059559475,86.7374871628179,42.187948144049265,29.104677323639777
1576.2144874822886,0.5639989935215702,0.0765789260437437,0.08569643626129388,1.044534093463741,0.01415443936125454,0.40882840056092756,0.7711361309165425,0.003409155801120252,0.07627659357639534,0.3797963199937106,0.0019689181896563506,66.45763263732958,55.22282820932478,481.039120352854,0.012704994633649313,0.02539846118187392,0,0.018321467165640194,0.007615693299617459,0.007864426230985941,86.09835009449579,49.673634882486425,35.80585142772353
1576.689329756093,0.5662704863958171,0.07644890167846219,0.08579361857102959,1.0466173626420432,0.013693517710370237,0.3679794013899282,0.7541351748634479,0.0032803360637908693,0.07676858860485286,0.37517403873155636,0.0013830789801524406,-9.094899716642063,55.977813359872584,477.09363653712023,0.014090988995608253,0.021429696394239237,0,0.009846566088907806,0.013742440053752166,0.011074473331479696,85.5672738958745,57.64199975408997,35.701008015876674
1577.3527123444962,0.5648648448274595,0.073074747693083,0.08546382958673515,0.961973811234355,0.013846649058856925,0.4086531567417104,0.7521787113695116,0.0033207965978810762,0.07720360145701378,0.3341393360094698,0.002249265628965703,78.4958704197526,52.85419774271243,466.5104217196967,0.014136325584327413,0.02156581120273324,0,0.020770244161165293,0.007408691782997432,0.006107058154136207,86.1114209352947,63.819129789826384,35.52394779394629
1577.9392822121367,0.5694968189349178,0.07375323718555629,0.08494450054590738,0.9613481555062859,0.013345730956825137,0.3936787894519792,0.7601583728784409,0.006824164326185098,0.07638448630539339,0.3637606975376285,0.0021422926041589335,77.13653004097436,55.66085496915845,458.61010803149753,0.014304523629369369,0.019075922699034027,0,0.023020284779636743,0.00792595343939602,0.016102625532912453,86.47933981324469,63.51233208139795,42.58852634601276
1578.4071415113265,0.5624125872832376,0.07318238187870917,0.08574214863391,0.9190321658990019,0.013645678176731155,0.39030343217576985,0.7147264393089895,0.0030583844036975163,0.07625843382679803,0.3353791612734196,0.002233849558587333,78.88202434107423,55.073271761887305,492.5418235905154,0.012859400437317363,0.01817316455326488,0,0.025487875612348623,0.01150785289400225,0.011401606614892056,85.03273469005143,64.60771072961175,43.1235785917196
1579.0740155870367,0.5601505790189444,0.07600446197291358,0.08346618606707518,0.7866007944222863,0.013536382746321969,0.39352428012171786,0.7242155587932912,0.006859861503661283,0.07999983756288384,0.34191422035123675,0.0023378050333091333,78.24351621523466,55.48438088176253,482.46572975587856,0.012661970233234227,0.02047810624696728,0,0.01797311598958872,0.013526422215250048,0.0094963056636974,85.77872511120047,64.201123720958,43.66368320835072
1579.6850258658292,0.5554601943183087,0.07337386006494619,0.08283295477210502,0.7565142311115799,0.013528469760463159,0.3930020159935358,0.7269678827708052,0.0070617958996392555,0.07654553746282336,0.316929902207666,0.003950809002984832,75.86367120829969,55.62580603950174,493.52214736246367,0.014944717671496181,0.02530604706947496,0,0.01564261012490091,0.011456828319210079,0.008169947529934506,85.47362268700019,64.60101457668348,40.85462989952944
1580.2471553223181,0.5591600511822847,0.07327311442328328,0.08199335712743726,0.7676847928584165,0.013954763950443974,0.4201589153789944,0.7089221600328386,0.0034831712440938868,0.07715223821533758,0.32734037196678273,0.0038168284452102714,50.34619594436502,55.78989319947341,484.78299031764413,0.014705870403538062,0.028700546259494232,0,0.021637078245692516,0.017270749375723475,0.010763094847154014,85.13155952435993,63.64590746795985,42.676978122491754
1580.8441996518811,0.560387178259198,0.07371272219121361,0.0818526567084195,0.7805765911136331,0.013803381988814515,0.4203100732737569,0.7182623683182444,0.003690362444587207,0.07680356348669365,0.31343393926912955,0.003751920617841136,49.3140207757098,56.38658843608683,479.6496987084577,0.015206147081337093,0.0295383433680326,0,0.018995777062571637,0.01173215608861302,0.011462840150206577,85.15380418318482,65.3937571220537,41.60831489027154
1581.416803570292,0.5721214027629979,0.07280954459103613,0.08222350706628208,0.73484718219262,0.013769446150842702,0.41744847886240594,0.7017609361521531,0.0039012214517428643,0.07697772129701826,0.31239606186355406,0.0037735522180538886,46.92938567058807,54.82207544475264,479.59701537443635,0.016120284261781505,0.0289588877533226,0,0.013495684811717411,0.010193478033855308,0.012979239095230539,85.58991316883152,71.50821572431676,49.88089012388675
1581.9998819506252,0.57175596965333,0.07718526644924217,0.079892871552735,0.7185723616049293,0.014593141738201611,0.41744918570091466,0.7023370920918439,0.0033461985472782443,0.08018496518888515,0.3244936724180037,0.0038637554640796492,52.43417912011843,54.55445498537397,495.09617499797724,0.01764043426869127,0.06832775884095123,0,0.01526898295991804,0.010599847542466578,0.0071475958545038805,86.02959479790704,72.74187387887513,50.37349892103489
1582.4258434021265,0.5707588844760033,0.07689597889688009,0.08026828286198455,0.7130745488808252,0.014636288049864842,0.4171175163548015,0.6943496347935407,0.0033820076264705788,0.07998200411139944,0.3102598602859388,0.004011450596221951,48.61453206934135,56.59870092762672,489.82727802378133,0.01713707534877446,0.06874775459011039,0,0.024271619180016628,0.07294860985826325,0.06076053652331295,93.16235451134007,70.58929325039519,50.01452328898106
1583.120649376296,0.5569152445548096,0.07686059252159035,0.07998591149988653,0.7698287990557632,0.01469768317805184,0.4189420636361758,0.7223793706547237,0.003232513974517483,0.08046633359655571,0.19734150922964602,0.0038116956148041728,76.74270741139267,54.05083870937904,461.407912240265,0.016724937943711195,0.03734857150471852,0,0.024262549751186115,0.07176557301407133,0.0651102809224347,100.16883828466732,66.96377556108419,48.64117267093697
1584.3077550608066,0.5698219078853075,0.07619631213005165,0.08022710994886648,0.7207982386719323,0.014727599034804377,0.3894560536483235,0.7563929051083735,0.0034162574872366428,0.08032031719631133,0.169966313452175,0.004079606721459973,86.77053913615117,54.87564060358407,467.0994543619692,0.016846841992130393,0.038216351428519556,0,0.015221491034337982,0.07163595269710622,0.06984608757531972,100.67207381317989,64.19628985439125,49.66336477598748
1585.4774033087804,0.564088074904685,0.07678717772023098,0.08083394143135196,0.6414454166583567,0.014981692612668867,0.4580165807724663,0.7669226691713936,0.003153435098648243,0.08003813140550509,0.1708986645084117,0.0045594237313799895,51.045306393344156,54.02201326115287,474.6698601038392,0.017605852114348168,0.037604452155088904,0,0.02985418818966717,0.06934445857789823,0.061011347579137634,99.6120926691503,63.45494202987081,49.415161870713
1586.0046178921955,0.5886821845404798,0.07736715221418032,0.08084888202605346,0.639939145098872,0.014901113236876807,0.3650240851522061,0.7861694652613221,0.0034879031777075554,0.08002215246613623,0.15235056154259458,0.003938844347162996,85.60913498705979,54.03435967536888,475.895753315597,0.02184859589624458,0.03871994529934101,0,0.03846261757456844,0.07570531510267099,0.0701514382917276,100.53353897034206,64.60519604870935,49.44469391494768
1586.6470515567541,0.6123965028963214,0.07703250383818419,0.0827779558262807,0.6398706912292137,0.014511655324574204,0.36556461508016314,0.7661286292514425,0.0031853792455646735,0.0803806716422504,0.1700314632450473,0.0032423059374774676,88.84199499922163,55.68942133041412,485.4816379152355,0.021533115820803292,0.03259245000384998,0,0.043033934291226594,0.07847215548961557,0.07377442359095261,100.18621966110122,63.41908634373682,49.675634066047365
1587.1952150640136,0.6138152669288706,0.07605383646270195,0.08140230081079322,0.6589744158724322,0.014316556082245241,0.3368998194789731,0.7156975426356218,0.006854877880029976,0.08038564392309856,0.19171467632220576,-0.0007074641510553597,101.07400331541248,55.5302424879407,480.91870921286153,0.021544705311623655,0.031987452537879366,0,0.0502636098960967,0.07763423766756462,0.07940778949389328,99.15185079512798,64.08689492791729,49.74389181026235
1587.8097168301135,0.6126001920197877,0.07640537665047832,0.08157455768049209,0.6622867035682463,0.014398648292601688,0.33558272245568516,0.7136412378239612,0.006576510505411247,0.07972825877227856,0.17238229747499476,-0.00025904766736883396,98.67131567190675,54.640737100135354,489.2782366573337,0.025120241468902384,0.03167646657910361,0,0.04338598037469811,0.07945105422332983,0.07916493573115228,99.6691893169505,64.8327071367876,49.36906476826917
1588.3997781850615,0.5852400301177527,0.07981103665346055,0.0831046200985462,0.6734678853643981,0.014244269611476009,0.33416305743916724,0.7089471491510937,0.006601678944743737,0.07989180741839107,0.16674438759948557,-0.0007751363242842876,98.86593729060715,57.21726259723174,485.06847826924275,0.02547395408144582,0.03784727823061518,0,0.041062020116519764,0.08417768222763101,0.07501602375446358,99.6410556855264,64.08435859290734,49.05561383936737
1589.5519689964983,0.5734162744403287,0.07954873225816463,0.08905361310348833,0.6815518585854314,0.014530585196671778,0.28809418636479467,0.6855431522932052,0.006857563571858266,0.08024948137594884,0.15815218972305106,-0.0032466647463640958,104.14221008901765,55.11941878932193,470.28060436933225,0.025741340260549733,0.03776464499758678,0,0.034961402557789685,0.07402918260227581,0.08017243711475695,99.5886400935391,65.02519301085331,48.41270623976798
1590.728600219087,0.5784327414056738,0.07028242969048909,0.09131903727310639,0.679068904863842,0.013465053003625705,0.2915269087806718,0.7228241497453908,0.0063702516476710595,0.0801311196805945,0.16935341709029117,-0.0035450310834108933,108.5696069165262,53.41976334344464,495.9861926166537,0.025790375950463382,0.037436495136417836,0,0.04800289355416189,0.07801788037292401,0.08464288655074276,99.99528551955771,64.10283296446757,49.67350090113911
1591.3291360359574,0.5745683091198119,0.06342150701461009,0.09203940923490159,0.6543566616282397,0.013738653147987383,0.28740958247504933,0.7661310279618261,0.00989841164911843,0.07981910622328862,0.19117828516427343,-0.003466976800962118,110.20127264675148,55.05267611249642,485.93106628464966,0.02886539899073705,0.03806066624988672,0,0.06071460618964862,0.07855562936631279,0.08543512649496746,99.41941695109958,63.75994441750751,49.20274840394646
1593.5811453492204,0.5764066320574118,0.07016141706288793,0.09297213987680508,0.6686029322994181,0.013678354282943998,0.28780952838972546,0.7715113662155489,0.009892789185876376,0.08045691599052487,0.20651448864395425,-0.0035711505638601664,87.48683572329452,56.039629290374535,484.4014444394404,0.028891222101994515,0.025007247556902635,0,0.06301559315072779,0.07881711235122082,0.07648839153323662,99.92475547201867,64.30827543112702,49.710491552177615
1594.1362918310945,0.5712525464954684,0.0796252059349015,0.09229419940843393,0.7222204593118059,0.013882005932916216,0.3155624335172837,0.7629425793669852,0.009998954466779736,0.08024155655707246,0.21010055577943543,-0.0030492684131075503,51.687844193191076,54.71974793574628,485.3069122559515,0.029025902957180574,0.009805275226363605,0,0.18827942950515916,0.07851640636557375,0.08693828714680545,99.73819575416483,63.90073427613937,49.46076906463932
1594.7333361606575,0.5720021698322013,0.07988264342844106,0.09375737716975348,0.7166239495604174,0.014104443353238764,0.31356812552560454,0.7636796735916085,0.009555363502027351,0.0799966980021544,0.19628150840803846,-0.0030792707790763835,86.1356563986499,54.833611199973696,479.2463349706457,0.025836241651218814,0.009468832751350357,0,0.18459438193847327,0.0728755513049697,0.08450326434675222,99.52898106361306,65.45552751021971,49.23821549437248
1595.3373634648347,0.5698667399610134,0.08051432305991689,0.09253737035880592,0.7365056731252169,0.013854618512411489,0.3159586488911785,0.7554144340573739,0.009666764156669604,0.07983313407189742,0.22554488067332368,-0.003154116289786873,85.177458010363,55.35056840753371,467.590903939128,0.025125770437974204,0.01018412231063805,0,0.18056464003535894,0.06870240289367732,0.0272934815814396,100.20325994537396,64.8801983040163,50.191432075542274
1595.829663175176,0.5691558157360443,0.08000124642160054,0.0907122632680254,0.7507159093871227,0.014016602533852004,0.2946114390562054,0.7661133609192049,0.009792992929556637,0.07656662363396007,0.2186051472664021,-0.0027626751572573877,88.81894160043923,54.30069102317155,483.09105563214786,0.024454514873493424,0.011694723253198577,0,0.18468194531387394,0.05573347521911577,0.029006398038359676,93.49197304402216,65.161855907167,49.49314186835972
1596.4755883270423,0.549059257152801,0.07382346730568037,0.09133066115405365,0.7324707359505678,0.014089521323269393,0.3154656905416505,0.7605179727411037,0.010431073074593681,0.07279791054483413,0.2204266077558694,-0.001966228853920545,53.53995160495771,55.63481340323866,493.22307248063055,0.025594174648039286,0.010349615466408096,0,0.19005748205816428,0.05965718509274071,0.026807329632281683,92.13833328756405,64.21288853339097,50.022087914209266
1597.0481922454533,0.5469987966845178,0.08063290025699138,0.08946490933062758,0.7296766371302843,0.014586948599122913,0.3138387837505443,0.7637386559814412,0.009989227156549976,0.07311744678395468,0.2379773578976015,-0.002073700405092518,52.347287706612,54.0123323784287,509.2133528013945,0.024878476170867858,0.011306284063796463,0,0.18538833086309178,0.06158448389929188,0.029743152543910533,92.29930930795972,64.69113340505487,56.92823231263024
1597.6033387273278,0.5471121209118622,0.07681123141385675,0.0881243870793704,0.705265496444578,0.014570564853714017,0.29508209803994473,0.7630429732854547,0.00998407042285675,0.0771159412215786,0.33562183723389516,-0.002058830017460066,86.60118092398267,55.62527945529579,495.2824463280237,0.018509909152262118,0.010239840031601874,0,0.19129504368930597,0.0682303404357793,0.028267355754597108,93.20902687692505,66.1881279109754,50.26266582047327
1598.8079018483752,0.5445271524441516,0.07998894980064,0.08235702106431532,0.6787101178448262,0.01467135619648627,0.2951695179181157,0.7704303100122649,0.010042812235331367,0.07357719775024046,0.3395503279133969,-0.0014606811583320414,85.71611513698498,55.287401585870356,482.6863716742677,0.019152020324219664,0.029218437823439976,0,0.18799453486440712,0.06222096672908268,0.02723320891507074,92.58015410448931,63.36591552091478,49.56892471669828
1599.3805057667864,0.5484997247571117,0.08004327098719677,0.08323978999841201,0.7272215720699231,0.014910775405880998,0.31542891903921144,0.7761663353906362,0.00989707503358348,0.07355199773300224,0.47968194160482397,-0.0013374205614397287,87.40952095579378,53.697010502417086,513.9462871381191,0.008411271186566528,0.028457651912010707,0,0.17963487973142217,0.05759278668845053,0.027278544615272113,92.0037284891264,64.30974941528375,49.391505054311345
1599.9356522486605,0.5467582070987983,0.07947152023292096,0.08182291795116227,0.7684256535617981,0.014904718671958318,0.3145156163610571,0.7615060801489649,0.010457545393963295,0.07306575435081042,0.5083602761548094,-0.0014417275936680456,85.38148189127013,54.03107693261907,505.0562130781872,0.008549662292934428,0.026649944538726895,0,0.18785247964398305,0.05425348667838404,0.02245449521737923,92.18559647746339,64.69144116077238,50.53087657744829
1600.5431710401454,0.5470242312910565,0.07972190024737397,0.08255452518273676,0.7365949213774281,0.014910558065798852,0.36361689828075633,0.762824593279244,0.009622739550806617,0.07366991257598761,0.5312559479995795,-0.0005270156069219212,88.0410563561456,54.15954701934003,491.28872892538715,0.018687610447972756,0.021462938678975103,0,0.17960105031204335,0.05861578483282116,0.020966103141752783,92.43813550893887,63.96540259923267,50.40718649919127
1601.1157749585564,0.5535615173284143,0.07984832472738006,0.0814144275334396,0.7154432912389854,0.016005862218279838,0.3651573532163873,0.7673144830679889,0.009601636499741575,0.07340595684692863,0.5535406944765235,-0.00046421892234810265,99.63612625904011,57.07288597647608,485.2139112564587,0.02138300802800356,0.026907326530192528,0,0.17991005955767697,0.05043438836884392,0.015948399628271458,92.7894124501103,57.2880930558612,50.89077772278729
1601.6953618515824,0.5549191692082057,0.08015558561725764,0.08138787509886009,0.7084321406817471,0.014854072168284584,0.2959212983033609,0.6931229192148746,0.009671822222095897,0.07271409435874315,0.5459982619682828,-0.0015369451719237847,96.84169917945302,54.38344099524875,492.7648726549587,0.02424077915344298,0.027524089354194446,0,0.1743922802636181,0.024147271393029017,0.017212944207310902,93.96007966779862,57.410671429084864,43.34818713556369
1602.2749487446083,0.5548846907525321,0.08018297497771114,0.07946748527006754,0.6894824941725402,0.014473862714810581,0.3650785690480079,0.6975327222471975,0.010086705627944267,0.0729401093061139,0.5626372695605489,-0.0007930462765665654,101.49071285815161,55.43670264293531,489.643777305266,0.024155843238385218,0.025170574417800205,0,0.16842007049728067,0.014791724848952444,0.013848300608492962,85.4956640712585,50.08998548717857,42.67405732349251
1602.826603739175,0.554713166448532,0.0795116296228568,0.07936064810679362,0.6631489273854462,0.015857454842001364,0.3691943109294052,0.6908770988157501,0.010401433709872952,0.07695584777903076,0.6688976469642667,-0.0005628501685337015,94.6836565512581,54.2743938509768,474.3484075998016,0.024888132910592796,0.02666981227875558,0,0.1749468181315476,0.018697111239525478,0.01792207956213062,85.77381059532094,41.89341026857801,35.462184874482865
1603.4236480687377,0.5525856611142687,0.08011785388874838,0.07890115874865433,0.612570069066533,0.015869936652272657,0.3659016904919306,0.6930695703205849,0.009774333072006904,0.07701051270798734,0.6842615883997112,-0.0008444363887068516,99.88779221749668,54.95046139040385,497.29525261823466,0.02097196987670495,0.026905952686806234,0,0.02587802228983243,0.014036559053970016,0.01910428408421624,85.4127028799727,35.93384970883623,34.55669758573151
1604.006726449071,0.553622914907124,0.08016506137935568,0.07776657634849092,0.6074296740832461,0.015822348725953984,0.36399619696130353,0.6931444322608513,0.010525712782559432,0.0736618603682182,0.6699115971690573,-0.0010307109644736492,100.05709788293142,56.674143414025025,490.72202172619166,0.01968821036312732,0.024941212411204457,0,0.01797351105117093,0.021008878157963425,0.015590274469107542,85.87876237463927,36.35439897697079,35.38363364738679
1604.4396708751865,0.5556891275858696,0.08009667625478152,0.07803401413723816,0.5299134377081283,0.015996593563693214,0.3663104265933586,0.6945729690148938,0.009951108348261777,0.07371473060925014,0.6819644147126775,-0.001241021214093157,102.55027571622458,54.88952172942364,499.27734011665297,0.02114062943688974,0.02602441663290575,0,0.018475717596979198,0.017965890554770846,0.013265326741434966,85.82482731530573,36.20840840335815,29.626550894028426
1605.1344768493564,0.5570579903847683,0.08023360370261555,0.07792816465791515,0.5646199678347631,0.016039972675209013,0.3687245393608164,0.6883356447397033,0.010075886206152164,0.07342241756009496,0.7229945065423888,-0.0007134450800935258,97.81078422132845,53.68697467130829,490.35652713018135,0.024328048218933182,0.02598537297244579,0,0.018847772681722573,0.0189218128471899,0.016947501567321634,85.93505162399424,36.11963193473702,27.978131457693816
1605.7175552296894,0.5576051697126662,0.07977836582510858,0.07811049042311746,0.5227238722215138,0.015999545863346096,0.3633596484371339,0.700074396491983,0.010182416644421564,0.07347262767729879,0.7374425685264879,-0.0005756718852997895,96.35381638028306,56.28284546809234,484.28317242450134,0.024309307192533193,0.02657397850115222,0,0.02555594001160684,0.019863973617177025,0.015604006136201122,85.80952593237015,34.96265351919826,28.08267087149834
1606.2692102242563,0.5560501196771823,0.08352425995253195,0.07756594071566959,0.560618620813761,0.016002834285918702,0.3727089650661763,0.7986680194598453,0.010402485432045137,0.07906784182627423,0.7991959631678635,-0.0007547303827452228,103.7917269605106,55.256335022475945,486.9484269372603,0.024427048799359967,0.023017229456564082,0,0.02283324312586305,0.0298236750016614,0.021180426709059168,86.27871373217764,34.878159603158934,29.39021457842814
1606.8522886045896,0.5571590546433225,0.08268550030639717,0.07718771097376428,0.5589034826179486,0.016052020182554663,0.36626284544016363,0.8019624049756751,0.010068230054860223,0.07916899650463216,0.7696779368884874,-0.0008241766494715215,102.81135802007114,55.090696030561354,493.005782664499,0.023340917432518492,0.028096319483994978,0,0.020746375769000527,0.019041329654444994,0.011817690808294756,85.2390277395034,35.4052450835731,28.643988745061648
1607.4109265737711,0.5477889047759911,0.08711966323202133,0.07809288646706293,0.5350359785266028,0.01605647968518883,0.36891647705891895,0.7575485904262247,0.010158097609531971,0.07927356478649267,0.7920892850202848,-0.0003672641099064654,101.55548860449592,54.95824304062693,475.60225113864664,0.015516666183550137,0.03103155545912918,0,0.028119644464967685,0.02632497555682972,0.01637675286516755,86.11680700088944,36.073582300168766,28.33857959916835
1608.0009879287193,0.5467526549868725,0.08656805878437193,0.07783236855607253,0.5402075352589502,0.01616746003436724,0.3800269063363391,0.7595694117964701,0.009794934116037586,0.08029583934852842,0.7976112136645872,0.00028480676128107043,90.22747001704873,56.22497147374393,487.74042513428265,0.015042798259776068,0.030742726298830132,0,0.01931250188771226,0.014055667342810017,0.014202451074709951,85.81660058699624,36.84702836040411,29.357505593934274
1609.1427042782336,0.5474959711860252,0.0835299735432295,0.07869620534408836,0.5428070194829157,0.016193513087941175,0.37730122993315424,0.7581574925043594,0.003214701584909746,0.08025653044777359,0.8021835750341155,0.0023557211910241334,93.94490822069278,53.72194486123715,501.30711580573967,0.01746148367390601,0.031687677045351435,0,0.016840862630043533,0.020614567022751395,0.015347216124889842,86.09088693521012,35.531054318049634,35.45404380491939
1609.7083252220302,0.544749986872082,0.07974202083120004,0.07824738445657164,0.5583131367722092,0.01592192174397406,0.3774161379699431,0.8022437736568896,0.003171586531156691,0.08015519906158529,0.8100167395662266,0.00018108367589901898,104.17743401556737,55.00202152964304,485.2585855169546,0.015060101984656883,0.030429539978220007,0,0.01954221950079327,0.0209267526559344,0.013618060608772867,86.62105222303109,36.017739523905014,35.823644978016624
1610.2809291404412,0.5475263893201473,0.07642964774658173,0.07824491658398833,0.5574088237003565,0.016012400679326945,0.38195482785965673,0.8100299025817379,0.0030520226833297163,0.0798622621295158,0.81339910600643,0.0025267756173728657,84.2905035616068,54.68635913260972,485.41040847229175,0.01515837431100828,0.03027688463278383,0,0.02177069992120091,0.025436401561898827,0.016031533765310326,85.99628990701191,35.879105250442215,36.22180579802285
1610.8535330588525,0.5451258160562794,0.07631447118539349,0.07838671444435628,0.5271374478346507,0.015108201484089374,0.37585688017907265,0.7956289486193213,0.0035089080756642546,0.07981565951311324,0.7938604322471884,0.0024621357138647176,80.75389033918553,54.47150030349272,485.250607053475,0.016785340492564055,0.030155940427086782,0,0.022503487904990828,0.01919478217151874,0.01990008627242711,85.54689156169646,36.25828872367605,35.551166676986156
1611.4191540026488,0.5473553598529256,0.0768375499621251,0.07891310331560959,0.5399993847792153,0.015016536439038584,0.3794037770490798,0.7902446860022528,0.003572621361110411,0.0800185141684561,0.7848480510624963,0.0034437306352477766,75.46165425995457,54.02814075451349,494.0427509582755,0.01488866779856441,0.03194253117077737,0,0.02145358731661978,0.019661451346936247,0.011751732713645041,86.12193536295698,34.88674706360103,35.29854069521563
1611.9917579210598,0.5385288494648828,0.07064486403181314,0.0781592483588532,0.5319199319029585,0.015609773895742324,0.38418698622668523,0.7979918352100421,-0.0002207442064396567,0.07972294766523406,0.8411636679196172,0.0032246699991159765,72.1483923975431,55.120546611902036,477.2787851495965,0.014809131946861807,0.03198674640631998,0,0.02279489374053874,0.0209427913457154,0.015773985877065643,78.03412905697002,35.63708213911298,35.83363043846415
1612.557378864856,0.5412929759059476,0.06998199410933728,0.07812636407824393,0.5663329041203244,0.015457216289198154,0.4613950037982787,0.8396993717740003,-0.0005192017923923444,0.08007469738186959,0.826056014957464,0.003652838969606612,57.200820212722704,56.6049377294577,475.57266472061514,0.015091222467727873,0.033166484669834316,0,0.024339719317098808,0.016461882257764977,0.013027275760308215,71.80677737642186,36.869373587763754,36.574277880815
1613.1299827832672,0.5464929498552106,0.07081952669427836,0.0779470339841249,0.5334080209487965,0.015601764154233963,0.4607359451671106,0.8173440861777403,-8.094677464218401e-05,0.08034793543294338,0.8676859574554722,0.0034020273509162836,53.585689791216865,54.381560358890695,484.59263975393526,0.015115598068899474,0.03322060083878191,0,0.029264160892449313,0.01566625201435235,0.014726034081944624,64.99666561426868,36.21881722344216,35.754443032837216
1613.590859107842,0.545767913638811,0.07045321688307293,0.07733320045253896,0.4944228579134336,0.015467519539155448,0.4468128574696076,0.8192536054250347,-9.383786279800888e-05,0.08036683682214962,0.8886305711852421,0.0034023956126801496,55.41461555539446,55.95893812246552,489.93865083455677,0.01472463775191873,0.031790926706714843,0,0.023366070859208186,0.014909986957689017,0.011479703385107877,56.316026540851524,35.43588715445243,27.68494960503971
1614.0063460974209,0.546753470688612,0.0699415018100744,0.0772234289227153,0.478189185433471,0.01579300909351673,0.443129033292188,0.8420654377510359,-9.505051952216478e-05,0.07997703530233488,0.896587450275861,0.002410541382143754,60.53336233273206,53.558850104957685,500.4434519117418,0.014869958773646883,0.020879673792169727,0,0.02347206372148446,0.018511978349989303,0.011245018497333146,57.21386994056727,35.508564583429845,29.51731297971318
1614.3415288789297,0.544380724597128,0.0701117851919109,0.07607044262738945,0.5088891085592516,0.015762525059125714,0.4590413663247748,0.8373070614677548,-0.0002754645380574282,0.07953852326569533,0.8980282278684527,0.003636312068427985,25.80035823300186,55.22538275723645,495.7212146286966,0.014990484600877702,0.022418759664084194,0,0.019552298429395126,0.020232869736123135,0.008704689418822275,57.19673352722636,36.88092058829723,29.650676711179948
1615.0188774165622,0.5460409421699164,0.07042842563169589,0.07458817822102089,0.5598177530294257,0.015821700878326496,0.44756464334359725,0.833084360327692,1.199526879512927e-05,0.07978341573924194,0.8809058274799283,0.0009413850512906283,58.30780147518212,54.66846048656694,496.7266187376654,0.012048902951309394,0.011866083851285729,0,0.020155141969574887,0.019238450369952243,0.007342810950102246,56.09920835595241,35.509557566570614,27.941806094558938
1615.6263962080475,0.5508242551907894,0.0703548954938855,0.07288810812538421,0.5409060780040407,0.01569512855168855,0.44647291359818575,0.8464475758344983,-0.00010563731319296672,0.08049809116727423,0.8339670348056497,0.0011327482212925408,52.29657836880866,55.94830439686343,502.75565109365004,0.011586233738351015,0.01474638408801957,0,0.028164958334864452,0.017186411225610994,0.014984063724838344,56.55429464596238,35.758341950166326,28.42403174690025
1616.230423512225,0.5504786018055653,0.07030479475466295,0.07163239498697287,0.5889228452779308,0.016555331764200345,0.42385231860218897,0.8393323968965541,-0.00034439507615520237,0.07951214855765557,0.8158407353452761,-0.0005937474107304335,97.94693697246774,53.45838559778204,476.8861548094108,0.011198802115047559,0.013660576607337244,0,0.02568541309525599,0.011143132800326236,0.009301104148103267,56.985304830648644,43.179229479741174,28.096397135498623
1617.3616653998174,0.5501026102034224,0.06953424341741561,0.07137924987288513,0.6025125790732773,0.016499638342223694,0.4235722060160305,0.8434155474741792,-6.33557171989336e-05,0.080449749692639,0.8409345497443376,-0.0007637546849211446,106.49937941131213,54.61666157055937,484.9522686018645,0.009618341827487872,0.009930060075311699,0,0.02907761016433377,0.0038418658108412378,0.009573347289702942,57.07828105167055,43.75775553792282,29.79718306557337
1617.927286343614,0.5712268204549941,0.07362117068653648,0.07064342285430064,0.596267603308648,0.0168647153308857,0.37655805055871555,0.8515533863010576,0.0037097422163648443,0.08008903790010084,0.7522104882415548,-0.0013508390897014272,104.76768728429177,54.25235643252748,514.1943841392409,0.010325494020869855,0.008761933108020516,0,0.031401685722541955,0.005257693152001374,0.008183951018113747,56.510061758376516,42.879405151141796,28.77356296906381
1618.5033817493324,0.5747178307851964,0.07951756547414236,0.07089913428377409,0.588066370280292,0.016676160314859138,0.3765259808704376,0.8504556344209759,0.0031426757254164146,0.07937556811256814,0.7173139973833422,-0.0014025969127406852,107.87174187003515,54.86644578475935,479.85380970989723,0.010344648876631134,0.009127914651889078,0,0.02275780402901101,0.009878824844877412,0.010297370495304523,57.40269388520644,41.758645756908265,30.206627188650195
1619.1039175662022,0.5690864993775866,0.08002054304967199,0.0706935797126711,0.6299644217440026,0.01678450225177459,0.35453265010338303,0.837338738061584,0.006901523678371906,0.0793702933730527,0.6805753061217353,-0.001715587561269641,105.52058237810607,55.522881135620416,493.774486730067,0.009279664366478051,0.011738220159791226,0,0.024170495031235514,0.007945190969974628,0.00895101307604839,57.40313431302815,42.798577289686634,28.736455777740407
1619.6520810734619,0.5487660330602279,0.07961931020636713,0.0709420476209265,0.6077964860401028,0.01678919806228964,0.37199938778696773,0.8538948645269745,0.006723010229974588,0.0800937119329117,0.6500890395949583,-0.0016085874869568833,110.40455223921221,53.65953772358352,497.82495206508725,0.00936872097453346,0.010287821796503059,0,0.02430084371386812,0.007668786312183718,0.008829584233542903,64.57107697352929,42.704604782294965,29.680400500255903
1620.0989914488073,0.5496052453289153,0.07986038431106955,0.0723964033945946,0.6274854174914039,0.01664953635512035,0.35603235789585896,0.8335847635790343,0.00702683768444512,0.07975553385395032,0.6612524738797764,-0.0020493649814512446,110.67747532313733,55.234492632424875,512.2134048169554,0.0091137659702636,0.009917176911453161,0,0.025257183082887776,0.014567992786253642,0.009473778968382657,71.0730951144929,49.88621075383989,29.067398096514246
1620.7903059356693,0.5410675896193811,0.07965932077932245,0.07487785224138549,0.6239032797564863,0.016456280742307754,0.37418225000933625,0.8282689715979609,0.0065638782598415844,0.07703420445670268,0.6354870769976066,-0.0018121797011663259,103.76925404471905,55.220176408342994,503.8619062078244,0.008684627825558329,0.00990415110922771,0,0.025045564259531215,0.00885664659713712,0.009881429997734108,78.23273883093671,57.10693045668821,28.319135825731706
1621.359418366773,0.5484919548615994,0.08055985658232659,0.07773004023220319,0.6503720934371706,0.01642722080813688,0.3675394294496048,0.8276627861916599,0.006304179228276804,0.07666150109847703,0.6437116672131383,-0.0017565900072842168,104.78878972887567,56.01100233682909,498.27946379761636,0.008214515165513376,0.010842201311953474,0,0.028644714201693317,0.00505690326334835,0.0062606988138801545,85.55171230761076,56.74488115720582,28.014686403975475
1621.956462696336,0.5469298574700768,0.07991382953833866,0.07923595894192248,0.6283729345544252,0.016262292024470788,0.3678611505585703,0.8310105774957949,0.01038211878977867,0.07657686983075092,0.6674042531890417,-0.0014463942215685527,100.37387071446274,54.82726615577627,509.9980855165636,0.008520931448292043,0.01046140267328411,0,0.029880229653136716,0.004162396575808278,0.00665617836333826,93.74533039934714,57.174900539849986,29.397787318863305
1622.5116091782102,0.5419661995579266,0.08045747948637808,0.07934420073595222,0.5661588773701566,0.016094663422952418,0.3687325913751076,0.8303557616804856,0.006584242830446032,0.07727057659216224,0.6460875709772073,-0.0016042320229110365,96.97254783833151,54.469134276065105,479.63394059146185,0.008521562371680176,0.011098635078812358,0,0.02686240851166144,0.006992731884396709,0.007645359651152392,92.406125086612,56.83972733258907,27.747649303274784
1623.1086535077727,0.5473409613306957,0.07984009638668968,0.07999716618799144,0.5793485048033972,0.015093938712708407,0.3570401072995571,0.7906903341801872,0.006489680616606896,0.0760026167511715,0.6411624823168903,-0.0017152438556112385,104.47103780991819,54.06121277774863,497.0292514941798,0.007827578285844685,0.011111268781852514,0,0.02326982859971353,0.008250246236373828,0.007384939396574705,92.0566940140538,57.563764410523596,27.84194584649046
1623.6533255277247,0.5458286488011385,0.08037187565138634,0.08030039096286101,0.5860048812317108,0.015273531844756655,0.3564535768001175,0.8282216351428329,0.006661861486275246,0.07644443022369458,0.6411597779717202,-0.001793477834766349,105.05119961258951,54.97481637490713,496.914435981221,0.008395582578082008,0.017525990764894077,0,0.024494830131770298,0.005725033611320286,0.009010248201953355,93.13010777597533,56.60304327056101,26.439731417473325
1624.2503698572875,0.5476288054290042,0.0801071462741618,0.08083970689682667,0.5498825207588255,0.01518885843753532,0.36994950596498116,0.8167638380987133,0.006928707736117931,0.07627378980980826,0.6022575643791508,-0.0015792989557449103,104.10988713453594,54.00221616065792,495.7519054130069,0.00832184733235046,0.022970049773322777,0,0.022542255789762024,0.013985511956121091,0.00569545758080961,92.98273491327389,49.26165691151711,27.30717460406158
1624.8229737756988,0.544855795755847,0.07991376121123327,0.08168932132147713,0.5532842531638035,0.015310016375961421,0.35483665657290797,0.7874735973212631,0.0068605710911658945,0.07731111812388866,0.5235362243499536,-0.001881079940870656,100.92520446499513,52.28148311267333,514.3871217108154,0.008586183215140451,0.022301213228832013,0,0.021744826765059105,0.011460330325576747,0.007965849552930757,92.96880051960085,42.214592397591524,27.62089533639478
1625.3711372829582,0.5457090673157594,0.07711018962316553,0.08084273135033998,0.5660133769667289,0.014985532611162332,0.3654576460024864,0.787690150355373,0.006648159168466557,0.07975087965389756,0.5022658938745594,-0.0015271916817791984,102.63878208783566,55.051784368626215,509.3327761669162,0.0076557328246268826,0.022705301674406656,0,0.016636916738151368,0.011305375208690596,0.006810188070038936,93.1442433335778,44.03654101123411,29.130501853523224
1625.9507241759839,0.5495829086133953,0.0763824709141596,0.08353254036266713,0.5670478164059709,0.014581601479473497,0.3646699425284975,0.7687977460255767,0.006626201499464536,0.0795070772522031,0.36499982952881443,-0.0015817717540723942,96.65277986708105,55.13667152162243,486.3824051671094,0.007220251119574349,0.026666169006813994,0,0.011318020469379032,0.004684051726683592,0.01022359388177064,92.32177983018106,35.47747425902005,20.200205094131718
1626.5233280943949,0.5510077222773916,0.07704589715365459,0.08317977960818095,0.5666262683383797,0.01507637164595259,0.36748843262404973,0.7862106733335524,0.006674520882469466,0.07987020219920622,0.36713909164670844,0.0013036515509444455,66.2724850006861,55.70221915338954,491.9516649954136,0.008249659536953922,0.02906365785623326,0,0.016437529945015322,0.005936971623452371,0.01338559750529893,93.3197651362618,28.59969700470593,14.225710421773158
1627.092440525499,0.5502250167816897,0.07648208146026904,0.0831041192092167,0.4933841241983635,0.014850286227826632,0.36769419568463785,0.7895802519913715,0.0068257416189678975,0.0804685925327959,0.3541259636389575,0.0014988820141619244,69.24911040799046,54.96415324257783,489.2378722099686,0.007716942040624021,0.02619845024936057,0,0.019377493266030412,0.005415276116807511,0.010875616206621065,91.7960620369175,28.74831409200673,13.898862958983395
1627.6894848550614,0.5506506320571791,0.07661494714228895,0.08288433926847853,0.5299747590576537,0.014915608914888301,0.3684955520149739,0.7794264065445013,0.006683582899185538,0.08005650600644582,0.3412954671832639,0.0014107216000202349,10.523019722124172,54.81454430218607,497.74566247543055,0.007569605037668503,0.02289334200730168,0,0.017030017284719774,0.004458032320076825,0.013707946911131749,85.9564983786945,27.889872891107856,14.378121459078159
1628.2655802607799,0.5517115084190042,0.0769181840323022,0.0827606791722527,0.4805368334420291,0.015169422555553817,0.3717170349037994,0.777475424601454,0.0030845330241177533,0.0801975208245698,0.3212205828747427,0.0015695861977017046,-40.33966668205384,54.479868593365005,494.7861264061629,0.0073700172513780655,0.09873385476802378,0,0.020370553256309088,0.011975680858332654,0.012402675593612942,85.97185345317108,20.70225899011204,14.078950204435706
1629.3968221483726,0.5524651643921823,0.07656259687242781,0.08258454459609252,0.46329253303523465,0.014941791896438775,0.3648290693950492,0.7654807689008454,0.0030684843693817385,0.08056639807601149,0.31137088915831,0.0012625891021392699,-40.87180772073782,55.37106575804611,501.82822571139434,0.007340413528777812,0.033541177954404755,0,0.013777928876849243,0.007799680408862884,0.013276327031283211,84.75453661511892,13.299501524155563,14.224774541104221
1629.9729175540913,0.5598232124564735,0.07631486358675495,0.08306455962270466,0.4403881297414258,0.015620344780892302,0.36798897184622303,0.7653131141794941,0.009855436756228667,0.0803958527924704,0.3363918306810913,0.0013526274604468104,-39.72621213115402,54.41439649343055,507.3215796530586,0.006857830980427687,0.025796693722009822,0,0.020711881729413406,0.008086969706497717,0.012730722686580431,85.2240541352431,15.508763330874343,14.079314219350906
1630.5594874217318,0.5606255113178042,0.07643012675670138,0.08225754180796592,0.45628497601718676,0.01600659681902418,0.39246025965297265,0.7677941888137395,0.010294181329734111,0.07957215864711858,0.33182596787998087,0.001391986393128696,-37.064009111027644,53.70045525874252,493.33990129928594,0.0079314954146626,0.025238421212853076,0,0.015713825107221743,0.008536408652295708,0.014855986179108008,85.9582037477011,13.849798837022497,14.191633050213527
1631.1495487766795,0.5616758870482572,0.07644236346613667,0.08241185163371709,0.40263645610405085,0.01595176206471152,0.391980548347372,0.7662995876048866,0.010060017888963534,0.08040681266730547,0.3548090003325984,0.001360496230955497,75.35164810504195,55.29538647887822,514.8642094558433,0.007916654379728159,0.024388703147364833,0,0.012055061900463057,0.010676538992428786,0.015395028967669951,85.73509158743636,14.400938568889032,14.588035568258833
1631.7046952585538,0.5597915426452853,0.07672625237243344,0.08286092915107317,0.4497552107523597,0.015903961059422583,0.3938855899961398,0.770808456474771,0.0034664983372837284,0.07996852829018675,0.3529347978408308,0.0016021681021879852,55.511378496464594,54.20878784987158,495.22493559994723,0.010060570532878095,0.02883967149821244,0,0.016717868496517192,0.009659944500495444,0.013010723315405957,79.11976550199164,13.772441204281499,14.37868928581117
1632.647396831548,0.5590394524839735,0.08009591834382711,0.08264750769284535,0.48932053693156075,0.016075514534496085,0.41412940091533573,0.8237752934890274,0.0030141373202889244,0.08019554052056932,0.4118719516370421,0.0014160621300236434,74.39219225720504,56.076823579855535,504.2124193812518,0.010370530757057751,0.02789695282157344,0,0.018151912465976423,0.003300140039948175,0.01574350807538087,78.7923148031941,14.819917695416919,14.341966336141622
1633.5167771710865,0.5598048980392322,0.0799024845990867,0.08297856844050443,0.4736321048262942,0.016145652609271196,0.4032211075935479,0.8334760708154794,0.003044349356794805,0.07986624902087486,0.49201691989719476,0.0013307814710674698,84.0593276098021,53.32733369522641,506.6535722829449,0.00970419569227649,0.02372472330863114,0,0.02081143715107826,0.0033228951731829252,0.015821636034768896,78.60224819948817,20.85203597989295,21.255851363772386
1634.1033470387272,0.5604151293535974,0.07975091075722121,0.08174738450344975,0.5524040030485001,0.015869802344203796,0.40228404819114266,0.8252094549532446,0.0032986834271555407,0.07942937127120649,0.5016955675482305,0.001416606049739989,88.98005451149139,55.73763939426508,510.01929960151847,0.010122667133850106,0.028870768760605455,0,0.03331832107630446,0.003917832501386181,0.015471631263693563,78.95640641847714,28.76185700803283,21.53267214630998
1634.6829339317533,0.5513980954539476,0.0799944243770058,0.08260075823261533,0.5531210259006082,0.015781319287528885,0.40449543307830726,0.8207822822934253,0.0036033173809667304,0.08003371216145638,0.48236899532300936,-0.00011892746951191098,90.45291331978068,55.60981527104119,499.0364739660764,0.01028597529098925,0.0284922724014396,0,0.02849486754872906,0.010303684273931534,0.010671201214021507,78.91396283365229,37.03958320100135,28.111216802042012
1635.2485548755494,0.5519228946868683,0.07957601953339567,0.0811342320421436,0.6024577026369691,0.01593107203465845,0.40288797232873763,0.8290192139994942,0.0032833577715316634,0.07606346898894499,0.48957595590977326,-4.023129593738185e-05,95.03715836401068,55.68187666737079,500.5063547525122,0.010411315785079615,0.028477178856186367,0,0.018079934848090947,-0.000779654026733371,0.011770786618020598,79.82812469568441,35.630525272633065,28.359196749488305
1635.8351247431904,0.5585068147992875,0.08028475985011936,0.08221512471830376,0.5753425885661563,0.01595801684060187,0.4043570108639672,0.8270238847426502,0.0032541165005760403,0.07676005964395416,0.47913688269263677,-0.0002450934188131883,90.21340240504257,56.52525019814257,505.77745395928054,0.010797878485834864,0.02854015955601654,0,0.024392084692253305,-0.0050278831365397104,0.008607872805498814,79.49069817670173,35.707754880385984,27.9249095351793
1636.4112201489083,0.551473716083636,0.08021338335733619,0.08205211452935789,0.5924027538073668,0.015969404794640634,0.4147325432923208,0.8279260010460225,0.0033276746245884227,0.07686301535599376,0.4764471697937099,0.0011877464366138529,92.83071083801762,55.73783025814658,516.2920158026154,0.010986221709274798,0.02306609727504473,0,0.028690448613499234,0.006410613608907385,0.003801643403676703,78.72350371749566,36.49302704056244,27.602202001533946
1636.9908070419342,0.5521706227388995,0.07948508378007442,0.08304322168831821,0.6357202376791994,0.016212001267813796,0.4281612149501375,0.8225658443068619,-0.00013074883931826615,0.07663170068012687,0.4814946573284704,0.0011826694560002427,91.3064911399393,54.75693649145749,505.61280056024486,0.010108245830782146,0.028129342764017462,0,0.027164702416297204,0.004496353130026604,0.002878658140299405,79.05234645292823,36.278103675147456,27.777736626207364
1637.4307344426647,0.5518713391204451,0.08003454959399134,0.08336893071589362,0.5992930757413795,0.015977072177628737,0.4256766527752714,0.800951384436422,0.0001593674579129859,0.07676161664982417,0.49657493783386586,0.0016165190238906489,82.36967263239411,53.670125858046106,499.45545525049545,0.010872249804378816,0.028683952143342146,0,0.025900277928969147,0.002772792450954764,0.0047199269191628744,78.19647583336416,35.539397459622535,28.94931311873787
1638.0976085183754,0.5616639819835546,0.07966857153689173,0.08318748621879542,0.6033857179076986,0.01583775733788758,0.4168022950449272,0.8021634463449091,-8.208437695932281e-05,0.07646592644310553,0.5361063571766526,0.0011528013943969263,88.87760861215553,55.52450352391951,509.9333861594592,0.015039730437608012,0.026751881505994196,0,0.02950026171458978,0.0008809237095464598,0.008549618966954041,78.69382505391387,42.369583514704914,36.23802172968713
1639.602439547858,0.5802357425232121,0.08009571868696123,0.08361845735786005,0.5308256162259467,0.016080557755983448,0.41531845443724646,0.80175423174892,-2.562562248314575e-05,0.07679269980534702,0.5485698775355863,0.0006931848481512082,87.7509756791855,54.225426108154814,500.8953276905395,0.012885252647180302,0.028109071454444134,0,0.020877533619401888,0.007068681163721641,0.006709273382721348,78.58140924233925,42.723187415452486,36.655169158003176
1639.9620627405188,0.580636118672221,0.0796349396061905,0.08377672768374647,0.5521922107531698,0.015265778451751724,0.4009814764260222,0.8008976857948217,0.00014985005979417806,0.07637872643468895,0.5372796427470193,0.0010444572364543183,90.06066863176021,54.79422649620507,508.4896031477345,0.013466517232844668,0.02770815027782762,0,0.0575771863848664,0.0022893049267944366,0.005974732233526282,78.72267006577972,41.72666805390038,35.42800412140257
1640.635919790844,0.5812418892373611,0.0767751457480656,0.08343189811946539,0.5202780868466005,0.015014453035923112,0.36968229558744237,0.7865445119015463,-0.00011754164752467784,0.07670395123716857,0.5679303248333238,0.001050524447392701,90.94881293871215,55.39222540754814,504.21249415848075,0.015887633126068883,0.02910347920115249,0,0.06338175028436839,0.0102555423376927,0.0028131639478748667,78.61781336591184,49.5204720428866,41.50114938149599
1641.243438582329,0.5812004835597283,0.07709290290420202,0.08399270158988355,0.5571890746939535,0.01502074703501893,0.3618706132815885,0.7442850685546416,-0.00012540269080786617,0.0763884240118223,0.5751558987988269,-0.0005798073830993859,98.86805401608935,54.241010058552824,501.23395239602735,0.01565408402425002,0.02804725287968587,0,0.06504277648026849,0.013735772176414512,0.00425348766834767,78.70268543502468,57.08927087750151,42.856832957875675
1641.8509573738138,0.578898206596786,0.07680577266417157,0.08413313230788738,0.4872393347001154,0.014855073027638863,0.35899934825215285,0.7334862498540897,0.0003139126997208623,0.07627252346039493,0.567968728468899,-0.0007891017622227699,105.32144081973507,55.46071664079638,511.44294586501326,0.018840740202586585,0.02613997655290217,0,0.06268649073885926,0.008636951826022757,0.004342607743712919,78.01171092675118,57.7961421536628,50.37437129612592
1643.5617861544322,0.5745035490154227,0.07395704700522047,0.08405059563667029,0.495497671706417,0.014471446852663094,0.3609424351154056,0.7206549076722732,0.0031298852444500785,0.07676387829054225,0.5809732587961294,-0.0005891507548503532,113.27522842001125,53.420837822666584,504.5585658596922,0.01531834303025019,0.034707072499622064,0,0.055676303577565256,0.0017262162712658718,0.0025981852426402007,78.21769283574766,56.70247680810142,48.68979080638077
1644.16581345861,0.5705444500265605,0.0732441858545775,0.08277138072454392,0.4654140131098455,0.014451498273648332,0.36102099182735004,0.7181548877112682,0.0031581851390030356,0.07636647201201054,0.5826657328748277,-0.0015402287133130408,115.26034806565426,55.031690398132575,511.4044917723996,0.013174997495769464,0.030468774568460283,0,0.11540866912812942,0.009639166728662182,0.00027955665838540113,85.31764978997849,56.53173733427046,49.40486547902431
1644.7174684531767,0.5717386797604961,0.07369142919164824,0.08333983825759037,0.45729345845898633,0.014418492945161074,0.35898316855385654,0.7408220283389073,0.0004117590643317762,0.07634844636484159,0.616226185044783,-0.0015672964960467492,116.18327500395448,54.39921335889511,513.3440006745841,0.015589778554615952,0.031628740602374916,0,0.12130682475797372,0.010017700674067072,0.007090540874827268,84.79540219557818,63.74404701108103,49.492726894243624
1645.2970553462026,0.5553302319281985,0.07376900618147206,0.08304289473965708,0.49050722078475745,0.014472429269221319,0.3534667757124374,0.73468779818839,-5.687858634232696e-05,0.08037973386027712,0.5917829684929903,-0.0009729062493685908,119.99746322614044,55.37712960032634,517.1439307416554,0.016039249330674354,0.03476537961109263,0,0.12570485217015182,0.01600876777166672,0.003528587307155666,85.15307835140624,64.64398119279126,50.82249011836427
1645.8940996757653,0.5538930760503087,0.07315969365225805,0.08163637695183239,0.4743818291411271,0.014497631174132905,0.31359261907613345,0.7317779468554194,0.0067583210636801925,0.08020124840682012,0.5947983021363407,-0.00144318375130376,116.58867597696873,53.062625232758656,498.1164934398941,0.014647807882007039,0.03310721519358473,0,0.11926271023823803,0.008307574972926949,0.005777653702649634,85.49904285477456,64.19955048592543,51.14220071736393
1646.445754670332,0.5253508374033985,0.073780274371812,0.08206008807220763,0.4372612782355055,0.01418194985915493,0.31462616715876396,0.740076459411975,-9.233923897648362e-05,0.08010280104664769,0.6216882131424886,-0.0024575563042566607,116.33155345036506,55.926191145944095,520.9057563316284,0.01455778774282127,0.03402441748135404,0,0.11649111749951115,0.008998338233793975,0.003210323170068718,86.24234134322442,64.60161567558622,50.48433324579555
1647.0288330506655,0.5276231046701374,0.07244368351163795,0.08173047707577297,0.47263859132276737,0.015100152623835482,0.3141097765363103,0.7448000478785597,0.0069093112248264105,0.08037312562195724,0.6004567408146517,-0.002903398968797315,109.09329942872843,53.394031790758675,509.74762288627204,0.016621911634849093,0.030982693429043705,0,0.11540611992500288,0.011865622532484037,0.00563784922840697,85.89670440097947,64.66711902970819,48.72769772607746
1647.479234913318,0.5252956338063143,0.0730616365524524,0.08151928406694027,0.4586510593469004,0.014874205663251911,0.31582734435068416,0.7411901336159028,-0.000130141196575568,0.08312370632923488,0.6148217454057184,-0.0026301790353800932,108.76191776964639,55.26160523936496,495.3317032385582,0.019921204274713215,0.03133294878221652,0,0.1251712710165265,0.01904743793329064,0.007888684526758252,85.21970037368077,64.59171647884409,50.94635815555661
1647.9715346236592,0.5524650939499829,0.07355393196986616,0.07726305540052086,0.46786056518505903,0.015241660946598635,0.31366524135318286,0.735503099711902,4.8608001372075176e-05,0.08322232920651831,0.6226460936904754,-0.0027296990776098018,107.71570181976348,55.20107330946567,513.1119107780154,0.019438356464726567,0.03103194699278254,0,0.12600630602387466,0.01595979528934574,0.007154666880173839,85.96732379366794,63.619902190702305,50.946023134519876
1648.3241748417051,0.5549345841092174,0.07327653427295874,0.07722015223769718,0.4855131263083714,0.015021681811748023,0.3120828766622129,0.7427017925346779,-5.627039052326748e-05,0.0836301026780826,0.6348773930058769,-0.0025359038368673427,108.11372727459612,56.261819702357535,505.40246200387537,0.025396276633690065,0.030713719565195457,0,0.12145561504311948,0.014559260764089801,0.012694652444344662,85.99101381013004,58.03965634227147,42.77333788859851
1648.676815059751,0.5549845570446194,0.07331304620490003,0.07738066632280827,0.5044754301079907,0.015072120035038734,0.31437683163289604,0.7423978195985884,-6.348569114478861e-05,0.08340528074225455,0.6191321559117464,-0.0014378460657834442,105.33223368544198,53.60247085071565,521.1835677877385,0.025034457173229524,0.03098503173006184,0,0.12402301557084136,0.0137397963908781,0.009542093113847188,92.95423057601042,56.51373556752989,43.063535451846086
1649.3820954958428,0.5562659291500265,0.07315631004692666,0.07759270808152485,0.5164915689717083,0.014924437119410591,0.31530253987463025,0.7378799786853498,-0.0001934797803352156,0.08330290044236552,0.6249122122430517,-0.0015777859399686773,105.682155986918,55.33396191386899,520.036705142196,0.02643511345107417,0.03184888326403707,0,0.10518176304042752,0.01769794885838618,0.0013026488756965248,93.06280614499188,56.829084174084514,42.810906026581314
1649.9861228000204,0.5765647338007488,0.0735554452630992,0.07670771896883596,0.5309448741821527,0.014844265823230202,0.31235487345879803,0.7093362704916765,-0.0001296361598619603,0.08366515424431123,0.6218117625630992,-0.0017230388520512122,111.61788927479611,54.94118788513107,509.18803353607325,0.032307777263787044,0.03413827240376091,0,0.103031026335832,0.014446217578177933,0.004303035752224603,92.93182103625861,57.106592982715455,42.356993966771064
1651.0999072510758,0.5740656419946905,0.08014628753255414,0.07678597456915967,0.52312347595172,0.015258836271691379,0.29596647391931513,0.7075245917536893,0.006625299765684516,0.08331047452025303,0.6215718354410306,-0.001806118789874667,113.97685953671143,54.44201656072409,521.900106857262,0.026296149432048974,0.034134286843552505,0,0.09440346081008914,0.01983827692877983,0.013050127270856601,93.11256362185291,57.854759971924786,43.17089465021823
1651.7039345552537,0.5750814011803511,0.09349227066568404,0.07657722967205918,0.5903107173185229,0.0156826550254427,0.29884068025176713,0.7084196090931215,0.006863571992209797,0.08283606865897064,0.7256960393737331,-0.0044515576873575885,130.74428656100633,55.72577712833813,490.48254492384615,0.030375784566441424,0.0335050748890367,0,0.08735569781882761,0.015025905529402618,0.012484256983101426,93.99670788084167,56.25938977505634,42.54215358647634
1652.2870129355867,0.5773090739410288,0.09662707609857075,0.08053626263123241,0.673445086981865,0.015533622447040374,0.2959920219767389,0.7048018711009858,0.0035135210641029802,0.08348293250790621,0.5569754198796303,-0.004941151918641909,140.74107460494935,53.951593854528184,514.4899485310879,0.02972565715612913,0.03661424634908235,0,0.07932508329707032,0.020367360462911276,0.01285531785280135,92.16575007394745,57.115787563414216,42.547099709485806
1653.330967640495,0.6742519037176969,0.09626736553888049,0.08300595040945986,0.685481456841701,0.020649954640357147,0.2991403639572443,0.7076631909223026,0.00638166977137563,0.08310789434178718,0.5326509198689727,-0.004880317068157732,138.47785247295442,55.216299936227564,507.5446536770144,0.02622476762808796,0.029867626615761814,0,0.07993616074468925,0.02297077374573597,0.013721574421449521,92.29482720036663,57.081178202386724,44.144974065364586
1654.5425137361572,0.5742438281938,0.09654922998211643,0.08456772028747672,0.8097621526400767,0.020443992960328804,0.3161383682991127,0.6926555823858138,0.006316398943941895,0.08328894558071027,0.5144821621809652,-0.004780972244134697,139.6784964114318,54.44976560626912,519.5162101803018,0.026244945766480714,0.03677060335484273,0,0.0697041324565307,0.021997810484854056,0.012759425969047777,92.47943412497979,56.583621612463865,42.70024598077148
1655.0173560099615,0.5775865846398928,0.09684564686213012,0.08584235389107744,0.8246846321079098,0.020509190293019747,0.3129796888773092,0.7166884711013426,0.010071653624115022,0.08306607794082994,0.5171813790066863,-0.004956674239717183,129.41556317549072,56.178183022033984,514.8307184507028,0.02621940296965289,0.045575790448242115,0,0.07500754557320816,0.027084262934892613,0.007076456856206366,92.56692554740027,56.23194507228122,50.14489101923349
1655.2652516087858,0.5633938983061517,0.09384843734912446,0.099118885296711,0.7998362088728803,0.020236424841474775,0.31400333078463444,0.8595794491381239,0.010068088096067193,0.08360207680144209,0.37452300512102826,-0.005171757495838198,133.2596681815687,55.792118966715535,517.1304011569554,0.026235546646456675,0.04444588460283037,0,0.08140306186977825,0.02490940595020421,0.010176080465876477,92.6809344153043,64.07967318131148,57.589563084601565
1656.2533425167758,0.5542741409869998,0.08649692142025735,0.11310830597649775,0.801400281745682,0.020339740053891574,0.3185926366772695,0.9004416672693817,0.009944474919027151,0.08329562030789531,0.1391252845517654,-0.005541472521593216,135.57795819511318,55.112327948314174,501.4439281280656,0.026402124468460936,0.04405257168771953,0,0.07008261012779812,0.2619321805674974,0.08385762360127264,94.19775480029868,70.48928403149012,63.052619590548936
1657.4020418409052,0.5560080189146427,0.08599652131333774,0.11393422089863069,0.8304884451771893,0.020331404977324316,0.3132036978220685,0.9031108503496914,0.009596213344787906,0.08354317885619802,0.10985832389780428,-0.006712403653785247,121.83428549309407,55.66554587253319,525.3538951984525,0.02660013257709492,0.04512491216037854,0,0.06991700784713521,0.25624765918208775,0.085751920141797,93.74085204907067,70.37572415632889,64.22779063005412
1657.971154272009,0.5584265545390894,0.08696289201464365,0.11391867308550584,0.7978055903724465,0.020210564108659464,0.34133354204646926,0.9452671031362487,0.012650155836295803,0.08309339681534884,0.1285751121373441,-0.008052855465594993,110.7981601368206,54.60632358358704,513.8555932288612,0.014916725542942103,0.03884310860647236,0,0.08132270211437047,0.25968271773142365,0.07836565368224181,92.12869013559572,71.81780121137666,70.49091360363086
1658.5612156269572,0.5551083035520543,0.08669262153179358,0.11438547690069452,0.8020603917197549,0.020485379765632396,0.34571677265851286,0.939046307837543,0.012944711994667889,0.08320721283019093,0.09850172108727771,-0.008191704440948987,112.26382688087476,55.12241100133611,518.1260099075427,0.013315920055141189,0.03405407094846921,0,0.07698628920769092,0.2554101422571954,0.08785540943027323,92.67598885952155,71.00801284086512,71.69076754356658
1659.1442940072902,0.5566206090177905,0.08717876147978068,0.11298611190837886,0.786423541508268,0.0205208076869257,0.34395646973186317,0.9424989185087755,0.010157893187449776,0.08279029826884372,0.10341854066059512,-0.007128523942484674,118.13925140609166,53.60644823865998,531.0762614695392,0.012620118399535675,0.034515882970157355,0,0.07434451986208025,0.2607651451176241,0.08434338333521142,93.03274224556527,70.93264555491608,71.53968123934881
1659.7099149510866,0.5561871223005619,0.08629612412441255,0.11409859558663916,0.8562040609741688,0.019633251237327887,0.33502616336712826,0.9263698203563983,0.009898364642671405,0.08026870400469288,0.09844280498787952,-0.006650473003307219,113.52205751108622,55.8170655410134,517.5964974032673,0.007396382964029084,0.03413910206106576,0,0.0760720687231556,0.25341797070210736,0.08271403002462667,92.92156065483219,71.23399976530048,71.1585800007566
1660.1638083010466,0.5550719632872135,0.08280266046175845,0.11281446461860557,0.8610790925774555,0.019710270018169718,0.3278012568163755,0.9404144213600472,0.009560125898915401,0.07983227963012696,0.09306410228380593,-0.007258167539691587,110.3212641866046,55.54474474386719,523.925025393863,0.007185697747005974,0.02862537102041992,0,0.07638769696006287,0.25561993237121816,0.08558649314828247,92.61024869332601,71.42608370937229,70.93470501639463
1660.8271908894496,0.5562223545900747,0.08350555747808003,0.11246295852369129,0.9188712217790268,0.019756918433911287,0.3285309831517146,0.9405743559272812,0.009814123282344916,0.0797387044780802,0.09583917636790243,-0.0070546075838172455,114.8424764450837,54.40086109007907,512.9583000594713,0.007141027346706834,0.03404167159555587,0,0.06929640262973202,0.2469716217182582,0.08521744335621138,92.33931862380247,71.0719863547779,70.14703235679015
1661.4172522443978,0.5636500937376882,0.08298798162725955,0.11249321764007467,0.9275589342410371,0.019858724095523164,0.3357013890997797,0.9346812190900688,0.009670670012925164,0.08004103482298214,0.09088174239754265,-0.006384635054411938,114.66540021338818,54.55817066944061,505.57220774464486,0.007763987382178664,0.021676225511156253,0,0.06542231464975976,0.24725758496954064,0.07548198871070942,92.59882912750058,72.38497073353012,63.59869441351529
1661.9863646755016,0.5575103047834702,0.08321646840267877,0.11114165499968999,0.9145144820729251,0.019711393741704112,0.3288249396630539,0.9272958670514957,0.010147197192910903,0.07994352745729233,0.10343923880337814,-0.007144811948195567,115.51823867989437,55.16521758327758,531.2927804147114,0.00795464301291359,0.008243323469404762,0,0.07222983837646398,0.24495848158172231,0.07539931312198915,92.57635025617671,71.86201078085493,63.9059296846096
1662.33551340624,0.5654652101203284,0.08331763644990905,0.10041833118240166,0.9518517706868371,0.019427563537293226,0.31872078431935746,0.9427823327922102,0.009827115296031034,0.0796546866583746,0.13448679369355446,-0.007895523775611183,113.04066680760542,54.511981210284624,527.3978725419025,0.007101925393998759,0.007249122035473659,0,0.06693313471806282,0.23724121060790887,0.07806439751368058,92.74670607138722,71.00985306193002,64.62936069390453
1663.0128619438726,0.566931943656479,0.08335552439785804,0.08498351826692267,0.941062857581988,0.019486452533760575,0.3210731525000648,0.9411670665926679,0.010070335543912763,0.08054202315161747,0.7513949566606568,-0.007830787767915588,113.70341737838507,55.11445490010461,523.6121487916629,0.0071750692887297615,0.007692303955991166,0,0.06587717366230648,0.22671099648095172,0.07461525988160159,92.81222566846678,70.70038805856564,64.82884071137285
1663.6273637099723,0.5645970859824624,0.0831923991120527,0.08349714829571765,0.9440096925957806,0.019023926098685598,0.32944899103105757,0.9286340136777378,0.009892761405165942,0.07994200845455576,0.7368246465080817,-0.007303733892243228,114.2357155926403,54.61917543226507,526.3435824461326,0.008057619758548934,0.007304791548635707,0,0.059396366257365565,0.22199025228047714,0.07354745771373443,93.03551881930352,72.26804010933989,62.924389591139146
1664.2174250649202,0.5631264199748517,0.08306539185173135,0.0837053023002924,0.9302985419297329,0.019027249012906193,0.3160864834549313,0.9371604233981237,0.009955426728578205,0.08050783884211495,0.7832559663964469,-0.007424170746742774,112.53694502289224,54.87537763900775,515.5014838186336,0.007634153651162878,0.00493476535560182,0,0.04459367653546957,0.20281955501693674,0.0740643308340459,92.80714108671266,71.08785739418497,57.76153847252527
1664.7655885721797,0.5568272736837679,0.08292483821921748,0.08386717755567051,0.9188807420463002,0.019410927139514974,0.31754927569867647,0.9453198972395581,0.01038298623676793,0.07992087897028358,0.8001802944849219,-0.007870114921998463,123.00077361391705,55.104442873985796,512.9903562861145,0.0073549361884531475,0.004698731236974699,0,0.03701364389408633,0.193154489985359,0.06355207579932066,92.84753333605141,64.09179489442641,49.28766632188119
1665.36612438905,0.5546859081448783,0.08371318821596373,0.08277557248201915,0.9194692588433063,0.01889292244221226,0.31658194617086244,0.9474306549766766,0.010107179719069756,0.0767612846263148,0.7736920006027855,-0.007869984375432322,120.75549082715773,55.38492725891045,524.0103551030572,0.007188077968035608,0.005282499044520345,0,0.03339135965793245,0.010581181735243677,0.0004978987775724362,92.78163315398534,56.70117978004132,42.71160017538157
1665.9596772313055,0.5615216525705471,0.08334553440025516,0.08298971770623895,0.8044980903909922,0.01904282469223121,0.31651873437963296,0.9545169731110695,0.010120329951519756,0.0730812175389331,0.7809911958606647,-0.00794929291518492,112.12579376209312,55.170777563335506,520.8653608975584,0.008289400561683483,0.005252276801353168,0,0.024550575167419604,0.007263903581819225,-0.0002801622295573922,92.52047847255908,57.569732645834975,35.09570823423583
1666.539264124331,0.556919370145282,0.0841086558126612,0.08251805135565984,0.8089737656727845,0.018988259481772664,0.31575455145295017,0.9453142111565012,0.01043541473089196,0.07345994158150321,0.8001351386513231,-0.007900764639170608,113.28195909280399,53.86791421755211,512.775057044268,0.008245133267483815,0.007245445761404913,0,0.0018732042115963796,0.010351489093291089,-0.0003649601704292815,85.60167180767144,49.434611756588524,28.878591500803996
1667.1118680427421,0.5590524631161893,0.08314351497850896,0.08285128559423377,0.7723443579652529,0.018750119584077747,0.33521667115657605,0.9375863875327163,0.010120588009199405,0.0737260869048948,0.7645465443603809,-0.004060751765011158,113.93173011569505,54.93850457900181,521.7686028767245,0.007931104469649987,0.00566074237386329,0,0.009976773232010525,0.002229290091304161,0.00044684951986282946,85.6927149113345,50.73261714835382,28.406419468250814
1667.6949464230756,0.5579727855189643,0.08317725418182059,0.0817980685696408,0.7891214914374891,0.01833385568557019,0.3365209767258533,0.9379823160328935,0.009947573370600156,0.07314312991223358,0.7966605380101078,-0.004275789085152874,113.49361106972663,55.36001543003155,518.0076480938101,0.008204679792472592,0.007079810562642441,0,-0.000987593720211291,0.0003208300071022765,0.0020386122007302163,85.87897361452616,49.33827174678605,27.08181374595885
1668.2780248034087,0.5551795262929061,0.08340351403278495,0.08197353578589862,0.7682203612812551,0.018194270177908905,0.33238015274003413,0.9352676800089036,0.010020255531638966,0.07272529733294515,0.7951090899722321,-0.004509489176528452,116.47335439123849,55.11314514832683,523.8611091737182,0.0064593237086187525,0.005773168662342966,0,0.003898803748428028,0.005849772583017547,0.002352691912259442,86.29106191976491,49.75417029576453,28.30297455782551
1668.8645946710494,0.5560681937955185,0.08395646297582814,0.08140144930562297,0.7405246516265541,0.017941506720261513,0.35636584898700296,0.8959430522091147,0.01378674875560145,0.07364202225597474,0.8143331876981578,-0.004032069435969581,111.01625314958703,55.1819167491324,518.6335384348329,0.0068319615198545805,0.006445072280868955,0,0.005920776379618343,0.006890662776441419,0.0023234730993309887,78.0183190769064,42.62600762809853,27.438283778562493
1669.297539097165,0.5558751392584212,0.08333282842083048,0.08184891370929286,0.7802663747837254,0.018275013767934455,0.35473932905646427,0.8919885323323834,0.013456528916484418,0.07358442191721036,0.8662657643392241,-0.0040298990489603176,107.52528229591647,55.88464207919708,525.9891102829741,0.0056660674211606145,0.007832271411073989,0,-0.00013653644866716986,0.005165263065915035,-0.0026449255618575794,71.28540176996468,44.13594723675853,21.88280355375295
1669.9713961474902,0.5552615931448655,0.08368900187135438,0.07821780861209006,0.7835085900172014,0.01820876543098593,0.33414310119013096,0.9311945918713093,0.01302077196057838,0.07331126229673725,0.8909394509637623,-0.004321311180430057,106.87831092081856,53.33081155507724,523.2392274358816,0.005267958196025335,0.0076812784472929775,0,0.0031479052032280493,0.009652913595283932,0.015856707425088733,71.22701104815529,42.171910691935715,20.386544088186344
1670.5684404770532,0.5570290828986517,0.08334251247678351,0.07888074820595956,0.7393814967082682,0.018347832123945692,0.34793516278591213,0.8905900304256924,0.01307672920564129,0.07331312661462351,0.9062714886228836,-0.004042735291495472,113.25868489814968,54.44844773034258,528.2422848040194,0.006841210723191466,0.007811229982679865,0,0.007736364767851304,0.007555476168235124,0.014857251622453518,71.93928826983586,42.311581100020945,22.31291914610862
1671.148027370079,0.5561194128318653,0.08326748233714568,0.07814554856524751,0.7478237384849693,0.01767968013049209,0.3533354479161761,0.8826982891170952,0.013491279722270622,0.07368933206784352,0.8789902132754566,-0.003808721690866164,106.64095528230793,53.39783270638064,533.309239352088,0.0067480685677996435,0.00812807096673612,0,0.003179923624472344,0.001903884345740947,0.014871045261146887,71.40746285073764,41.96074542316126,20.09384642325351
1671.7311057504123,0.5547940334665844,0.08374785500209234,0.07857852273545085,0.7238479748964154,0.01804131374864983,0.36562694471223534,0.8825655866551063,0.013184577013895566,0.07324683388599051,0.8755104674599125,-0.0032145301385411284,117.65971786547551,55.4711791813121,526.4553530196157,0.007333206621856406,0.01019593802035234,0,0.0008098552555421503,-0.0019325272857280526,0.016892913866172768,71.1860966680044,42.85939340471285,21.991900450503163
1672.202456536909,0.5571059648889486,0.08386587295285779,0.07866706278337118,0.7214019420888859,0.018453082699439502,0.3660339829205374,0.8887284664298397,0.013200391869525159,0.07343246299352904,0.9014144174899364,-0.003894955489087813,116.03482301322742,56.53495594409615,540.6551794327804,0.0069761148240281255,0.012179755323277083,0,0.004132295451890772,0.0009481213224310724,0.014976791932668501,71.57044609233833,41.9170751042908,21.583118718644492
1672.883296561849,0.5644291997807144,0.08275490707687032,0.07799873085060796,0.7755784367205384,0.018303659116211738,0.3648446343965367,0.9383479427293326,0.013226625177425734,0.07330861961532058,0.8947511537294778,-0.0038137104419439854,112.89495304451326,55.34492153634085,537.0332458797287,0.0068237333305704315,0.010843756076682667,0,0.007021901828244052,-0.002510641037960834,0.017187671556208938,70.95573815037096,43.512942105371515,28.669727254072445
1673.473357916797,0.5627474967413592,0.0836435375986578,0.07838451019843092,0.7331194688690155,0.01822652667578533,0.3701922097881516,0.8917973182886911,0.012976904531710735,0.07387313390727387,0.8789795459595612,-0.0029809718843604605,117.13290259755433,54.96272019036086,523.5364714328456,0.0068413506171887,0.014374686177159838,0,0.003128890404269156,0.009207052979125878,0.01767134454951115,71.79632644332119,44.63840740933394,28.475597497709547
1674.052944809823,0.5543071759000344,0.08399225600493408,0.07856335980961812,0.7007859623125601,0.018395898251496363,0.36869583020249636,0.9485198632776877,0.013347570013716845,0.07312742134908702,0.9026485709701051,-0.003274264519207782,114.09857484157772,55.361279171367244,509.69501661147103,0.0069281769595685395,0.00772514590265779,0,0.0025307837858243934,0.004433600980025851,0.017499024021535137,71.77442496511291,43.31997931462429,28.222905217479976
1674.496363697861,0.5622673427875787,0.08668804199489996,0.07933601672482181,0.7625068971840813,0.018139562726542605,0.3774264317369104,0.9381348901019682,0.013356538667906521,0.07342409951743394,0.879156449225968,-0.002761724932612688,118.15460312403786,54.676860214205625,514.5350655204664,0.0071724130486039974,0.007191879937042877,0,-0.0015738787912061222,-0.00029718341015833646,0.015186151122371788,71.45509674476719,42.61084851324751,30.80409151801981
1675.1737122354934,0.5641633491922923,0.08634332191738468,0.0788111417606329,0.7331521274444427,0.01819437975868487,0.38035898124524253,0.9234362338488478,0.013317380422692648,0.07690002856861083,0.898666955252471,-0.002928317801508025,114.35919650832518,55.70679041716463,532.660256045959,0.006091867642350322,0.008166988751315302,0,0.007541919824750791,0.0047275795551840975,0.017437329957513355,70.97735011411814,50.04761614598653,34.94349796131144
1675.7707565650562,0.5620475670409714,0.08673681161304607,0.07853002355960052,0.7104422720380107,0.01844898108712109,0.3676982740234966,0.9305916493135721,0.013521902974318198,0.07668820477883544,0.8996518513951572,-0.00369236958550806,115.06326815986715,56.01605883417439,523.7838526110438,0.012381937552127095,0.00785391038882303,0,0.00840299495646547,0.007970219815505481,0.017498512036207173,78.46353299734183,57.237819069188745,35.96506960277796
1676.3678008946192,0.5577360609231207,0.08670841585385974,0.08450061726937923,0.7106557608103781,0.018536821471499973,0.3661414940904787,0.9309868449571673,0.013151334766306689,0.07978459185038679,0.880160596295185,-0.0036645970164962747,115.62289336919565,54.373491698681114,541.2416177447345,0.008769937407811004,0.013005490774680002,0,0.006854330943193883,0.007026219689065629,0.01440630460373418,78.96887469907243,56.96636054410802,34.57750054827479
1676.9089814272638,0.5576961958534086,0.086681245766848,0.084217718377151,0.7391756194835749,0.018766690706027517,0.37007686404675916,0.9275836625074774,0.013701774958671439,0.0799461882566105,0.8797006801032324,-0.004300810864218912,93.41377968329124,55.011221253521505,505.6743047102446,0.00762254249876067,0.010252711429663063,0,0.0036359789517135827,0.0043112958313178285,0.017694814362992105,78.65500449157813,56.349586216332945,37.132297846486956
1677.5304661679781,0.5633819888628829,0.08624521948745503,0.08445143005968503,0.7587012789901071,0.01865638836940025,0.3605953779735774,0.9324747077153389,0.01333938381706543,0.0797695543906857,0.8601673446296155,-0.004106297016780401,98.43151551139799,53.84938848934412,537.6388721256593,0.008085770900654592,0.010742716511219774,0,0.0022657087050583988,0.0027725418181696396,0.013760702629918513,79.48892956222493,65.86167383916882,35.166635828638924
1678.1135445483112,0.5661766091484531,0.08642645007524204,0.08490664262343552,0.762500717275434,0.01857908147734242,0.3600707056610231,0.9281885791157167,0.013304003498375482,0.080003017553044,0.8376057439024115,-0.004156401582075211,-96.8847471976062,54.50966029711948,531.6806064854004,0.007118797639346352,0.008733448668984085,0,0.00527249810854263,0.009122433876141759,0.018745855256401895,78.87697256662395,64.32880379397746,35.683728419661435
1678.6931314413373,0.5647905329689936,0.08678865379023798,0.08511863685932937,0.7552113039891909,0.018142613350382367,0.35387492352517774,0.931735294598802,0.009946190259739725,0.0765176982760354,0.8403910777397027,-0.003535780251537059,103.96406735953681,54.63746208395427,509.2251000890699,0.008120666243769881,0.007974045597071095,0,0.005336994396720498,0.008021661760742546,0.0036985130377957193,78.14592635865108,64.67443857631746,28.821701648618774
1679.2482779232116,0.5564613579611176,0.08667673080915864,0.08479560728004412,0.7641051679013768,0.018085026065952622,0.353315378622358,0.8885850713468385,0.009848311825578791,0.076483110832713,0.8369267730891572,-0.0038510217290374806,99.70641802037188,55.22029793050477,541.3960213629376,0.008719748218829582,0.008227218072236534,0,0.0030368261967585334,0.003046040186769866,0.004883899124500577,78.82062054117401,64.29070095561423,29.353499210939457
1679.862779689311,0.5584458623316936,0.08295023760285253,0.085139038537325,0.8268045393479332,0.018584150091345016,0.3533402043615356,0.936107423529442,0.01003511743471152,0.07641131304295964,0.8278407583867704,-0.003979262442139308,93.2028225931016,54.99737461046097,527.0307166963987,0.009991094402486583,0.007504063383791864,0,0.0021841854151084727,0.004117836630651605,0.0063704863979265934,78.62640376696127,56.18151521499906,28.734164393617295
1680.452841044259,0.565535318585919,0.08364798316382965,0.08497639683275647,0.8381554649973582,0.018300789210822264,0.35222945035912545,0.9251448600029478,0.009877084936151222,0.07311780772343268,0.7336734127881225,-0.003868945193682106,90.80628125035426,55.83925063934761,527.4650078505977,0.011204192838317726,0.010458307095349367,0,-0.0002484949702697796,-0.0024160142053248654,0.0035855928872352604,78.0052721782215,57.60205118006328,27.996389800262236
1681.0463938865146,0.5563070323990776,0.08300810987444995,0.08487313411272986,1.484306652373472,0.018285119230077758,0.3520267561162297,0.9269654261628487,0.009699700607376086,0.0724712671665675,0.7309766915681186,-0.003975588788983202,90.93788370696588,55.15890913608285,525.9242106661701,0.012246893204083157,0.015551308802623228,0,0.004356599252891527,0.006589003688976144,0.00465329302992247,78.59907445727251,57.38597497908255,20.44591968178552
1681.622489292233,0.5545246785624014,0.08319687357065643,0.0854857712894,1.4688643612822543,0.018632864352444073,0.3620313185600246,0.9340137144627237,0.010322940705091864,0.07359623630522251,0.7338848770821441,-0.003835328412083356,92.71374523632089,56.04165333921409,522.7620030813562,0.013685965137759437,0.012076938745455094,0,-0.00043195156542097726,0.008206076706965293,0.002670061229018984,78.97437302186317,49.76298904596882,15.216484744994172
1682.1287549518038,0.5564386366145672,0.0833436525511797,0.08440492447842804,1.504601773667482,0.01811021988612014,0.35681425535393374,0.9388512205418146,0.010518086133736193,0.07308747967322737,0.7278716349931907,-0.003777431321617527,89.73236523533186,54.61128960421684,514.5037636355464,0.011287310278552048,0.011791475752023503,0,0.01156235429082524,0.003309165658433565,0.008597117608942845,80.1350641384787,49.62513143321236,13.258849807705717
1682.7851545655922,0.5653252247932996,0.08330656861335009,0.08460148464806796,1.5556540391243736,0.018260260124272825,0.3868447556926125,0.9299740121898512,0.009479182137821592,0.07397362920694274,0.7266577317429403,-0.002087951093828318,93.42054151667863,55.128210830050435,530.2545579234868,0.011456235865975635,0.00705532126485219,0,0.005423015648383884,0.007872089571613063,0.0013955531925464036,78.92806665680347,48.427874375306644,14.349130693604742
1683.382198895155,0.5627112489799534,0.08398207680743407,0.0839762022801675,1.5143320172143124,0.018454806775276375,0.3885758035283495,0.9307176860371156,0.010055878144110186,0.07358836032410608,0.7313226901331853,-0.0019679454436823535,97.0751797545385,54.24390416444819,536.9164306842822,0.011812401556250685,0.006719142588711252,0,0.006762868815776068,0.004788747474862138,0.001123959129265409,78.44310066604545,50.27115791978698,14.858847187901805
1683.9652772754882,0.5596438420164483,0.08330991461656646,0.08410441022687709,1.507614901691764,0.019678996167749024,0.39301237827049995,0.9428564746068332,0.009864124952920376,0.07632430194469614,0.7992698191033498,-0.003611221566935793,90.16508423251268,54.05073150537509,528.885953188999,0.011554052663045647,0.005896217201272837,0,-0.0005921735075615133,0.0029338713731517562,0.006623142341798849,79.27775296482976,49.42898387239587,14.390784800683146
1684.5483556558213,0.5577275681395403,0.08272092320679092,0.08318701986324653,1.5139877578653544,0.019864702971831235,0.3863934370201021,0.9497889696202609,0.009951745219988713,0.07615860557076164,0.8102356566913407,-0.0039995664255061,93.32003886513905,55.873871577378466,524.3606633573322,0.01141385562180666,0.010455809776336542,0,0.006329851195275835,0.003978154010367867,0.003635718685105579,78.32431497478275,51.032719373206426,14.995737947015815
1684.9987575184741,0.5576727392356661,0.08309895162386115,0.08270309264562672,1.4463019442384246,0.019649562089550675,0.3876240124177103,0.9669966811657733,0.00985105933705394,0.07685494328724755,0.8690327040236153,-0.00396714069275025,90.88258958795774,54.137489694724486,536.4717151029358,0.011600159316807497,0.011772380698191167,0,0.0019460133655034852,0.005593859882039162,0.004629226269155174,78.18840602911071,49.83059692943532,14.1876868990816
1685.697054979951,0.5587705293585294,0.08357824110563611,0.08236740005659998,1.432886569620081,0.019882409859902823,0.38655442892748776,0.9678062948306235,0.009703409398861166,0.07693901189999998,0.8556417505402915,-0.0038910403705763167,94.83778911220578,54.465347247616705,512.3156749432203,0.01141320689515242,0.01738325139580737,0,0.005300279839436634,-0.0011703438193609115,0.0028420288485402124,78.58111817813973,49.45271688036013,13.888341981593165
1686.294099309514,0.5576741529334868,0.08707253036919323,0.08283245543639203,1.4078442820122306,0.01968434488194933,0.38554651960689734,0.9675397448551403,0.010060207719590946,0.079558805311738,0.9212390939437185,-0.003964513169953812,107.37434201118121,55.679376729467634,528.7889459569067,0.010569615140472104,0.0162877388685211,0,-0.0020519601822880595,0.003785759156353412,0.01342242221339041,79.43087092181511,44.285991430571265,19.774982754844146
1686.8806691771545,0.5587396920947896,0.08690503133009435,0.0829964056330763,1.396280979669732,0.01959179374810099,0.3722426853181155,0.9769658414370277,0.009822860005216287,0.07986801042741297,0.9020709511973647,-0.005460386182362139,108.08104167042674,54.40309362395893,523.6340635591591,0.006927255929522446,0.010724369800204447,0,0.0009941234079957238,0.0037367723431336337,0.008600296726291383,77.64131686643856,42.03516570982716,21.60382950343154
1687.4637475574877,0.5544485274077193,0.08987064250289238,0.08326117514692848,1.3515644238076339,0.019729660037246348,0.3702478804873123,0.9611847113024434,0.010091880115163512,0.08026880601229835,0.895701311461656,-0.005634747111975683,119.69101445641569,55.037683697278325,520.3312187151906,0.007241253131771104,0.009578170784797453,0,-0.004304689410984496,0.0006231435539164336,0.00500602575106185,77.52353492825051,43.71201775846543,21.548427478627804
1688.0468259378208,0.560201785588296,0.09019689263224498,0.08183273301788639,1.3440321391361139,0.019912075196401622,0.3669246184730439,0.9624936057370552,0.010075367422703409,0.07980622073458989,0.9193267546630568,-0.0058630723291991866,122.76441770524477,55.41927336665955,529.0230803579976,0.007603487711678417,0.014002232487706642,0,-0.006559385678779438,0.00800920036211,0.009014249477809502,71.35604642799748,49.14283097345282,21.07373551727322
1688.636887292769,0.5653284000115505,0.08999034003465331,0.08337014333996322,1.3796631034293487,0.019733731366848105,0.3704430322650446,0.9606063645904401,0.013573246991424653,0.07972694141624435,0.9106448535089716,-0.0059088325062345345,130.72453617315526,55.116802506262935,519.4695780984147,0.007109399680566982,0.010034876027668227,0,0.0024289326017502434,0.0017225029066025442,0.006928856012239323,64.19850796671038,49.699729121056976,20.82977721381424
1689.1466444396472,0.5616450299592911,0.08649321183134777,0.08492772817859306,1.312487164246061,0.019759299648049043,0.3668374670502193,0.9709118784192339,0.013261373476799425,0.07677160472575761,0.9148610881496766,-0.0061018949536814655,134.4845944735489,55.44211340120696,520.378981563235,0.008443909656799142,0.013255061208826099,0,0.004677342371536663,0.00501635474631383,0.008770737367467023,64.65437264821007,48.59130431636699,21.16107508637038
1689.4957931703857,0.5637565845962681,0.08630750133631371,0.08571322615949087,1.3196422978922822,0.019721785023910567,0.36583094965141416,0.9651525489967868,0.013207600129920371,0.07671189360822461,0.9138481594862881,-0.005787223463874469,133.17958476030682,53.236074432823614,532.1773864748665,0.008715916091717376,0.013729596714720979,0,0.006032500111154311,0.00017727273122322175,0.0037263140826105778,64.19813252893212,49.68142231787048,22.081526534168148
1690.1940906318625,0.5677732434110778,0.08339112643534416,0.0868423370822829,1.2885887191569316,0.019253902711997922,0.3704168647998371,0.9568759999643681,0.01013121854112829,0.07404953650627641,0.8910629247652193,-0.005104564996111389,134.85145137943275,54.47217372135929,530.6096650538165,0.009654791765721945,0.00827184672349618,0,0.004506043343373882,0.0072710173173736676,0.010653644624593547,64.86461426814826,50.00121912081139,28.218288037961987
1690.7981179360402,0.5652837759788994,0.07927661739909764,0.08732250493705031,1.303378429804996,0.01914546691111537,0.36882099345831715,0.9475972470390395,0.010388690656525335,0.07271990303176222,0.8945308756930419,-0.004346020830407795,137.43503217321393,54.330143146548835,519.7756809423684,0.01092203316408929,0.008614645667362966,0,-0.0013325240919592257,4.203257257316727e-05,0.0006146287439893912,64.57438252066297,49.70740756041973,27.755666807160157
1691.3916707782955,0.5713965069862766,0.0798142828222941,0.0863206523964298,1.2891992035295623,0.018853383923247907,0.36883663240332104,0.9214921897091175,0.009687885009736406,0.07278008825492217,0.8838337767396398,-0.004586567017767351,129.42352300213298,56.008322611971245,520.1858908177552,0.010713544291648804,0.007294298378398737,0,0.00799928803742227,0.008420702731333768,0.00597290076240271,63.88321326585604,50.53962169010478,29.73037957187109
1691.988715107858,0.5681986951126003,0.07975846651407402,0.08699488661192238,1.4154636858454752,0.01935714161996307,0.37061855738346167,0.9458095051689526,0.010091224472038154,0.07347521903246543,0.9207912753851596,-0.005871421167396149,133.40673443570003,55.03550301764562,528.2281154733175,0.009137162782841463,0.007794816927900542,0,0.006669940028458653,0.014097092954978716,0.0054519359819777714,56.8957753438132,50.80621802933939,30.80408642271531
1692.5892509247285,0.5691482952943222,0.0800147116064267,0.08673875937452777,1.3662524661029987,0.019016909940857352,0.3657918869461309,0.9507479366632267,0.013248593031200321,0.0729632586995961,0.8901256570135151,-0.006085818595405967,129.95086456853699,55.85634378527423,519.8923514686327,0.008760341901881815,0.008376703436394883,0,0.009081700345416562,0.0027721472748724277,0.005720034325598169,56.749865911593986,50.42817548111581,29.054309003933675
1693.1862952542913,0.5729458456904873,0.07950417530461712,0.08733059995135724,1.395921089306008,0.019184086725304295,0.36674252991293427,0.9387048251180574,0.013562011299849559,0.07395566678726513,0.8840127603185965,-0.006090645939246856,133.79811185779016,55.69708950310148,537.8641498143633,0.00958795155704261,0.008991383737027661,0,0.0023207110554400463,-0.00026742751599859085,0.004243517293756804,57.20358371133696,49.35721658566004,29.1098970676293
1693.6681205027103,0.5715166475095412,0.07957914110940849,0.08576342076776443,1.4012566351951632,0.01867756513386048,0.3344999144839139,0.9441577629556632,0.013439124701455042,0.07318969745367683,0.8879633158547605,-0.006716138580243048,126.70365810723273,54.65908738950008,525.3301049689052,0.009568140755239103,0.008341474835816418,0,-0.004668997192861472,-0.002036456706392899,0.00430274095155466,56.69890446623706,50.531411790780034,30.039376509157027
1694.3454690403428,0.5686324773887313,0.08022746520563424,0.08528535868223251,1.4507474971809988,0.019021557140154435,0.327600426881963,0.9363115677437209,0.013408960418715908,0.07305272554106235,0.8936065695880506,-0.008566824293233391,131.6122073321587,54.01858672820137,522.6246277956668,0.00906937996757574,0.008152388046314523,0,0.0030146736923016668,0.0035801939777479652,-0.0008651327055826745,57.241845946812056,49.4173488993011,27.94979968079087
1694.9425133699058,0.5690956012828086,0.08008739708901604,0.08487782910675579,1.4405184659463302,0.01888204232212891,0.3258672641033533,0.9253512017427453,0.013487587216850215,0.07386746340650795,0.8978595725705476,-0.00674965137841217,125.22874760018881,56.128657026105294,522.2060934364723,0.008871702651703011,0.008979810771326834,0,0.004837574381054528,0.004055621845956678,0.0026015672021901396,56.758864744000185,49.40162718021012,28.47595368722598
1695.5325747248537,0.567702647897866,0.08016449125519101,0.08428230556633623,1.4349786849658044,0.01875548164966521,0.32715355989769,0.9210744077557756,0.013106372187842465,0.07311751980364307,0.8983059151219848,-0.0067829353355005,128.43159952619885,55.24595778741261,538.5267223626245,0.009641816701302711,0.008174481966962967,0,0.014049073353219806,0.01018318974547433,0.0021172568317420347,56.13424527662767,49.84852032511074,28.69039812042723
1696.0667722828837,0.569064444224569,0.07641874380178262,0.08190273194958458,1.4125365717341525,0.01864952788102052,0.3377877448365653,0.9330837986135829,0.009833587390617602,0.07307815695133567,0.8852449627783663,-0.004806139550740161,121.81458235448261,54.88555412141073,525.4779051572115,0.011098324854075227,0.009318217928156658,0,0.007398652571247808,0.0027247016471598027,0.008331985924270962,56.89605349226873,50.17445580674859,28.618378029818395
1696.7301548712865,0.5643474118894817,0.07632347606984308,0.08118920589736861,1.4410237134150303,0.018725953196094963,0.3272317949656443,0.9275724576227553,0.013456822443949325,0.07329762788938339,0.8867304619399643,-0.00447814323055959,129.40522602246838,54.87633614458251,538.7777281765384,0.011789798064878005,0.011976815060135565,0,0.016646181295095097,0.006698095633494177,0.005623010489472807,57.93417148866006,49.56426831775936,28.902129987607182
1697.3341821754643,0.5706034800623704,0.07700530245124768,0.07928575704279488,1.4691572060680291,0.018741407698707264,0.32847375023409575,0.9271116924604059,0.013242670689168456,0.0734747829812302,0.8969399008510025,-0.0026466007631866743,124.33133343596883,56.21039403089456,519.6639185372295,0.01393658519357232,0.0100238465351509,0,0.003874414081471538,0.006336178250563162,0.004132380104032832,57.17259355795296,49.92010922535401,28.989142620486096
1697.931226505027,0.5629100785896888,0.07652565530280726,0.07889320404881496,1.4490963394271634,0.01865045332613036,0.324229096632142,0.9383283212249638,0.013685150200438981,0.07321809070556654,0.8774654022874531,-0.0025741573305969575,121.72607896007285,53.737441208827576,525.0119836146818,0.013906191880526516,0.01073175268751817,0,0.0004716847052552908,0.0034036959573825933,0.0056441155922875115,57.49396488822632,50.465676397481495,28.525047480656383
1698.521287859975,0.5630425294539879,0.07672321447738194,0.07844549150247618,1.3879995648970227,0.018565940325438526,0.33665896979269677,0.9348589009570024,0.013122340752647666,0.0768416955944287,0.8634718383905026,-0.0027654028572947856,121.10126598132679,55.55104884432488,532.6753696123354,0.013837998610710518,0.010173813587591608,0,0.0032878273526509042,0.00785481845397858,0.006697312940294967,64.59239427358241,58.06167437226672,29.476189601467
1699.076434341849,0.5605211613772482,0.079870132470431,0.0785538066172813,1.4273602141350366,0.01888626341871117,0.3405678013749027,0.9371242602100277,0.013132825669858347,0.07638185028387129,0.8770707693742381,-0.0026121104908222,124.1664017050954,54.2352306943699,522.0646521106371,0.014436820407973394,0.010197170322902372,0,0.007746673811403704,0.010140837120978644,0.009743961858006512,64.35626451601806,57.37102999450323,29.419674119459415
1699.4639894329687,0.5699543395917956,0.07986157965411605,0.07826798921368538,1.3484603197406024,0.018450344999656747,0.3484607966733112,0.9282035609514244,0.00996793411753126,0.07338156173449698,0.8694882186204516,-0.0027244460994333077,116.30433814899642,53.916807886565635,527.6110907138286,0.014003506399188162,0.00983480649883137,0,0.0072915663041370135,-0.0018413593094646274,0.007877040410212342,63.65888601540539,57.67034833992067,34.51643832472
1700.2006932548272,0.5707837589944678,0.08014789143261346,0.0783516798471553,1.2912864210756734,0.0184483409803126,0.36171030698767015,0.9508825426261025,0.010333107409404184,0.07681707623042806,0.8391780047295277,-0.0029044191734199486,108.85253751538121,55.35219736393241,523.025156108718,0.013001804371467937,0.009313428377061398,0,0.0018473573080981577,0.003853747122317417,0.0049050469354556345,71.72365544019364,63.99280951408759,34.99392687887977
1700.787263122468,0.5625697608463405,0.07975603285968691,0.07915188079944989,1.1975012426156997,0.018504789926427373,0.3582586024428986,0.9541076594504837,0.010208589571386359,0.07657691784180018,0.8597541578052306,-0.002899613515054468,102.72916301346707,57.88856388033946,547.4138619269411,0.011078623931770806,0.009909818930022721,0,0.008650671184164849,0.004236618506620218,0.010526710492817925,71.87258762039176,63.91531634332747,34.921468071350446
1701.408747863182,0.563557957333565,0.08005940499098428,0.0787936002007136,1.2319854286323666,0.018975228989178118,0.3498696747483589,0.9528410475506894,0.010157469095459719,0.0765687968449711,0.8639875289963435,-0.0030786199118413107,126.04937019870455,53.09900484923622,539.7697888734253,0.011635606929864713,0.010023314461785575,0,0.0018302636197738273,0.0009692934238011153,0.0023068949769007663,71.22652261547124,64.9589774433424,36.980983289835294
1701.9464369085192,0.5621743300194191,0.07971877554110599,0.0782721342691026,1.1573791050406652,0.020751763926397736,0.34891461892778874,0.9538442412098048,0.013410165507476552,0.07709283734319522,0.961108481119382,-0.00497117713153151,128.96481331845055,55.914824787223864,533.4781994344713,0.00980605203992394,0.009900151351838252,0,-0.0008866495714189761,0.008113646935847492,0.009427120200719726,78.02215270150589,64.26343893373415,35.27707234322093
1702.6063280096148,0.5786221137225773,0.08018573465075432,0.07826376124291183,1.1310314135873922,0.02048771459381456,0.3509857839953561,0.9556613296694096,0.01343743140904733,0.07637506264875109,0.9547573252796406,-0.005176645860697117,128.72428528380615,55.63273630196481,520.5674639235285,0.008558523179601759,0.009453757488237862,0,0.0036932473571018804,0.004002031263250338,0.006171015383624058,78.4262491151425,65.23665633699268,34.741919333166535
1703.2103553137927,0.5775089563134984,0.07968146618107792,0.07879428778769765,1.1946492287160753,0.020753794134237998,0.3613537463144567,0.9603373616061083,0.009504386015444207,0.07666810139291157,0.9549813031690715,-0.004989429748508263,106.2063776643134,56.49984789323098,531.5916498273681,0.007283312630427975,0.008513228737496138,0,0.0029172307938831487,0.005787108800113775,0.008222954649548806,78.37869330650322,64.20473724095201,34.881649140819036
1703.8004166687406,0.5728921588359579,0.07909117293329264,0.07875533681332039,1.1819445990913198,0.020579842514901314,0.35185366730213347,0.9553750987602934,0.013149896202466883,0.0897749778181623,0.9426185603594958,-0.00606125970666203,106.49114821846516,56.627907425127106,528.9853314543265,0.006891016022062707,0.006445407276637488,0,0.0017176745359016787,0.0036682418432306928,0.01064536882412773,78.94049786055605,64.02777516995798,35.34046531360669
1704.338105714078,0.572859344578779,0.07967226003909855,0.07838126204587179,1.1694175152797777,0.02052619332279707,0.345109991956339,0.9587555456367565,0.013193245878685199,0.09359059651000526,0.9316342384129558,-0.008307708719314782,107.50832320955668,55.56138024750224,529.1430889000669,0.0069865219016166605,0.004314852711268568,0,0.0038891356223877786,-0.0013544146464012216,0.007968915020736593,86.6598218439283,64.85897064283363,36.52431639730148
1704.991013840559,0.5728708719935195,0.07961138027382761,0.07857617523578088,1.1423368965427663,0.019886924075613967,0.3454366529155084,0.9360574786751674,0.0101517125356062,0.09330886421716181,0.9050239207026822,-0.006274951609576441,100.31131041872082,55.982709996269975,517.0064152212192,0.00743772178369539,0.0036375369961773063,0,0.00559579372398278,0.01206396953306288,0.009060644436801034,86.38754629469885,64.35219835368818,34.94388120447944
1705.5985326320438,0.5790611612679012,0.07990975129625795,0.07954807183044113,1.109304644163972,0.01889715276809688,0.34380923062514995,0.9303201771540132,0.010273936230224913,0.09322946125874523,0.8727645949802542,-0.004924118175581709,100.16657208330771,55.450258026367386,519.9665699687232,0.0059458321176679586,0.0050288602357516764,0,0.004770169234008547,0.00678599091945596,0.010038569298060497,85.33614546792415,64.0000422809113,36.895108044242235
1706.199068448914,0.5737650102898672,0.07938723930013995,0.0788925070661991,1.0604469057428398,0.019157181113224543,0.3482468506995326,0.947125512588365,0.013286979882125015,0.09373220455934857,0.8713598065348702,-0.005988432648673329,106.21002570563813,55.55232492100961,525.7854726826241,0.0055395812438026664,0.004912854288838247,0,0.005380684204221824,0.010328787818418866,0.008902288832728304,86.76138952205625,63.89748466576118,34.256141823575504
1706.7926212911693,0.5728679630572756,0.08001499106530062,0.08034793587909975,1.0764158417341727,0.018852913268230437,0.32925926042748077,0.9328616559868391,0.013506023307833607,0.09319338537337804,0.877064414268101,-0.007529373722610762,115.10212807070462,55.920419591689594,538.7448413054834,0.004673184587789952,0.005259938069857122,0,-0.001124629506346178,0.017050205305823133,-0.00155720541129713,86.01912744070609,62.70421235623763,36.97657526445675
1707.2709550522811,0.5773682671794168,0.08102334428907035,0.08121227714462943,1.0645408495514888,0.018645002246610937,0.3199507073946228,0.9291736925369343,0.013285486374565125,0.09014989596731413,0.8647934717433717,-0.007312757482369703,116.66438859019306,56.06693186977162,514.8819918003545,0.0044032645974747524,0.005134655711002679,0,0.01418011780955468,0.008728306790623731,0.006082363121372419,86.15293916493705,63.34406217093641,36.60140791768852
1707.9657610264505,0.5777691413394186,0.08046751447572828,0.08028091955900325,1.0636460993766057,0.018741494588820885,0.325805207254426,0.9238034923040487,0.009903823168504631,0.08356063887551844,0.8576914461161874,-0.005901539888214014,115.64768222041657,56.36031749586891,534.4590825328319,0.0043747938533824585,0.0048626029329057125,0,0.00011284071419130539,0.005578959526516575,0.0039022572594929797,85.52220338554766,57.322635708736684,35.86359711202832
1708.5802627925505,0.5762041432507342,0.0798186923124483,0.08130538155126957,1.0672167043753,0.01867525551742702,0.32940524080213557,0.9276692422919374,0.009631696484426588,0.07961439133905182,0.8793473236593482,-0.005912560923812992,115.52952602292426,57.101347712974885,519.6544721672358,0.004833188853839598,0.00397205723056052,0,0.0018612864485495532,0.005817349417738662,0.0033117972822002666,85.34593506407636,56.58658398705369,35.628638825995104
1709.1773071221135,0.5736362288347621,0.07902862759388456,0.08104222107738464,1.0308616132434436,0.018705673613619994,0.3227521642985317,0.9278504811102367,0.013281604379849524,0.0631744009075919,0.8858164240233853,-0.0063493536767455045,119.46649172313063,55.65465050254838,534.0561585644472,0.004730810902777232,0.004774868955286239,0,0.0036655581548907966,0.0022579350883505734,0.0013127698625462112,86.25875379648444,56.411755670363384,36.467878464740004
1709.7813344262906,0.5759741362745885,0.07999063214770055,0.0811075802826288,1.0229227182526408,0.018661736863097852,0.3216943542584063,0.9340752166777103,0.013901411221317711,0.06337854970631024,0.863035222881904,-0.006044738330621068,110.40134412600547,56.818071480634615,521.2643933808339,0.006671177573167908,0.026115699388311705,0,-0.00310834051603553,0.006699843250391689,0.00981499967890161,85.07710793053366,56.71188275289417,30.157379395361872
1710.3853617304683,0.5753620372115524,0.07976881141250464,0.08098152035582604,1.008082690777588,0.018663225303920346,0.3192959868342438,0.9238707192352082,0.01298264494234124,0.06360089665273187,0.8729606922173797,-0.005906381641841737,122.34040755485343,57.03529584641418,531.3508581788791,0.006648912355502403,0.04853454096483225,0,0.003709707506942299,0.007082908612837294,0.002470709031181735,78.72868410692301,58.45235127319609,27.836054477513695
1710.992880521953,0.5762037220132799,0.07973446692887395,0.08103732241533275,0.9953709487479089,0.018483583114746394,0.33143064917967613,0.9230217192351663,0.013095324501231671,0.06354606127706819,0.8638822459710929,-0.004104182735709408,117.58826522962784,55.1809864877134,526.7447970719035,0.006856004947926569,0.053750347354091454,0,0.0047212262033193555,-0.0018262043157596915,0.0023260882059737823,71.02868567670014,49.64203305651404,29.878361299343826
1711.5480270038274,0.5777479681174049,0.08035397349427674,0.08064478386060701,0.9809115850181822,0.01862294291903561,0.3528968084570739,0.9377776232217414,0.013759165171634384,0.06369329518865,0.8935313541849793,-0.004736322382005209,122.2907863515986,56.33235737598332,552.7046199611788,0.005774578380030949,0.059586514034647056,0,0.0038321737938930385,0.004686536968316277,-0.00028621083425881336,64.6895529804778,43.70651510430549,28.62218207645142
1711.9076501964878,0.577838999209387,0.07997486550605597,0.08134082769470158,0.963140024041045,0.01869139333778758,0.33090065553419973,0.9357302554906092,0.013629150029179882,0.06370909371740294,0.8939802382769321,-0.00581668000933379,122.40715092742337,55.033087397019216,519.6920706238406,0.0061069080117234316,0.047657918843033976,0,-0.002224404258401956,0.002536250790543048,0.002767311742682302,64.29133221880306,42.728737633474296,29.284487927953677
1712.6303880691166,0.574752055938121,0.08000271362522651,0.08013415305667143,0.981389665836564,0.018641940331686997,0.3489242195591361,0.939018156367196,0.00989678232004913,0.06293682504276515,0.9023189724947384,-0.005850982504816691,120.73401201715633,55.99048838236278,530.8405010224247,0.006801196609380908,0.028318500401964573,0,0.006872211617142839,-0.001528326118449504,-0.0021680655539311105,64.41297116886886,42.85695148914505,29.408013443625293
1713.258855784446,0.5803755850065521,0.07994179164780348,0.07927010773469494,0.9815835588126273,0.01905888160068418,0.35190187187266825,0.9111242179684149,0.009985017274852766,0.06327312414234064,0.9153702112461355,-0.0045926556425023605,127.6661606475764,57.24543978262335,541.01082621318,0.006297296345210649,0.009589343037440235,0,0.010460992605641817,-0.001500643931296604,-0.00018418898226813148,63.223786113405076,42.78267768124243,28.66643158325589
1713.8454256520865,0.5806910053822091,0.07983010128972451,0.07919929033564528,0.9575630801118459,0.01896966733474727,0.36982614482201026,0.952944451305618,0.009744076480201905,0.06711743948943147,0.9070408044082927,-0.004243724043252514,110.06755795131541,55.69018940080279,519.1069372698087,0.007410846154480613,0.028859308499266444,0,0.001678223847436328,0.0029212858981186537,0.0027088162549914426,63.816473951305284,41.84321872437893,29.730954429616872
1714.4704018801083,0.5959791264614669,0.0800826060839369,0.07942661627653856,0.9721159175403301,0.018802171335594423,0.35423644934879656,0.9045313062658004,0.009593817429204576,0.06707276913877802,0.9218200790293393,-0.004773337590729804,112.62678047904099,57.055166264030206,552.3219566857239,0.00861575399450752,0.009537340447785557,0,0.01068808486207114,0.001434170386778687,-0.0023722174776602215,64.41531329923174,42.97586056612312,27.924315604029562
1714.8265335854617,0.5957110663610701,0.08362199908897497,0.07964779646799922,1.0199026904568373,0.018729267860172746,0.3522895704591924,0.8869878118412106,0.009775174387582403,0.06647012054464928,0.9171367392372238,-0.00423977480115541,109.92600259030631,55.66250570378795,526.8508103864879,0.009663858941925155,0.010698910415370815,0,-0.0002988802153399764,-0.0018158397587910422,0.003590817490935274,71.56275467080384,42.735698972901886,28.055164423270895
1715.5248310469385,0.5967146374958598,0.08355289301581235,0.0792215146883908,1.033267952875706,0.018948887795849852,0.3529512919808143,0.8921031598896291,0.00989139089922979,0.06716277558853315,0.918761496020759,-0.004177871076293805,107.22771660003303,56.14004950277358,530.7071006579307,0.008801520066048467,0.006685445614167341,0,0.007394047795794589,0.006225261822947941,0.0030702519913983046,79.39856773644682,50.38078378219613,27.63328979520419
1716.1567902495754,0.5964236049183992,0.08367491344998315,0.07876628214232688,1.0329637760371153,0.018449319433836264,0.35276721187203486,0.8819423356077292,0.010362076543085573,0.06675131997919667,0.9105810640710496,-0.0043926627565427905,107.93033764906733,57.67834095392247,527.6562829660969,0.005882015969463859,0.007848049829554643,0,0.011674053217872793,0.009119949997084953,0.004348420357325317,78.59736446541281,48.787981980879586,28.984649603707457
1716.736377142601,0.5949424743318644,0.08358370725629707,0.0788661659427148,1.0436183447489642,0.018698689238712474,0.3479015516809682,0.8828203257138534,0.01002390582165208,0.06632553769644411,0.891312971740151,-0.00423001999209412,107.39731015279602,56.11430415009402,533.1347635716596,0.009269295859690371,0.006687827445142015,0,0.00930364649319956,-0.0017555260437387178,0.0035382545113509935,78.24869861782727,50.5912354087545,30.691434182273788
1717.3613533706227,0.595383649760342,0.0833621970747736,0.07906174841727467,1.0034091451949099,0.018792429985240774,0.3472941353225837,0.8881806604122177,0.010215679135176747,0.06651165314510443,0.8107220748779344,-0.004703762990060721,112.39357193199636,57.33441290824467,527.7461574445108,0.00865306178687738,0.0037066822823441127,0,0.008903686384782547,0.004741413637824892,0.004830151521268454,78.48436514134752,49.1746980307895,36.863734449072126
1717.7279595378984,0.5971302371959487,0.07717055979063475,0.07945662212117571,1.064019009507247,0.01899587623595345,0.3444491099595218,0.8874656294127327,0.010174914823008597,0.06674430016099193,0.7232716698711354,-0.005476845498928045,109.58540108684775,56.11998275707977,526.633127476264,0.00793126215074919,0.003463480834291054,0,0.009437606950846616,0.007943405538558199,0.004901427922949248,78.08982310647689,49.223577567157164,34.02502024999187
1718.6741525981995,0.5956331763476607,0.08019719557593462,0.08555153302494035,1.052967727642587,0.019156916181100582,0.343354382092742,0.9114254398348209,0.010176351759048975,0.06700681377910611,0.7178839751574273,-0.005202950110627759,108.1362061804129,57.18330826568619,524.6004314974795,0.008726572717229871,0.003757186578955806,0,0.010436619823097267,0.008852818398068887,0.006376010946345564,86.61083790069125,57.224459344670834,36.576417036819024
1719.2991288262215,0.5870215153857616,0.0794992516141371,0.08521488592833802,1.045061202965168,0.01894417304301348,0.3411489714577289,0.8835613551070189,0.009913677436900779,0.06651639768304919,0.696995090925815,-0.004136150842667263,105.4360811485851,57.04164908481391,537.4813866128715,0.010923152116311952,0.004645547461001282,0,0.01256429522586159,0.010536919885946985,0.0006777260928974315,92.74854011823756,64.07534301101441,42.10702709427317
1720.5176578964986,0.5844484186652886,0.08017978814603233,0.08481304821676589,1.0226119919395145,0.018143103103850578,0.3367415203013486,0.8857237064297462,0.0106304512005901,0.06653024006117843,0.6956821689641294,-0.0041667498031075145,112.11659736171208,55.33612419512365,537.4945366144949,0.009204939638523726,0.006721339760314908,0,0.021039708827481532,0.006209116917905655,0.010149713203988173,92.44038099381683,63.517057216954804,50.831885155854295
1721.1251766879836,0.5823520885877013,0.07634914581964512,0.08584042110734079,1.0174767036744417,0.017848654566138107,0.3350314951706437,0.8853637444752145,0.009637848333212354,0.06618529220499966,0.6007257964246375,-0.005217348664545052,117.73749074153903,55.15376461531602,527.4489649383305,0.010014133001277637,0.007398197504364947,0,0.03800102245554679,0.01328302994308848,0.008837955110069174,92.65809266327724,65.94499852771919,49.37843544524045
1721.7292039921613,0.5802600867847144,0.08075920514260572,0.08531281585344357,0.9926131309365355,0.018051361087929905,0.34309951450123993,0.8885804389895874,0.010041467893371712,0.06648432243353669,0.6122528720282614,-0.0053691770732125195,114.6719471710931,55.14861902827642,520.4957061692393,0.010691744916621409,0.00778373926937305,0,0.03976961384455956,0.010888506315433755,0.0028407743135689095,92.48785862622954,72.25874952016514,50.183498409390474
1722.3437057582607,0.5812265371194628,0.07693432220628481,0.08564114373940952,0.9934154672061151,0.01789044992270109,0.34161706802510616,0.8820411805437508,0.009784448520002311,0.07348066054928097,0.6174048729917803,-0.0059438212183735425,113.1819196353854,55.88166618581162,529.0002793375529,0.010843150129607636,0.007437391165230115,0,0.034221508108461585,0.01417392189007754,0.0016520256843243785,91.97810281049682,71.12859912005462,49.67153861774503
1722.9547160370532,0.5777123758139404,0.07721392105103944,0.08568781296626768,1.038360323031679,0.01817298832732419,0.3392588268433487,0.8903908294558378,0.00951299639357573,0.07653057878993962,0.6187085729824373,-0.006775210910303964,125.98515167949495,55.34516945417349,531.3308192425319,0.010647455324622237,0.009184149225731122,0,0.038536974855960575,0.005438845047703364,0.00410836628948636,93.43422672350619,72.54249040617347,48.13701567532824
1723.415592361628,0.44035224317271127,0.07651477387175531,0.08525021197249194,1.032168699513129,0.01787667369628808,0.3409028359174264,0.9653520481274064,0.010295546411994583,0.0761661748015739,0.6785836406262402,-0.006813290813784977,121.66993578833936,54.98287431786287,541.2684633224586,0.012791111664134365,0.009305547318451922,0,0.042178643919861085,0.009416535774394663,0.005602808232939411,85.91798612592372,71.10525799458915,48.52845368639316
1723.817113401977,0.4395981362855433,0.07666076969485569,0.08419707627593112,1.0513475171359703,0.019193085001441745,0.3360041072943898,0.9660830454352544,0.013280548029217671,0.07606816229365405,0.71536721468505,-0.009783992951066203,122.91703262549544,57.45563201061237,535.2234003244725,0.012219564930694357,0.008123078997971501,0,0.04750146370671019,0.014002319896417852,0.0057521702120101915,86.00854891846112,63.827354463253215,49.624996028341236
1724.1802280819452,0.4406908605885666,0.08080135501186132,0.08126286501518405,0.9888754136721296,0.018127563358659095,0.31422875251058974,0.9553838833318247,0.013460624973768568,0.0763553789712841,0.6907955669495336,-0.0065505299009121715,124.74025755581715,56.755822703009876,542.0743089408463,0.010281287540800326,0.008057411569354713,0,0.040375285743391096,0.017323879883915944,0.027074293052069123,85.68426190039058,64.06172028552336,51.17768883837866
1724.567783173065,0.4397984882294715,0.08016317938432369,0.08068519687948342,1.008554671193179,0.01790615151649865,0.33612087082487185,0.8884139252598697,0.013234913297857837,0.07641952806769017,0.5861381359892472,-0.0063177156759319075,120.81183879700792,56.28768102050683,539.2907904722908,0.010106226570479483,0.010809161506682013,0,0.04448235251560289,0.004718256850990745,0.034392076313357486,86.50629825850278,64.79444033724626,42.874762277458245
1724.9169319038033,0.44143918647943803,0.07995049800739823,0.07727907739667599,0.9751424806111562,0.017902024732661597,0.3531223250943793,0.8856755102773408,0.01003678547402461,0.08040925018440492,0.602771371065041,-0.004863125196820707,123.1987105552076,55.66982264450679,535.5672461274903,0.01031046581534653,0.01318279681537458,0,0.03532809456662563,0.01633766055007546,0.040495440455093505,85.82653112254606,58.033136548283686,42.792291339343684
1725.367333766456,0.4317802984533549,0.0800245527963269,0.07626100359528501,0.9544000915138362,0.01835409199937893,0.356473817615053,0.9465242165174322,0.009623724166228165,0.07728731487641534,0.5897494017967784,-0.0048934448335101145,118.21476843284478,56.430299509688055,532.4526450227904,0.010285711968913588,0.013130076118643542,0,0.03975275698945824,0.010442803657290728,0.03825615929573093,86.39073119272045,56.20261889709506,42.89207796707021
1726.0167504056294,0.43047929046748284,0.0831806018138791,0.07664031766262884,1.011936222009476,0.019228275903284145,0.3550025036937832,0.960337147190618,0.00999451191093252,0.07695962201020798,0.5743505254907073,-0.004961854208116969,102.93470582949746,56.840145504863585,525.4285867036511,0.010095746943820198,0.012432710683847575,0,0.04003991718296329,0.013526996456790863,0.04072285459619782,85.91198872467798,55.97388288444566,42.61921654585869
1726.7045734051844,0.4316699945189566,0.08729942180277941,0.07665119111908116,0.9386649965936484,0.01944421182363429,0.37680437814107676,0.954957260575099,0.010073938539147126,0.07969601627424937,0.5955345138738998,-0.002296685478205512,94.34930361058359,56.46399812580913,547.6177776043081,0.009771710614260977,0.012474502051479206,0,0.04108933968594826,0.00999483379519544,0.040316903847541524,86.43074900072075,50.51784255737685,42.015153846508476
1727.3679559935874,0.5177522404328184,0.0865376613688636,0.07747782936165386,0.933243066525001,0.019451230309276375,0.38136353978856546,0.9486297901315396,0.01358930127437199,0.0804025987928327,0.5738902489071843,-0.0022462071217671433,107.51542647909467,56.336086073893384,542.7084478915651,0.00875360680355394,0.013781001942845886,0,0.043390415198558165,0.003128413883805559,0.04046624058585171,86.79501680929867,50.19395722775267,42.706406098625294
1727.9091365262323,0.5744793649591649,0.08686146571912776,0.07675173820008281,0.894869805823006,0.0193833280200878,0.42062745468978646,0.9464002727713534,0.013106406293004075,0.07945120040225735,0.566907127512248,-0.0010970697967817775,87.88389120457923,57.17400301675467,544.3721308354988,0.008739160119851852,0.013446414866894699,0,0.03626491818751837,0.00423527058979881,0.0396711663533361,86.02817891463764,48.51914676937613,42.913903309326244
1728.2582852569706,0.6108889191975674,0.08649434724259854,0.07782401345421117,0.8892941609505455,0.019500493359603636,0.4208525752048941,0.9427671241432442,0.013634672480075122,0.08004938427464546,0.5689243696563477,-0.0012184552747408013,88.74031643394785,55.709249282442805,530.0870124178114,0.008931933629002369,0.013515944674420058,0,0.03954343075117952,0.008640695854650132,0.043086633675486596,85.05153053258714,51.0925864694806,41.49420476478399
1729.1660719568906,0.6095346152725893,0.08653742319887116,0.08225109805586063,0.9063572819033007,0.019228350318940986,0.42037390266462865,0.9470243947068603,0.013715276303705755,0.08000790488050492,0.5428985466821841,-0.0012324317382714375,88.10338897758446,56.133020543481244,547.2917947702585,0.00950464116032622,0.010980351950521354,0,0.021874569414686643,0.007535660634211349,0.041963374570286704,85.06613684528982,56.2587954235504,42.166633972377035
1729.5431525860881,0.5881881843976585,0.08708373238424008,0.08190184087168749,0.8775577271922008,0.019290310850403853,0.4207155903860384,0.9242659833246313,0.010227008133802711,0.07957111992840701,0.5253712800287486,-0.0010418927906715037,87.57411785275572,55.80124034011389,533.8836303623763,0.006712188687933704,0.010252966840099765,0,0.025487792411473986,0.011361970391806059,0.047557568107788224,92.5691711513631,56.770492433997084,43.550912101705805
1730.2903308698685,0.5849234632812281,0.08647466762342038,0.0875888158729084,0.9003027930907976,0.019407289807731244,0.4229683991707369,0.9456331647282953,0.010548038326588679,0.08025619697620931,0.5268674686115945,-0.00122947486419081,104.5347080730564,55.46770157785974,536.8765421236133,0.006538842780296392,0.008515740530644914,0,0.031106298395005564,0.006453235025522585,0.046462058266010485,93.19805111512383,57.32671318331249,42.8257490430112
1730.890866686739,0.5863024032018209,0.08696909762463248,0.08805556155551596,0.9160936065712448,0.019318816748060776,0.4209838330302262,0.9473367354797927,0.010096588421053014,0.08044497719968445,0.5621936485799452,-0.0009448892992421133,109.74461022308222,56.683725029068306,537.811724788057,0.006799473222081396,0.008838071204880683,0,0.024538059994065987,0.009636358840133728,0.0388428388310146,100.46999109802961,57.28833935731077,49.45820435197885
1731.52980886399,0.599733069614647,0.08667167115681432,0.08857063901580298,0.9297266586711125,0.01944658001660264,0.4156987344091748,0.9317414876289978,0.013026910807546789,0.07991376212838354,0.572544575556469,-0.0015892866644445552,112.82694913993606,56.100842847387895,545.7290864955052,0.006605399729009366,0.008561820836143104,0,0.024298487892445278,0.010005584459713644,0.04137236144419649,100.26763982837275,56.90893481336725,49.002165504465445
1732.1443106300899,0.5999335563343952,0.08685222860292499,0.08822105127205014,0.9815235258466765,0.01914528027584431,0.41141173130926084,0.9248551307222408,0.013594142732958791,0.07957247624891396,0.5786937898747957,-0.0033025947007318092,114.13178935845302,57.8588869202103,548.4110267332675,0.0066278714267379866,0.008030730318282832,0,0.02181693535958697,0.0071811500414295385,0.044891356457062395,100.13061720510065,63.4422946698542,50.74777018130088
1732.4899678735205,0.5881968354454236,0.0836289165678619,0.08825288267013777,1.0501760347824527,0.018380677805434488,0.3944102977841177,0.9120639809271326,0.013441977318568344,0.07992816268590568,0.6514075708880804,-0.0034704949947689224,121.14009136440386,58.73495796064844,536.4293159795471,0.007915380696371953,0.009253280289749607,0,0.024742237131344588,0.010020009869271776,0.026513136589039546,100.64096282446653,65.25477635512247,50.99930883531946
1733.2336546699937,0.600968582620482,0.08325940658696455,0.08841702440727749,1.067342504102257,0.018509466298443775,0.38470181602958137,0.9291131566106897,0.013104541557323497,0.07901199260778229,0.7362015320327561,-0.0040593693154049254,117.57329979100443,56.611723782173804,543.7452806098884,0.007826138180634632,0.008220012232202603,0,0.028789659849865354,0.011203722854974962,0.027292673476260722,100.3570512950253,64.98749195700336,57.67081706999958
1733.8656138726303,0.6013497496114004,0.08323761653624635,0.08854341455776117,1.0599590336570373,0.01853686074325585,0.375951024282915,0.9221522198330953,0.013278428502662974,0.08006719146969202,0.7942760501546082,-0.0048701724757061835,126.11153995221228,56.32844056455011,539.3382060925707,0.008369489995083062,0.009379769470314688,0,0.02423291431255831,0.013987864028401532,0.012522263129714164,101.16653100455322,64.50188811958263,63.9482726965543
1734.4940815879597,0.6001616721913037,0.08085585769999332,0.08701853674572478,1.1009086790641214,0.018354766309216602,0.35929379346762325,0.9263670569277538,0.013457265967931866,0.08104881792617512,0.7676801960201927,-0.005564444356061375,124.0036611881793,58.59905845941906,531.5434962526668,0.006489149768574622,0.008595294428257893,0,0.021937530684819705,0.012806753603212779,0.018287861210985017,100.20064028779962,64.10381901279024,64.30655699126558
1735.105091866752,0.5927027908780296,0.08016600531630298,0.08686731318197914,1.0902177131179962,0.018377260540550326,0.3425329223123605,0.9184001622349786,0.01294139102374345,0.07986958028166555,0.7702743220848873,-0.007481484074262255,124.56485877491305,58.47356498630003,533.7244789441892,0.005878652419807044,0.00720900721090624,0,0.019949623543648716,0.010831617546710038,0.015631526220348812,93.16716901987203,64.9042949976515,63.26365774236562
1735.4612235721052,0.5978983210897235,0.07685578589523219,0.08204922135744472,1.064152810018414,0.018278042092129732,0.3318028915622289,0.9170710450760794,0.012998562108904595,0.07976183692232096,0.7899514515919502,-0.007392339398958007,127.90376284546909,56.30689482281001,528.2071587966375,0.006099475691527844,0.0070617835198104086,0,0.015926729089469117,0.01880812115842089,0.010739058372052026,93.12841019290289,64.26914525033126,64.61342577528126
1736.194435906656,0.6002985993419243,0.07978961912157645,0.081616063200196,1.044030811570322,0.018199786982578015,0.33238528354591396,0.9055681478878588,0.013093067044539284,0.0765092997716749,0.7780644031789883,-0.007480549475868548,122.66924729564971,56.278220421280025,538.859491978446,0.008196187458253821,0.007001758292977072,0,0.02708287321295199,0.017019427561038483,0.005575239623550859,92.99901221967488,64.63002809188143,65.0757157744306
1736.8263951092927,0.6003180611122458,0.08041946684656043,0.08073201513704213,0.9975777999392581,0.01808038850802587,0.3316921768369114,0.8942622866321186,0.013331046688010469,0.07699642177466022,0.7851702996749815,-0.006186950091109968,120.66431653831388,57.504444599190855,538.6558443089119,0.008068904288062152,0.00715280673259927,0,0.02351841883422366,0.014018953215057523,0.006692390525519337,92.64856532877236,62.96917253792943,63.63738462252322
1737.4478798500074,0.5954998424249528,0.08007167684153849,0.08065820422055581,0.9574364765798846,0.017342892776473422,0.33862430690321654,0.8805630795004635,0.01337058565066883,0.07981818453698841,0.7875051440385549,-0.005856610695221032,114.61203414859303,55.68585630843857,548.0298191743018,0.005950473581864399,0.007469271234933737,0,0.019969070811899865,0.01540891040315031,0.0035829319220403704,91.66439940506399,64.33420668074486,64.69765522592562
1737.8249604792045,0.5950407352100079,0.07986201748460645,0.08090445625482413,0.939002779799088,0.01734508300141468,0.3377287789146848,0.8755532490441661,0.013272431989773311,0.07683945016169746,0.7844915535866323,-0.00597726377908924,112.35819194080109,57.128268404082654,543.553138800809,0.008164813264439555,0.006025456761279057,0,0.01585775483653617,0.014481096818177578,0.010053959670622776,92.54528787235476,63.97937505748644,58.081543457458956
1738.5581728137554,0.5973817294171453,0.08073525704918506,0.07985995102947328,0.9519973962709505,0.01742424580525422,0.3252462028968334,0.8781399875144913,0.009798860250849693,0.0766911916438522,0.7664146625227313,-0.007589048068824552,119.90221005215,57.06635879837919,554.4487043479536,0.008054297188450691,0.006557007806285091,0,0.01771501075092049,0.01746629252713743,0.005239807350627242,93.16627191211097,64.81460571878007,57.94586204163811
1739.1901320163922,0.5968549933715563,0.08043565269325362,0.07918597457719112,0.9144755760751032,0.017413948507740303,0.33138884469802676,0.9121044158733237,0.010023984478180854,0.07618619807914219,0.8069843145919094,-0.007035349859546255,121.47809778620173,56.801963297347676,544.1441342776501,0.007355580196932377,0.006325090710813025,0,0.0187025768062199,0.015717036802809538,0.004330646848750955,92.56293808471656,71.47134958617379,57.74700527041416
1739.787176345955,0.5953269914451083,0.08011968245979552,0.079410391102571,0.8102418152082235,0.01724176884986499,0.3296343978979853,0.9128114712158321,0.009562431473280413,0.07685660047992489,0.7820590438299128,-0.005949939701321216,116.3422661352938,57.73129258698876,543.7569623502833,0.006666042994106057,0.005003694768555604,0,0.016932056307810407,0.013112749470073147,0.007031915703334989,93.02484526684987,64.31412950597843,57.554392121770384
1740.1642569751523,0.596744804539779,0.0797791393017635,0.0790755308021295,0.8109424603957354,0.01744678318021381,0.32848247357524535,0.9118713718162319,0.010108524243128126,0.07641806209432593,0.8067716960274427,-0.005955214813009162,113.97107925475093,56.312742526336855,545.9420331166707,0.005748694069691787,0.004877138665772426,0,0.017100776175046486,0.014393038769041107,0.00657782291180675,93.2105375482058,64.95339263508707,57.2637782105597
1740.91492674624,0.6009241522480376,0.08001574238298174,0.07927425396392676,0.7246833257115788,0.017385564053721193,0.32855066074802713,0.896932064251809,0.010073556184131425,0.08002279959153108,0.7719864231046718,-0.0063063196574427325,111.54939404794892,56.47681586941761,536.7605873489172,0.006292572083007042,0.004493396340505243,0,0.015223525101012403,0.017949970820838452,0.0038528085821163266,92.80220250016932,63.59575360342971,57.651900976374556
1741.539902974262,0.6010294768012461,0.08048936281607418,0.07900159429700586,0.6657803909686641,0.017943385752730794,0.3261280143261704,0.9011150010351523,0.00962146836686379,0.0798767481583879,0.8346989451786897,-0.006215660781566536,113.41105647228895,56.63984941509272,551.9519803855783,0.006396103047705132,0.004259521866344606,0,0.0145323105297776,0.01689767572242285,0.001903044720990049,92.78082990562831,70.37133204296971,56.76887302119791
1742.1613877149766,0.5989912229940672,0.0792843905037291,0.07967187766436863,0.6934737220755137,0.018250333268059415,0.33521835225815483,0.8965444467014858,0.010097177874329098,0.07963568388315774,0.8291853751852436,-0.006085314879478392,110.78396791720004,57.5838691450434,536.2493517082942,0.005250576152157241,0.007730888776670716,0,0.021834250280356675,0.0037629865516779397,0.0015381275732974202,92.53797190162386,71.72924493678316,56.040445719621616
1743.481169917168,0.6014966947076325,0.08003181224193989,0.07979732400782584,0.5994779525554804,0.018030793385847312,0.34136453370706404,0.8992913049699919,0.010029063363040056,0.0803276500746484,0.8521766265116988,-0.006250942167850145,108.56365464344866,56.98709395600416,536.6245757887858,0.0054215681005045195,0.009917045529078296,0,0.024713082853227396,0.005098780041329118,-0.0012893519585242866,92.302993712046,71.6289724144738,56.83170693674359
1744.6752585762936,0.5984320827301723,0.07996059813052472,0.07936196719808714,0.5873269937273604,0.018333954377690507,0.34082270093374245,0.9180574490518189,0.010121776530811448,0.0798210500398708,0.858777915123126,-0.0062456598245018095,122.43203573706519,57.91921338021985,556.9377550270626,0.00495615731404698,0.009934660235589914,0,0.038788279643311926,0.002554642277621794,0.003247771141100807,91.66869289210398,70.53095218583528,57.690315605187706
1745.303726291623,0.6001263010226201,0.07972107503795245,0.07972309102767874,0.6037797606695641,0.018029587031464293,0.33436743675161723,0.9179542953875129,0.013140522480612498,0.07937734553460499,0.8955754573128362,-0.006215024291237713,120.71060733676272,57.36585120571294,541.6327531191192,0.005228438684197681,0.007894415008001686,0,0.055312380747297316,0.005663212455484068,0.006219870041493306,92.62172684870934,72.16068953550612,57.55618930652101
1745.932194006952,0.5998938339534128,0.07963565517416053,0.07948155491913053,0.6146814762966096,0.01811998594951419,0.33123488128775797,0.9002575535060627,0.012995023902332094,0.08017172032285488,0.8755611395020948,-0.005854352347181806,120.32298832019416,56.94480002673984,537.5521507506687,0.0062502011571726,0.009953048723688695,0,0.046962062891679035,0.005940957067220293,0.0014013492400670093,85.36056111494526,72.23358009844493,57.2904969883851
1746.5222553619,0.5998781532863666,0.07972201038413872,0.07962659063962489,0.6020486079019265,0.01806061278067437,0.3386611577239147,0.9062459909738978,0.013405747518232227,0.08047365782896441,0.8706794107020758,-0.005772399279433077,126.78210436373794,57.178567930887326,543.4339508280383,0.00596521835548721,0.010786549079434346,0,0.06274779077737658,-0.00039010877711287157,0.003623298347453473,85.79841027346787,64.66791757720995,57.596536535268164
1747.1611975391513,0.6014728736138254,0.08055533314053692,0.08032340280644087,0.6344842102674088,0.018310154160732593,0.355935670642978,0.9021635578769243,0.013459025502568174,0.07999014704416921,0.8825807061612108,-0.005028371630452036,117.63662999199411,58.103862582971686,533.954156964491,0.006921260328707856,0.009108679220897652,0,0.047996420342872416,0.006996631834015987,0.008761602195635591,86.25812950375646,63.839972215131915,57.801595411883
1747.8001397164028,0.5998554359462062,0.07996571571868175,0.08046527632174709,0.6358383237497194,0.01825343555435347,0.3375730205547944,0.8977314134809251,0.013393890894101737,0.08059219790045312,0.8622314382254987,-0.006090681476074646,118.32349159571031,58.67453613423626,543.1010487103179,0.005708383792301614,0.010073802711803801,0,0.05673248663192245,0.006791833910870507,0.004223481257166992,85.32600700421541,64.2830686358741,56.261293934023186
1748.4146414825025,0.5937268649911904,0.07968765732389577,0.08032767326269363,0.6291258505246572,0.018302172495128253,0.3607301563874476,0.901684504976253,0.012942931409906135,0.0802120100261925,0.8592193753963407,-0.005724262664209809,116.75676191620424,59.14289380885983,544.4007564816515,0.005804228117214198,0.009567434687347338,0,0.058452987000101146,0.008066513527791653,0.0028491243190000883,78.93342270997206,57.44020454101465,49.53153756477995
1749.0361262232168,0.5865287005793836,0.07921965696156814,0.08077415372378334,0.616951043761141,0.018065277535459032,0.3603152548906846,0.8962135194139367,0.013140686015521288,0.07908330863210433,0.893741830960833,-0.005758367104528011,118.77010149884298,57.967878493877286,564.7155399773666,0.005916875338916332,0.009605073721355056,0,0.046767367747806994,0.009352315228246942,0.001193874294282183,78.52046401838379,51.10530141267938,42.01575995775761
1749.5947641923983,0.588890845238054,0.08061806817073104,0.08130661427540936,0.6192964658831448,0.0190039227864689,0.36107838024464756,0.9124018878778472,0.013421351345627053,0.08062733525558445,0.906450501407966,-0.005871017111538881,120.89843410083401,58.48020134341015,559.2655453062424,0.005964170976369888,0.009954266369522565,0,0.0451970645817956,0.003765655210762805,0.007807893742626568,71.37389960119664,49.371065282653724,42.32436918689013
1750.261638268109,0.5923757157731623,0.07971981974867495,0.08083002778639141,0.6525969749416953,0.018905435933162594,0.34255943369299,0.9084326998263466,0.013072094534613901,0.08004898757585553,0.9024395115760532,-0.007892105684395929,121.48312324829911,57.03682369940128,539.040863208466,0.007167108933663624,0.008453253041576425,0,0.05572284651482572,0.005079395975249944,-0.001371524186924552,72.43765574017614,49.39840727068312,42.58017029532411
1750.8761400342087,0.5933913880613165,0.08003421320469162,0.08075211001282655,0.6610912721508027,0.018963371451430972,0.33752537220662604,0.9127045484158935,0.01366111851764127,0.07964199105678314,0.904618190068027,-0.007998828382555384,120.22922988081466,58.82961961701845,540.1439997804936,0.006290681988565491,0.0071261162381641135,0,0.04722547775721843,-0.004376968912933272,0.006374335543730705,72.61756446846616,50.2865480086903,41.885093049265805
1751.4906418003086,0.5944989670911925,0.0790068725355855,0.08103645954210842,0.7020915010850933,0.018191847326193288,0.33895814859464185,0.8973827859576732,0.01288363646914654,0.0798685398712045,0.8796136437122369,-0.007761174837566723,125.10082068819246,58.04624351244648,551.6431444260917,0.0067118991247930694,0.008705733531221888,0,0.04647658317153812,0.003841048091470305,0.009208580052905018,70.86646229939421,49.20410239574627,36.56320092743694
1751.9829415106494,0.5923279377453808,0.07964985621501783,0.08064011323063448,0.7395980239097404,0.01852328220277391,0.3585008471354822,0.8971848851768162,0.013406661714526308,0.07928736429237837,0.8907343274260627,-0.007970515381605882,123.45385998186717,57.66381639532167,548.9505266311162,0.0072006470454158596,0.010376783712898687,0,0.04200583586416491,0.0074714382112908715,0.0028579058838901815,70.9102360762647,50.55080631436115,35.60830996141533
1752.6986964086634,0.5922890385411849,0.07983489558331404,0.08146953630322314,0.7826284814657732,0.019301995573702133,0.3441220374637717,0.90622115049927,0.013155495107471962,0.08011701163558863,0.9185329112952747,-0.007877714767528675,121.71676053904024,57.89741728947205,546.1862151744012,0.007504953280656502,0.00644416821027625,0,0.04671513177755332,-0.0011260889908355689,0.0031514046586006705,71.88774979327096,49.58394347461251,35.03256655021677
1753.3236726366854,0.5938963734732531,0.08028576143926196,0.08063644408287113,0.7854464837025372,0.018997494328016225,0.3317300682353738,0.9135201366119072,0.013303611988688695,0.08004400542193499,0.9159543204719784,-0.007720713632503803,124.46675500586554,58.998791645543186,553.4839519281948,0.007902648729223924,0.007042306462986034,0,0.03584580935385283,0.00880774581789032,0.001779522515608264,71.7106468364706,50.543791348048664,35.78561120706076
1753.9451573774002,0.5949115610858219,0.07972705634443294,0.0817845853692414,0.8394850704974979,0.01866342204354946,0.3317757630531905,0.8911059865312364,0.013217119452983529,0.07970864094679574,0.881394804765236,-0.007886386419028486,128.64362452355834,56.85559947087349,552.9087663638534,0.008141974520972999,0.021656189142816314,0,0.022572609296641104,0.006352700929086117,0.006636134590678723,70.58570212771153,50.30845441527737,36.19646506205256
1754.5736250927291,0.5939607342778261,0.07955792889357327,0.0818623070843807,0.8448612694533819,0.01861833117995044,0.33349235999955157,0.8821239762629525,0.00950186649231237,0.080493077968761,0.879916772744642,-0.007278931184983174,122.0582731870327,57.008734876321434,554.3851409812646,0.00798036775938097,0.0037531377791863675,0,0.003528892977798891,0.004079942826639566,0.00317214080217194,63.72286863488857,49.33797348304644,35.60820798577891
1755.0519588538407,0.593289570937228,0.08002716598599557,0.08114090723247533,0.8210605253298561,0.018652761278144872,0.3327519922040918,0.8826444229829503,0.010140300761066364,0.08034112204366113,0.8668825262937048,-0.006889694677863798,124.54008731495014,57.38043664566719,544.3946522963853,0.007497348808810732,0.0043905207263331076,0,0.00020540184255968307,-0.0005645466274708964,0.0018128765655798145,64.22393813185231,49.49507464217568,34.36350510641032
1755.771205239162,0.5931185869713561,0.08010721177161192,0.08100985471959073,0.8307161632914798,0.018870802310937282,0.3418346323189983,0.8945507830708507,0.009973036165556707,0.07956978481031285,0.8950990976990746,-0.006863687574399863,125.39872904870846,56.89245417773857,563.2476945201524,0.008328493870846951,0.004481320350890742,0,-0.0031960378127242764,0.010594958350370602,0.002853096325736522,63.88763439915636,49.084705636159036,34.056958618174896
1756.3926899798764,0.5934204056574881,0.07995986734273941,0.08110385507881744,0.8278158906561259,0.01874201807620659,0.34106498631709237,0.883214572838412,0.01019381429852725,0.08033990869026174,0.9026672630560492,-0.006877505784984721,119.23364551939864,58.64738404964806,537.6647186728881,0.008715108811871502,0.033425939178491265,0,0.0009479345501191313,0.000709848573698847,-0.001984651996269418,64.07425169405484,49.988723418165584,36.18456162897818
1757.014174720591,0.5944005444072066,0.07977701424078525,0.08109956967151391,0.8176590511785191,0.019068409915055616,0.3405569364491878,0.8987010000047025,0.010306879716911868,0.0797838507326861,0.9113548268846351,-0.006938649587965585,119.91271185837397,57.78946141867262,552.974824280386,0.007973785927359962,0.0067927103421576325,0,-0.0026235762604511436,0.006376385089229709,-0.0009535379061320895,64.00967396087265,49.51666947043009,35.960799299827045
1757.6356594613055,0.5945540681115485,0.0797695488327664,0.08077981271495141,0.8891529095893106,0.018920418492904763,0.3412883621008619,0.9157235638058261,0.009829743973820988,0.07996692775815889,0.8908991026431695,-0.0048321139975454445,121.85838629090131,58.07795581229572,549.7366045803176,0.009339684422032556,0.006719329717465291,0,0.009340920673191576,-0.00012210995994026835,0.0005777718134673368,63.82567531797309,56.75969562898631,36.20125092348133
1758.2466697400978,0.5959662945668577,0.07981455628940845,0.08045145510141496,0.93396866023531,0.019069185936581128,0.3392986694789283,0.9144556180733358,0.009929418977415675,0.08081722499138717,0.8912593136154896,-0.004845446115969649,117.55284144562808,58.202407728660226,544.7422268707224,0.009548173488530905,0.006354855808971429,0,-2.7869599233587908e-05,-0.0009964152108507644,0.0038876498004244905,64.73976304783702,56.668080829661,35.77876471980967
1758.8157821712016,0.5916464905734835,0.08058250202164091,0.08156930830341806,0.9011069601291173,0.018991246014312832,0.34171579628282867,0.9335393299097107,0.009896255274724696,0.08013057442128566,0.9024781892777509,-0.004709839201977825,121.25839793817043,56.64954738207456,535.8448799701448,0.008902786258801181,0.027209530530237495,0,0.0004844789469220928,0.00403374202672281,0.0011063347059083076,64.33880227106948,56.34654062979153,35.110806910285135
1759.1754053638622,0.5920755210244841,0.08031346445348332,0.08084539049410978,0.9058135929692409,0.019014396228783603,0.3356181598009054,0.928024274020643,0.00993207859694709,0.07993110162524536,0.9053624380395436,-0.004688830441378336,118.85243523784295,57.44049905711065,551.5589841288037,0.010038888318081805,0.06065219417334124,0,0.0007967344684202092,0.011178134023991565,0.00847585051014142,63.86741437154591,56.64054692993884,36.39508628407055
1759.908617698413,0.5931818015341872,0.08018031000916952,0.0801471575169659,0.9033916962769399,0.019023391742420976,0.34053517261685956,0.9227180665869893,0.009804112531028964,0.07646372547483608,0.8874909823523683,-0.004674520109498165,117.44167910066722,58.039375750972766,537.8774919947964,0.009476664876674397,0.06045760393391282,0,0.01180050016037958,0.00988871176440167,0.005144591418280345,64.11365881039843,56.189617273419785,35.37031544422866
1760.5475598756643,0.591204205997547,0.07954788008009601,0.07936602830477754,0.8726767866016414,0.018731961658898823,0.3344065932150317,0.9281455247305709,0.009976485039132323,0.07014337969604725,0.8895932230510682,-0.005005047238313124,113.13836221856825,58.6641712522865,562.1493483816953,0.009677629736691647,0.06100799639740713,0,0.009782980692880326,0.01324791150883483,0.0038673797696509578,64.07156722412428,50.53422756262078,36.52316780723521
1761.1795190783012,0.5891360962179061,0.0766603444135292,0.08004521836645323,0.842405115834828,0.018638441640442687,0.33405760810010615,0.9191570600841106,0.010053500831042977,0.07047824990423052,0.884407949226138,-0.004824452626962832,116.38714338743225,56.54503824561886,557.0912014313936,0.009571569766982145,0.05598874625835196,0,0.006937453685240118,0.009439964075642238,0.005467631279862999,64.3569011955339,50.193323910629715,29.291561780769413
1761.7975123317078,0.5972245506274455,0.07639876130768551,0.07914544689358238,0.8630130001049995,0.018752625958896364,0.33549988563086963,0.9101614201328061,0.010274752805284951,0.06971445012454791,0.880268091813883,-0.0047608303255210985,118.1164265766657,58.266483738259204,552.4427356883763,0.010016350383710642,0.050081175960139536,0,0.006565805806365693,0.005447564639151488,0.002002824537165539,63.88988708328852,50.72558500933323,28.643414648019196
1762.4120140978077,0.595828994543222,0.08014385653332334,0.07899817267472382,0.870008622524681,0.01855832666427748,0.33826244309606,0.9156221029801134,0.010037470674550679,0.07053696311410211,0.8851528986563492,-0.004679103307483327,117.56714879018634,57.63128580528778,552.8834252773152,0.010179075287861621,0.049679817722219854,0,0.006734499989787773,0.006317375818342494,9.768664592266479e-05,70.845535432242,41.921998618959854,27.578991177037803
1763.0369903258297,0.5971640519160775,0.08355429955007873,0.08037878932727924,0.865444832281197,0.019091210200607545,0.33393371032202335,0.923368761795207,0.010040571867988379,0.07019140645502017,0.88904014818152,-0.004625949688259589,113.26037575261351,58.21959696069507,550.3751863715555,0.009898295101036066,0.04894013394225646,0,0.0031139563584965326,0.003142432922593027,0.0004963282716831659,70.34042647749827,43.32701191616563,28.940928212367933
1763.602611269626,0.5973942350713037,0.08371999400815873,0.07887454941516844,0.82470714914001,0.01858212736366542,0.33412038343727024,0.921662450206499,0.010130274555981315,0.06968304420477557,0.8729622650009925,-0.0045040840266527965,112.13146442439873,56.73990288189385,559.3515175991259,0.010296166517900477,0.04965795126180957,0,0.003961107090542841,0.004913058880832088,0.0009384706557662831,70.51915111183412,42.60936946816583,26.8103353902984
1764.2555193961068,0.5931645876936739,0.08345750657706683,0.07970999852798329,0.8791441182498083,0.018585952973603683,0.359415963689548,0.9326899309512103,0.009720928741805973,0.0798672661189689,0.8668950029672883,-0.004072723329186843,111.03690599441093,57.292356059452466,545.0547566341799,0.008308234812229282,0.050011352634611914,0,0.008645027565879829,0.007019210141778262,0.0038313308005794196,71.60103831435624,41.944421535488395,22.128706521210837
1764.8770041368214,0.5933270158420783,0.08317319833648254,0.07943190938918157,0.8169609254346576,0.018750606483810994,0.3464032662669054,0.9445189155539275,0.010248628192102396,0.10004193286062667,0.8993523099020714,-0.004198723269834027,112.210538011868,58.112566094287025,543.8245789128213,0.007728941952191044,0.05428923287232184,0,0.011081204932368357,0.004884997207047599,0.005414970814491616,71.7256765089214,41.98317010030347,22.138874717164796
1765.5159463140728,0.5939910781507122,0.08258821489995774,0.07924833460035247,0.7672406137873334,0.01921322106850478,0.33205299289562595,0.9260151888744699,0.009942770138363425,0.09960466610656298,0.9218112056921826,-0.004673726000622182,112.60740853607635,58.40162643668804,555.1845477801003,0.0076204352055494725,0.04985986121557755,0,0.00406324101739571,0.0008467444966191893,0.0068853442672136035,71.23571576662651,42.143821597126475,21.469376981184823
1766.0780757705616,0.5960624790290967,0.08326428920002683,0.07901062850018263,0.7870976262954107,0.01915456720545452,0.33568302641976216,0.9264920273722956,0.01018974595458147,0.10039679220739751,0.9036275063984114,-0.004655269757727151,115.67508182588278,58.908233441336556,544.7238339716326,0.008086035089654569,0.006462149094303074,0,0.010505271392002236,0.008922765921913618,0.007120092569143597,78.74541243135008,43.0312850920009,14.224138378886192
1766.751932820887,0.5920032294642048,0.08317423525575468,0.07902594418728195,0.8389044515739708,0.019117845390773214,0.3348418112329895,0.9107103816433022,0.009732750246685103,0.10009353725399138,0.8996878364618439,-0.004563358068520055,120.54029103807831,57.70156847031588,549.5766635997516,0.00788749467257471,0.0040946722006556914,0,0.004827481666678646,0.007929295808574169,0.002268691845629998,86.25566908586701,42.0681651293471,14.475238316802965
1767.3734175616014,0.5957154138248777,0.08288929877672364,0.07885273092010607,0.8343999623942628,0.01915118795254739,0.33856788696376416,0.9146965914491642,0.010020943331081403,0.10001765022802075,0.9279168454264878,-0.00475501231146665,114.37061800633676,58.16634478667813,554.6387272724678,0.007741355832447754,0.005916286916121318,0,0.004385882229766167,0.004047938279480677,0.003740461075621274,85.84476195061045,42.41998607778419,13.962318502538746
1767.9809363530865,0.5924434872912254,0.08310548188260523,0.0792542148875667,0.8594747697700207,0.0191911526288832,0.30835499429460234,0.9208573025154498,0.009985765353024298,0.08288025219954767,0.9133456474712273,-0.005431583837315302,110.50690727398566,57.81740568898342,550.6722575580147,0.006674571662366784,0.0051946577292679265,0,0.009527726508571845,0.0029295054910896162,0.0076261341234833534,85.28876045980157,35.42056330852455,14.96302144142887
1768.5465572968828,0.5924760401987618,0.08323134129493708,0.07893876105481776,0.8668218720869681,0.01805292442234911,0.3074282842077056,0.8660349810115748,0.009712035167373968,0.08389311653179218,0.8844742179637928,-0.00653748272991794,115.36002615699768,58.6277224355331,553.3885505321922,0.006335132962202212,0.005525907850384589,0,0.009487664021832825,0.006742100189830582,0.0058332117923113845,86.03203767896989,35.93955718279581,14.032995996109463
1769.2169228599005,0.5904857939816982,0.07995589739807128,0.07935138367457753,0.8806545694518206,0.017882144105965867,0.30939898284520395,0.8784397043034657,0.010145004086219241,0.083400760487143,0.9002823788152773,-0.005234524686410881,115.66531750755529,58.757129304519104,547.0938077109278,0.007444548434388611,0.007110388184464123,0,0.0014863415260543745,-0.0007052177907186296,0.005341214073132768,85.20948950143328,35.79774674843347,7.388526541206245
1769.838407600615,0.5920925558740819,0.07987290843977617,0.07928752933506356,1.064875588009315,0.017879633226712915,0.3100011273546227,0.8737505488007995,0.010003192910230259,0.08295624888722711,0.8951555388616307,-0.005446931873615133,112.53959143761773,58.32142383080255,548.7102719268462,0.007343464584241661,0.0065226212146538695,0,-0.0008249188257707248,0.006204694269439712,0.005209292481115358,85.47043514732304,33.90868884780573,5.647389512358201
1770.4598923413294,0.5907395869020696,0.07994087998512106,0.07935239633162232,1.079022123846216,0.019136837448111177,0.3069384819948724,0.9217305853255291,0.009978081692381376,0.08269039873559512,0.9540329098737754,-0.0065201593569457405,116.34104881031493,58.85149107128388,552.4254451564994,0.006745345784802171,0.003915800327716509,0,-0.0033951253972246635,0.004300435199479343,0.009250127190075716,86.16374000500512,35.59214111168902,8.512434949552896
1771.0778855947365,0.5888963142083518,0.079596122062527,0.08073250925501464,1.0822460345024598,0.01893733214624893,0.309096228508678,0.915424666137069,0.010290846280146797,0.08316784403097101,0.9209870361816759,-0.006592628498523467,114.01529887776482,57.42291462106065,549.1788553049568,0.006470174864057562,0.006248208313422113,0,-0.00022288408283001175,0.006056419534334634,0.0032293943682336645,85.88737731524795,36.155717582001756,8.055698216460828
1771.688895873529,0.5908285963177955,0.07954232194368753,0.08068569989386916,1.1111178783433133,0.018126875364554724,0.30011338017780126,0.8921348294570406,0.009917483334935435,0.08312469906865025,0.8668315467345258,-0.007609024639031989,113.09927949878714,57.838007814511776,549.5837957826205,0.005918701965427244,0.0052920508708022744,0,-0.007247614573550645,0.007475352374841043,0.0008281843726665686,85.53980636105405,35.97463115816087,7.868032827458184
1772.2580083046328,0.5906673411391661,0.07934632565103135,0.08037856444956054,1.147812392672805,0.017987316316399826,0.3095233633898407,0.877641207637347,0.010201650147505573,0.08382998810647048,0.8716534641930344,-0.006602963073897985,123.57066348927361,58.469939426253795,537.8067906870825,0.007318111884101746,0.00640583941124107,0,-0.0032880218226261247,0.0037437305964601424,0.006598139022520707,79.09966516106927,35.64478679465699,8.338019621880047
1772.9318653549578,0.5900087125910745,0.080224149007276,0.08019740957424162,1.140640362591923,0.01864395608767829,0.3293220578841094,0.8961665314539576,0.009922466568972516,0.08348966780648588,0.8991270437801447,-0.006734320806077445,121.83437109863291,56.43891498230429,547.1156264010051,0.00764222028096404,0.007927782926612188,0,-0.0002477027714823041,0.0045017816666409315,0.012052647967872353,79.0051737487803,35.73958379482531,7.838890846243775
1773.539384146443,0.5897593372639892,0.0798036004100459,0.08072065517513459,1.1318338242845187,0.01883391000752163,0.34009430959633646,0.9235747802870092,0.009651351205896603,0.0800812200624623,0.9168804223357042,-0.006764616532863048,123.32436261856898,58.91984659809605,551.0786025044938,0.007810147902953192,0.0073155100356538305,0,-0.00026645302534297755,0.0019585823191115934,0.00206214508537404,78.55359802928807,37.38936209847231,8.045932462922508
1774.1573773998498,0.5891469134864569,0.07645391853276305,0.0810978077988211,1.154973578844888,0.018748522847341135,0.3434140419725227,0.9258394143887112,0.010128422394933738,0.07966882064523269,0.908834220371985,-0.006643960226668494,123.95690360886675,58.726340390296464,539.2261164819438,0.006904989578371162,0.008207021715430154,0,0.0017018744098946574,0.0050620077487327055,0.006910750147651469,79.38462240960908,36.16594153499388,7.419120499874967
1774.7788621405646,0.5917532041628195,0.07664893154185536,0.07978735577506622,1.087624612885144,0.01900538297364117,0.3453890013665382,0.921973145927118,0.010404719765698116,0.0805593518893201,0.9132264107833983,-0.006536805078129749,121.8425443995938,57.40150451428034,558.7203588131763,0.007363569918026266,0.006792696748206977,0,0.005490805215370011,-0.0022816813881023443,-0.0013225426949121893,78.38589844931005,35.244373651611646,6.345525661112656
1775.403838368586,0.5950433599696952,0.0771177922801049,0.07877700774511898,1.106076265826696,0.01855696467672333,0.34252028981717103,0.9223346553247734,0.010325710386353487,0.08002494783319622,0.9134861934710463,-0.005120662448811821,117.26971585117693,56.28470950135298,539.8769607390769,0.006865524064359299,0.005730065396752503,0,-0.007785083572365946,0.0028861956885791046,0.0037964291605462643,71.33477759860642,28.080156965216155,5.3467388020317
1775.9659678250753,0.5922837904639984,0.07745432692240374,0.07940408075760168,1.1467244968528323,0.018527170852023402,0.3438275060830005,0.9192307628217776,0.009448413994933801,0.07998789252957123,0.9180583679697604,-0.005333726959121377,120.4276810659118,58.95399672676478,570.2142605133398,0.006204261626226051,0.006018915261281644,0,0.000828942254426198,0.0018709366025971763,-0.0015226965377636336,64.67405815590267,28.850599392692803,6.150538331573033
1776.6363333880931,0.5938630337144066,0.07731438290387117,0.07850580504372638,1.0477499811259425,0.018705690420025328,0.3449949236660386,0.967290289654309,0.009909034813046655,0.07997943125262381,0.8900737960246055,-0.005269779634502367,116.50629212385144,57.5130074537756,542.6488819251398,0.006260521569427699,0.006046539169456355,0,-0.0012700109416098726,0.009853239557648948,0.001384826557167137,63.74964302277957,29.56861738190887,7.312036776650556
1777.261309616115,0.5934231174689104,0.07717466873094324,0.07905443495059045,1.0765265678729876,0.01847285984347912,0.3423199090832409,0.8979579432041631,0.010098509998626062,0.07655329063594919,0.8968416827948713,-0.00535985199528809,118.95938160031417,57.66063232126992,551.1514502279529,0.008161378409691618,0.010169468006380428,0,-0.0024735409536041065,0.008997838427091757,-0.0003209996821402,64.90969508157052,29.41485040172415,6.548240721225171
1777.8758113822146,0.594871283716793,0.07708114944970407,0.07805576187500467,1.0827026148446215,0.01756067263154443,0.34216525801105446,0.881107410988361,0.009745794403407759,0.07649046031076134,0.8623428715081808,-0.0034108108301405737,117.26469220543459,59.511986722468016,538.4594643982895,0.008458191954736884,0.013877094931338043,0,-0.007244618275250955,0.0022124228410764614,-0.00139272896054403,63.5913965731814,28.281754749385343,7.576856638950688
1778.4972961229291,0.5963649567010875,0.07712287094134615,0.0776513568714195,0.9920734225448485,0.01763536723765192,0.3444114881064084,0.8739349410148876,0.0094269925168406,0.0767066510729957,0.8601913870667348,-0.0031383762507905598,119.53865032303503,56.60852707061081,555.3931181209565,0.009311796068167922,0.014467809363358631,0,-0.000678828637204023,0.006662640632576353,0.0011508878784456346,63.68063838699704,29.607707414888985,7.808095022732652
1779.1222723509509,0.5932053621156377,0.07635388503255867,0.077573646454497,0.9373075009967164,0.017151459312780573,0.33871483704495997,0.8374159104872123,0.009951183528208504,0.0766364147003308,0.8414265910387885,-0.003231276987948108,113.49832414510657,58.78903023975578,541.3492420491837,0.008044572841743647,0.012946431480718685,0,-0.004479583984088603,0.005055881208107575,0.0030521400072870573,63.528495756739375,36.10194295167278,7.30606187107407
1779.6809103201324,0.5957186816913852,0.0769991591135956,0.07692051944357454,0.9016115509217985,0.016835356684095356,0.3100521540670752,0.8351908482100396,0.009765115208861535,0.07679641750630148,0.8289778191838026,-0.003097450503317988,108.41567534558443,57.90414613235941,548.8430564308692,0.008226843014244327,0.01280992882824677,0,-0.0024108579926081643,0.0061754005193086475,0.002190300049356022,63.8540540767774,35.40428313578587,7.494244297036156
1780.3512758831505,0.5957870050272535,0.0769458976743757,0.0768864109412695,0.8820730794419798,0.01672205419378374,0.30975211824250537,0.8397826459263507,0.010133993289562332,0.07678640141366046,0.8191581404347639,-0.003366846071701658,109.32818629559809,57.656131891866735,553.2147275979829,0.009362254946195133,0.013868964747555659,0,-0.004066669012654455,0.006234202475529929,0.0011360979571850172,63.9439059260379,35.928220404848986,7.468982560168722
1780.9762521111722,0.5920146148591322,0.07600135250944125,0.07698567061150724,0.9068030596718875,0.016732796793884896,0.309285713515726,0.840188844212799,0.01015734194532472,0.07619043575022302,0.8209353872681662,-0.003020403163845278,107.31069889439739,57.13149228371185,564.9083061491624,0.00939732827057492,0.013141630755981551,0,0.005244273426533849,0.010687907001255926,0.00586593762072854,64.7384813354064,34.28480059902103,14.965010190542799
1781.5977368518868,0.5941015976550151,0.07669037129581555,0.07675664297125873,0.8897951929701042,0.017391135475487794,0.31100207215873343,0.8374683777544704,0.009863864932974236,0.07634548358514583,0.870717061735465,-0.0032690405989105136,109.54902433649013,57.12741921280056,559.3440034158731,0.009412147232419007,0.013204172354018207,0,-0.006735577175502864,-0.0005078658837809604,0.005138446867031398,63.94008444513106,34.32588898254552,14.839557448643765
1782.2052556433716,0.594418437633768,0.07664415111787011,0.07610937019078196,0.9158985486408875,0.01774342680205247,0.3568035261521873,0.8769513588109058,0.010053946262665842,0.07679855881709548,0.8770986189153346,-0.004383716690539757,119.19468372378354,58.159214358838966,547.8519922173873,0.009243328493702404,0.012844165788064688,0,-0.006223743575760868,0.013444280133901433,0.003626984634983769,64.2262922550604,35.790300189434284,14.872199160551737
1782.8302318713934,0.5891405259169507,0.07655431178821102,0.0750906985621789,0.9052837727382285,0.017412455087498654,0.3067807815105088,0.8798213913009777,0.010029149709544743,0.07711456931942673,0.8771952030591728,-0.006507635840197493,118.08110544393465,58.14898403112196,547.6488707598262,0.008221516922715631,0.01427543188790282,0,0.0002734651995760927,0.0025550985900665425,0.0005715780298079496,71.50616588555037,36.33012487657973,13.969008674817836
1783.3958528151898,0.5923678151103186,0.07701660012031297,0.07512538946910077,0.9075884358941327,0.01771598220911119,0.30410162163230403,0.8778139409315069,0.009905127536217584,0.07598503371855708,0.8739667475847129,-0.007218845486992726,118.14750872945746,60.494788182817075,549.733242090387,0.006785631934721156,0.013239424077467076,0,0.004066627908420625,0.004179537891138605,0.0021412846395016238,71.37870380526685,37.08229112771232,14.965450485547276
1784.0592354035932,0.5805627219053209,0.07650285746462672,0.07551178654875938,0.8758826075687709,0.01770532916951719,0.30169414624320234,0.8753077023435963,0.009976016092134547,0.07673607842750081,0.8824555532182075,-0.006630638115245074,120.26001772466998,58.33753693577915,548.4879654619526,0.006781633366790867,0.023865472921775894,0,0.0013115748678433335,0.005800587512213427,-0.00031338998043007856,71.65402490720923,35.75628356084441,15.618304346332216
1784.6667541950778,0.57773334648947,0.07646989490445535,0.07556968515800185,0.9261431362293455,0.017430361407237253,0.3083783708041577,0.8761236424118113,0.010099138126055831,0.07694757582114253,0.8560463592539577,-0.006393315895378437,118.86219011022142,58.78361486047966,545.2108996063873,0.0066591811318488315,0.012052751181046949,0,0.007666438880766735,0.008821050956363064,0.0013533670374726821,71.51945327773072,35.70166271734177,14.504530944053279
1785.2707814992555,0.5795966726588523,0.07667373888824804,0.07513646088886689,0.9467249072633974,0.018031510585873215,0.30558332512502173,0.8705314159174096,0.01005845367184857,0.08003594024685817,0.8520954007037577,-0.006590267354262973,124.93981287578006,57.15720059450914,549.7757304452199,0.00784649400725203,0.010709870386213368,0,0.002005553068924232,0.0016805344241870093,0.0003612431041545225,71.90548504297028,36.01015866266824,15.58076718882391
1785.8887747526624,0.5910695548200761,0.0766348373315624,0.07542361248862538,0.9633012676758381,0.01848752932525843,0.30819123778239516,0.9304169647663538,0.01000751883666179,0.08000026464934708,0.8698126261825794,-0.007022871377956894,122.76566165490632,57.34107997177062,562.0413277445028,0.007304990237174629,0.013005907903859021,0,0.0005638429289356574,0.003731292358836959,0.002579642482000391,70.71819005955155,35.14568420824181,14.97071061672737
1786.4578871837662,0.5897916307126861,0.07686589907894026,0.07552213383084191,0.9435227864061636,0.018640266372291936,0.3077798008641289,0.9316436375890172,0.01039529684822422,0.08029510001907592,0.8610912395078999,-0.007414424452957324,122.5072386656711,56.87248704790618,555.3510291585393,0.007228914150843453,0.02021447326358714,0,-0.000737775709317422,0.005916173100490055,5.1088467300289524e-05,78.34163353986833,42.170091618692354,14.067445768112165
1786.8244933510418,0.5896932530341189,0.07694994455526036,0.07561224644297641,0.9645457217177916,0.018283813240891855,0.30071605920104655,0.8734753923500362,0.009895886302194085,0.07976351163095599,0.8736621312535252,-0.007262777442544666,123.32150541420776,58.20786431569915,548.477755790466,0.005259495820086898,0.019312157689459496,0,-0.001422703427216177,0.004443762377179497,0.0030624971180145746,79.32664234737659,42.223805100972086,13.887952970587717
1787.5611971728997,0.588920195435684,0.07635501499412971,0.07297965646742616,0.9793944459310943,0.01866758039365873,0.3017919773583658,0.8976505374593742,0.009756386295016583,0.08006709352976146,0.8564201627469449,-0.007370123549996414,125.1994377922264,57.948436706362656,559.4796253210319,0.00529681956422617,0.019349133595134696,0,0.0024075426458907137,0.012935598796485074,0.01119095505294975,78.41845864966157,43.4456845601346,13.996091527916132
1788.207122324766,0.5918024374205222,0.07603634868875223,0.07363838001837872,1.0076459957191124,0.018172953871329958,0.3003994964457899,0.8903386597442121,0.009847358068894994,0.08008702762006904,0.8406526573651076,-0.007028441124868335,119.78693929971247,58.22486224224836,560.6281230758196,0.006724244486304288,0.027779104305778072,0,0.009543897558147864,0.019914054093286015,0.010391745422412323,78.4291658164435,41.04577184115597,15.20830652294308
1788.8320985527878,0.5951895857160316,0.07682822373276535,0.07312491521621484,1.0368067491330706,0.018204549570112777,0.3014624197282992,0.8616363592152328,0.009597157399219979,0.08007143162553527,0.8359443262294014,-0.007014471404587423,116.5060338737342,56.9234487287113,550.9073864489224,0.008501296346388906,0.03226688808432989,0,0.002236107423122025,0.01469922910043096,0.01699113963231195,86.9734812748241,43.637834737564226,14.64452454380215
1789.4535832935023,0.5963599113564924,0.08025606597759478,0.07330146342302887,1.0555108688360268,0.01828722036219469,0.3112221050643194,0.8700599244297094,0.010559897616438552,0.07991106899034126,0.8435256646688319,-0.007090141505851777,113.27761837222717,57.18799614227256,555.3654206747203,0.008275497265463705,0.0283668711510654,0,0.0033133271061804616,0.010510300597489489,0.01218923631843901,85.53863610422943,42.64256400834747,15.644825482473141
1790.050627623065,0.5961370592695397,0.08031971004400336,0.07312703703307104,1.0431383714899822,0.017471602457653244,0.309002330165486,0.8586107024742186,0.010103311978465004,0.08057647596906792,0.8267358493355061,-0.005726999745960285,115.49452260797791,57.098517086517994,549.8025328459887,0.009356616152708415,0.03172526330818391,0,0.0005583634919833413,0.014342930831961908,0.010702613687006934,85.96887931726508,43.00956220068214,15.765028544381126
1790.6965527749312,0.5961058343633602,0.07966656951697758,0.07331038416109234,1.0500105485233109,0.018269775004612753,0.3155782812633059,0.8684345945805235,0.00993213500621408,0.08033754733365103,0.8295595167372348,-0.006473851841331526,105.64840342391719,57.706026937682125,568.5415678816083,0.008769793391605918,0.02805989840414633,0,0.004300688508517994,0.01538337585527439,0.011520158559440736,85.49721466973706,42.80379969380531,14.498432447202823
1791.3250204902606,0.5996129434893888,0.08059821393333089,0.07406494423835269,1.0496553728188034,0.018085900054012075,0.3100595313699263,0.8596831032290335,0.013202951531365555,0.08054231057788837,0.861857692843619,-0.0066826565775562,111.1049704531978,56.77169877162215,535.3520114556941,0.005849308788992938,0.032200955944962334,0,0.0016830836175055573,0.011755893349672942,0.01722822421085285,86.16762836138614,43.51067414439351,13.792156447811427
1791.9499967182824,0.5940739635502574,0.07995169940559316,0.07403902446869062,1.0251554498014728,0.017945400666940392,0.3103524468162838,0.8603594853611083,0.013167884175207612,0.0803742393173424,0.8500892564971673,-0.006908998979916623,109.11215507839802,58.88204074529375,545.834722109254,0.006208147889092373,0.03475939794979672,0,0.005729193492438505,0.011096610372586992,0.011842305541530703,86.3058465331901,44.02826447850494,15.011623520980235
1792.5575155097672,0.5946989297544624,0.08050623729198478,0.07413299024821837,0.9867715715676274,0.017579006824791854,0.31511193556704736,0.8703598515324475,0.013070899780499138,0.08031002444577882,0.8288302494744577,-0.006356412601141373,116.60688203935541,58.51068643628394,553.9832505835153,0.005996578246973527,0.034155856122827864,0,0.005135235698608162,0.012492069844516594,0.013328170924419607,84.94678074398895,42.289520631678485,14.889326517068712
1792.9206301897354,0.6007048918867577,0.0799953193703787,0.07432117308620892,1.013212418114974,0.018020791747106853,0.31548205681368674,0.8737471356100919,0.013022190390974964,0.07999981542060179,0.8564149693036893,-0.0065242835689171864,113.14099545150812,57.639078157157286,538.7328922753804,0.005779758913755196,0.0348468702190871,0,0.004315128141939487,0.01441932386714839,0.014695778072750213,78.53596488215805,43.174339684081325,13.865739489658074
1793.779536067352,0.599487246785979,0.08020061022359792,0.07710854683094458,1.0193911118926353,0.01783342407821142,0.3389515837219424,0.8551831388361876,0.009779084499777905,0.0803337503314146,0.8703295349566096,-0.004719154855973556,112.65465316816339,59.06383781065427,565.9630040607909,0.006315308170663971,0.03525374523080572,0,0.006068320731950919,0.011631497422742783,0.009467934909393783,78.32826310577185,42.51796243231193,21.45101920272813
1794.4219697319108,0.6018834724982847,0.07976608207566141,0.08132888364088622,0.9617122507448418,0.01761640595763688,0.34015537404816676,0.8626201542122325,0.009871588396691666,0.08001560897746865,0.898989931416391,-0.0047504512519144625,113.751336938058,57.71554574435995,547.8355403269045,0.006276421291667156,0.0419819088417646,0,0.007092607825951298,0.01203566513471924,0.010214703596482102,78.63136495492543,44.11317910529594,27.1774285374679
1795.057420421855,0.6010876466608861,0.08020949727619453,0.0808647431519208,1.0008614826760782,0.017619158238259196,0.340448328209176,0.8595096536091954,0.010143615649567811,0.07996687960176618,0.906890565374593,-0.004513055112819689,110.55143361947145,58.34806649059786,556.5996667540866,0.005917293701566046,0.035087724709748566,0,0.0030749277108349645,0.011757401315751058,0.013257858826370999,78.81811099804585,41.83946467705692,27.97021777474329
1795.6055839291141,0.6008793488069758,0.08002522310969526,0.08030802210442639,0.9648297533478815,0.01779511931365748,0.3276124454163536,0.8477080886496494,0.0098161671448786,0.08039095808126001,0.8953413442405388,-0.006045042696908968,108.45459496624362,58.04998624393768,554.6704070457844,0.005905737712643839,0.03505159271535109,0,0.003814216368157124,0.008307764115174247,0.013326726352160622,78.27848696103274,41.914379289520824,29.99519912128711
1796.2864239540543,0.6035411860879992,0.08023906408754124,0.08187514425920571,0.9227142958424693,0.017804366185832424,0.3356140238705969,0.8499681331030066,0.009817054460306554,0.0803260643740756,0.9130276258406117,-0.004804862378874424,106.59066817771756,59.11854994882353,543.1170800141289,0.005554068289353374,0.03536447796994203,0,0.00591962079563286,0.009578121235901401,0.01597386202892799,78.16750197372339,42.057269537339664,28.37446652908095
1796.9148916693835,0.6041287602787149,0.07975608773176292,0.08315416747252606,0.9428150457513428,0.017796515183201043,0.33838887095975245,0.8678599074341329,0.010325536605489537,0.08019106954502664,0.9039172953403626,-0.004767456413834329,108.05611094544214,58.14705639939842,563.6411482233726,0.005614739812204472,0.035371572165857686,0,0.010639346605580403,0.006601447464548646,0.0076090034215435965,78.64825860699575,42.80557898481538,29.29704627274463
1797.5189189735609,0.6063363536084639,0.07947908540596932,0.08207726328007173,0.899600123895496,0.017860965250889763,0.3369967064030598,0.8541953931501067,0.009807659413914357,0.07644517029881392,0.9112877709764325,-0.004499565527684523,107.5477712524143,56.4548696142887,553.0362745819011,0.005231557918640598,0.034521667003491616,0,0.011773601259500685,0.007062461595961751,0.0006162333543080038,86.22362519672595,43.287597222129136,28.749365009741116
1798.1508781761977,0.604247738594301,0.08299137670124997,0.08244211114876737,0.9240875215274778,0.01799716661107982,0.34645174335867535,0.8555963495732943,0.010450607779924332,0.07669528601830142,0.9446392367821932,-0.003435403659137115,100.34955033075002,57.85713684299961,548.7111138289996,0.007306644644373045,0.03256856397635037,0,0.010948301315039446,0.005737303860429347,0.0007793112257038536,86.69236959089882,42.873371746714085,34.85262113648788
1798.517484343473,0.5983447202557954,0.08283080343150469,0.08182782827395887,0.9237515773214151,0.018013534603963755,0.3484507179866907,0.8576010617554832,0.010171958817845116,0.07700845495975125,0.9600332460014539,-0.0035200783919048925,102.62265522349924,57.326343367627395,555.1066150163414,0.0047758476950471185,0.032395810134109575,0,0.006976604355425388,0.004464080643219176,0.008284611691429578,86.19160944034846,41.97262973594799,36.432651078995924
1799.254188165331,0.6023000504909923,0.0837295177749208,0.08220138543817332,0.9134346616748092,0.017976961160795692,0.347074473835623,0.8572656552638525,0.009951481151324144,0.07331444177398674,0.9561132588766776,-0.0036398342359484997,107.05182381760596,56.89202840583744,546.3141085311574,0.006319820495996542,0.03927412580215674,0,0.01396529645033885,0.0020923729227335574,0.001548839636437981,85.48636471413653,49.51642042253466,35.913451762073514
1799.8861473679676,0.5971707583314441,0.08370876022580453,0.08263491505567411,0.9832706922454247,0.01814953970023042,0.3466134322906317,0.8539050318446029,0.00999117146140605,0.0733270931604906,0.9491163121931427,-0.0036611082932940108,103.49154410187742,59.53855531218403,558.8395924777858,0.006128241163430148,0.04710604013369027,0,0.008945212640870698,0.0019010843953804419,0.0044167075208851195,86.7691332453464,49.887711569400025,35.37787945622147
1800.5390554944488,0.5982363950906516,0.08335695512371548,0.08297780967567533,0.8906374239884943,0.018018447054469103,0.3454050113819415,0.8698980340171573,0.009674689473591609,0.07296374334739913,0.9289867311051097,-0.0037664385154244934,104.22940332276636,60.113449875375416,549.7912067312053,0.006233024608738081,0.04700539375726514,0,0.006464036438805943,0.009627907746141282,0.006056488570921021,86.07336412481085,49.546593496780275,34.564081856883945
1801.1640317224706,0.5967192705590298,0.08371597735434608,0.08273578897789519,0.8842184141799583,0.018097042519966494,0.34757937405671424,0.873706359101309,0.009634343268219629,0.07318255660996252,0.9503450417756525,-0.004966612300885025,106.2550720625067,59.592814816976016,560.518814475115,0.006421356222000844,0.035659513712299674,0,0.008255439248553497,0.00834329329754487,0.005033560904500743,86.25921457178853,49.48622993284616,37.57268005880415
1801.782024975878,0.5960565223082667,0.08327882786203875,0.08257701907790836,0.9067897334448651,0.018150974386595756,0.34494670837074054,0.8714743126735712,0.009829335103229479,0.07366263650369641,0.9453037230559532,-0.0050516374023570265,113.4405643868521,57.89591068804714,558.5526550470057,0.006679589709356556,0.03713486511057334,0,0.01798072582072802,0.005815377435242687,0.0054412791163993435,85.66894937183372,50.77170266115078,34.69883544783047
1802.3965267419771,0.5976501181618542,0.08387870830161918,0.08255022639462309,0.8991511429686811,0.01831416963943911,0.3486408055818834,0.8773900195731344,0.010404490006445182,0.07331132581571562,0.9685071704189991,-0.004776825670475762,116.71349165710507,60.66089410750129,546.2040376760988,0.006291558909983734,0.03768456304830717,0,0.012123101271043006,0.00949817531102054,0.0012485658492157083,85.88119700376814,49.80814339084457,35.36921105476539
1803.0215029699991,0.5948535145051193,0.08286387608054592,0.08278692814285665,0.8968830648718364,0.0180768034908922,0.34251199125389115,0.878999695146064,0.009782250095713929,0.07263585041426276,0.9420872248522174,-0.005176514021060831,113.15057293849223,59.050927861144515,558.0272696449086,0.006251045540248524,0.032066927858604065,0,0.010082451197637732,0.0010541463219135238,-0.0015850677483212686,78.95081834310804,51.06800085362387,28.044979808951705
1803.6499706853285,0.5964855059767348,0.08347410613416299,0.08290967478234393,0.9000069466618539,0.01816744749073675,0.3210717016782997,0.873786934368695,0.009823446913483467,0.07631610591019078,0.9449888141573531,-0.0050466894281508195,117.88125211429178,59.07267832044633,561.7202795957945,0.006549638450177402,0.03265881854539777,0,0.00581004974659279,0.003296330022589726,-0.0010982806394001345,78.48849262181774,43.626618867937566,21.316703213253376
1804.2679639387356,0.5964955833984819,0.0836048834232418,0.08286569778129765,0.9382407143801718,0.018265634575650305,0.324098822539967,0.8769030793739728,0.010094256326492065,0.07694605973574205,0.9330125044470318,-0.004902874862896366,112.93885518940837,57.38190320870976,554.5539151629898,0.005960936307382679,0.04330162088812573,0,0.006429714698494149,0.002736016745135696,0.0025728729878722956,77.70832805533331,43.08637872491503,21.78186741122835
1804.7916870348433,0.5942046621183116,0.08345823195632834,0.08353662766288547,1.0091415044479848,0.018088299849075413,0.3267467437648409,0.8812588494143282,0.010278610524533594,0.07726361187041042,0.9517983249786783,-0.006295802770264127,120.81066901629087,59.8290794267251,556.6624415388497,0.005592750003507391,0.0427293361473376,0,0.012100196017396987,0.0040673620941768735,0.0023744147554437206,77.87125643375364,43.058923872120616,21.144526521767666
1805.4934759836276,0.5950960291523243,0.08269263136113533,0.08389500312017904,0.9800271925966846,0.01838970818173822,0.31963298726843237,0.9007164085168055,0.010210575469239647,0.0759214450024379,0.9303858810894824,-0.007373272355847766,116.76415410973527,60.19115388951047,555.5473855601327,0.0061694385342593834,0.032834905565975285,0,0.009890030237109593,0.009680784438992984,0.007469825575829566,79.36667591817175,43.076300559499835,21.594890220123865
1806.1184522116496,0.5963336781460259,0.08395322764357281,0.08350678555316332,0.9280066888670896,0.017862838147102725,0.31484536565156146,0.8927092641344675,0.009876154777304929,0.07676095505309904,0.9404553145649595,-0.0073033185158590894,120.27342429866765,58.209754535692284,544.4788735130189,0.006676845228419019,0.025559797048043332,0,0.004856890173193234,0.0031446030577123815,0.0007469898321644988,78.39704266555172,36.40864185953231,20.720960456937895
1806.7399369523641,0.5949779824534579,0.08321299627855008,0.0830448455584111,0.8714423993788475,0.018055547245127316,0.2965065353285324,0.8927440896836416,0.00989646195930647,0.07662307146755637,0.9282241385321371,-0.007335932002927318,119.47103412789633,59.69698872065196,546.9708998450333,0.007159144308010353,0.02146308960926929,0,0.0077044044911125185,0.0029099179698799825,0.007486141413315946,78.96119772026952,36.76602886221961,20.52389888048048
1807.3718961550003,0.5951107987517864,0.08338366551622926,0.08348362688323735,0.8845946653957613,0.01823004625421477,0.2952986235768208,0.8921227099392457,0.009953672853037316,0.0798619022126937,0.9384615718217748,-0.007280426296261165,115.49117392417556,57.650771318722676,547.0843307560986,0.0065012973077681925,0.01032073517415233,0,0.0029242245806408475,0.004206162291919309,0.004492989061325276,71.50669115998593,35.68344316513702,14.333454114023567
1807.9863979211002,0.5961799380734648,0.08278113786770826,0.08312471636929784,0.9071050117766386,0.018460758065639765,0.2936690109807107,0.9024760643438958,0.009846946667814467,0.07978445278097981,0.9493631063743277,-0.007360210858673835,118.52558536416701,58.859144628936946,541.0325301926325,0.0065612451969707525,0.008300951340253635,0,0.0025721912744197965,0.0032013698596580157,0.006661573561967858,71.81165806563918,35.10217911866255,14.539795250732713
1808.607882661815,0.5970194033439349,0.0830371358827823,0.08345283339781527,0.8405959880634761,0.01834181942780007,0.29576412528223106,0.9005544785067223,0.009863816379553206,0.07903577352980595,0.9248409311468474,-0.0074017583081786905,119.48891725897352,58.46020096582535,560.8155226660681,0.00620030803299808,0.006432146536142456,0,0.0021604371901749607,0.002378106161722126,0.004869739541939514,71.55991957369149,28.137054447076043,8.431858746619895
1809.236350377144,0.5966154448445965,0.08328310597097024,0.0836040464416514,0.7890618199327158,0.018496712431711207,0.2932087306434527,0.9089553207845527,0.01011722981992454,0.08023314949243876,0.9192060566465861,-0.007522589036431547,118.31925304296988,58.86458308919422,536.2984751008214,0.005086229787684837,0.0068483882601008605,0,-0.004437410889847034,0.0035846869031605274,0.00796669140525013,64.1291244709945,29.118419139240935,7.403715505555
1809.8613266051661,0.5998557550832704,0.08635194382394895,0.08366248289311261,0.7549287011017564,0.018351267598673848,0.33018329667566465,0.9050950271284154,0.010211181971183023,0.07953565211826137,0.8998282019756142,-0.0067747217619995095,116.95570471998381,59.528290836341334,560.7152960250183,0.005285428300672553,0.006888176019145804,0,0.0025185453520197632,0.0056898491282464485,0.0018100067904454863,64.50904927749579,30.02980785231102,7.363907909573578
1810.489794320495,0.5992241257275128,0.08669165545562434,0.08414669833305184,0.7534223754978805,0.018501642496791152,0.3464464531468827,0.9062680985674862,0.009817222935341458,0.07976834036381045,0.871636423709846,-0.006355925307318003,113.7788256181031,58.45837828576891,565.531835451933,0.005373803004721413,0.007428195687196428,0,0.0022946894791723528,0.004562322445970421,0.008486275747251077,58.04805637318743,28.782038944319783,5.802482401957844
1811.0344663404471,0.6019183298403173,0.08666002924993728,0.08395586643072753,0.7578441474084234,0.018433040317470697,0.3261836147213272,0.9062917018517603,0.010132783804319307,0.08007008254856413,0.8777608498953388,-0.007129205647468536,118.05350258011647,60.43343663843698,565.5149868479451,0.0056354146458860435,0.006572772219124565,0,0.0033768581737005582,-0.0031737024774691047,0.006220968483267362,57.366904717552124,28.84139592916029,7.393378546932612
1811.7187978526947,0.6000360121557832,0.08666305031968058,0.08398227822042086,0.8292330231458798,0.018616996854631137,0.3235473705941601,0.905738411070792,0.00994350319793931,0.08009128823352796,0.8796691147722436,-0.006128590917831453,116.27882249647405,59.35398726072981,568.7300486668512,0.005140851016646226,0.005874587217240466,0,0.012254611543413492,0.002940787998405016,0.004740387576285665,57.05107124697102,29.172216037134206,6.8614869909381495
1812.3472655680237,0.6007643077080836,0.08723593732958228,0.08384411331818387,0.7404828097966786,0.018642580099328798,0.3215572928569715,0.891108454183081,0.009783118207324543,0.07995947926416848,0.8826379679356562,-0.006311520960674348,114.82379337686629,59.27344936812638,555.5501414952133,0.005986813559603263,0.007009754350802993,0,0.0033990206113188788,-0.0022482882146431264,0.001953011088544725,56.14202278546114,35.697781931186384,13.771893678374932
1812.9792247706603,0.5981986658656273,0.08701330626815719,0.08485897807473619,0.7661033169804145,0.018651739811519477,0.3216498881608318,0.8805234656153154,0.01009461921850363,0.07948015734900161,0.895867199798707,-0.005862934419126747,114.37057956135544,59.729119825785475,550.1682022097168,0.006180533469194343,0.006623144768821249,0,0.0032695593876425396,0.0036605464990563342,0.002260375939536695,56.81333307880529,36.056152444218334,14.168731373589226
1813.6076924859897,0.5991445734055325,0.08656134087039544,0.08366781401239498,0.7811916681448924,0.018501116700324234,0.33093691788193424,0.8958221874863858,0.010137963605266498,0.07969455212863524,0.9078144972255388,-0.004850034746727769,117.01090180144529,59.855029156753005,550.3825401587106,0.006503187399999533,0.006430615425745403,0,0.005345358601975255,0.003860329727966751,0.0071447676729387965,50.3517779941949,36.15249350131982,13.370685881598959
1814.0930092217163,0.6012212017995444,0.08616323161311946,0.08486928922049862,0.7556880591717124,0.018705700571530832,0.32812319882405827,0.8889930656788597,0.010216775560290844,0.08025936215799509,0.9084237087112057,-0.005315609582797738,115.3531765549467,59.32388580102111,561.6715434237052,0.005851455251674912,0.006870689878817158,0,-0.003713629297576724,0.005831143663728073,-8.061659484227953e-05,50.095115964118044,34.67119540421912,12.9841838871978
1814.8157470943447,0.6013125713672369,0.08646994408494933,0.08470425883172861,0.7723249967820974,0.018726708295983892,0.3234665574277811,0.8901249488484005,0.00966343895472778,0.07959574470382054,0.898466743672442,-0.006121034468751403,120.47393490153524,60.491888760446145,555.2778236337034,0.0076365799732971956,0.00707390630728493,0,0.004053030517156369,0.005133608833122776,0.0014667611219564526,49.86727966262347,42.25289214776636,14.64358649787637
1815.4477062969816,0.6007807642204757,0.08295994885838151,0.08491948797282142,0.759776911177437,0.018787209818084304,0.3105733694256533,0.8890506776614092,0.009959515356737997,0.07969989388716221,0.8934948274294893,-0.006001760580180324,123.57725019642746,58.206625355867736,563.1211593679902,0.007748359595358674,0.009827084617657007,0,0.004314679565636017,0.0008866276815614922,0.0024196207160966246,50.69372251418286,43.01551092450643,21.086718101298455
1816.0726825250033,0.6004913359734616,0.08320640259145622,0.08489432800192778,0.7634086388608531,0.017916771014730996,0.309896531388607,0.8877679144631848,0.010015253910253073,0.08027065490144,0.9209973733542246,-0.005882374820221317,122.1594614093184,57.35524844889879,561.6326939016537,0.007979899553476145,0.008048908707758241,0,-0.0028151669405756777,-0.0008844523044111243,0.0032695461077611996,50.072223480181215,42.34327466096208,21.092799615831026
1816.7011502403327,0.5992648052921261,0.0831190104132486,0.08447324279593728,0.7655630735111556,0.017913786690657633,0.30958227586381454,0.8873369579939622,0.009623813637227372,0.07957496425343479,0.8979795691796097,-0.006396562536777304,123.65301419804828,58.517945765027754,546.879565256984,0.007198387996089628,0.0069350077074761705,0,0.0014941398997477735,-0.00258515889627836,0.004380966098234457,50.23735608919704,42.588673493609114,21.0243092996194
1817.3156520064326,0.6001323324238752,0.0826829913551418,0.08377790498544345,0.7376425649865205,0.018045150996844176,0.3119131547720408,0.8898773093520006,0.010101750179453672,0.07970285307550089,0.9102190333036954,-0.00620564681797901,124.07568103184347,58.19379070397092,570.6572616920533,0.00789186781068097,0.0045023951880964995,0,0.0037264171059546635,-0.002007213886739425,-0.00030700106707997124,50.01555352104883,42.00553204854496,22.478712185778647
1817.8079517167735,0.6013225697344091,0.08249729148744492,0.08469103789495708,0.728401692519786,0.01866282670664374,0.3078246098620735,0.8851567662675779,0.009780608119874063,0.08005042465941974,0.8940756333078549,-0.005775323688380747,119.97850600544567,57.275037189880756,561.955925244407,0.007570972226110715,0.0077593159942714925,0,0.005880823887987146,0.00015573579542280678,0.005004776345496131,56.832554955067984,42.22320262473853,21.39856992410128
1818.5237066147874,0.599090247472082,0.08286733561612744,0.08456672668640444,0.6750243971915201,0.01913521208742287,0.3112270356736339,0.8924932317503563,0.010378426814865773,0.07666594513449815,0.9083099508609748,-0.005620143789288824,119.258054126692,58.236010960128176,555.6409065490202,0.0074865732967764,0.018698072266392217,0,0.003173042449897434,0.004435129685025649,-0.0003711054790211986,57.32846503988647,50.59517357909789,28.9006757952028
1819.1521743301166,0.5980340028573826,0.0838208321676486,0.08384915985560333,0.7030275554134056,0.01881954183514563,0.34414489821247807,0.9287412589577304,0.010074315148081705,0.07614826806631984,0.9146847326635968,-0.005739254734767422,119.74467558478038,57.76559362994778,551.6267835776313,0.00754387390141236,0.019474763148030958,0,0.0021626971155148163,8.5592333328487e-06,0.004604928554176876,65.23673701814081,57.19340085428095,36.33010607795974
1819.5292549593141,0.5945544683082451,0.08307433332014262,0.08361556162160923,0.6306451919033241,0.018781456786176088,0.3434685195555187,0.9326638758241774,0.013062300847478165,0.07669776901158241,0.9234138688532196,-0.006409231515116435,119.85078165138117,58.393196794155536,551.2652801896022,0.007467965377106073,0.019693885396316856,0,-0.0001324183087978376,0.007911693565300386,0.001339215715071791,71.69602151589271,63.96070719709098,34.50495678833129
1820.2834162177091,0.5858358370246133,0.08339780418091543,0.08388390740824016,0.6458444252945271,0.019085640522275137,0.34271771967117926,0.9854938349618098,0.013270757319604233,0.0763265004341636,0.9589164578390856,-0.006946756172612892,125.05041189859317,59.319585575700806,566.9680091761174,0.0074376977075552774,0.028363763420750653,0,0.00323340589393082,-0.002439040677213941,0.006016197592606189,71.66096771077054,63.81900023029523,42.62381286811005
1820.925849882268,0.5941395084201624,0.08004799849801021,0.08295208812738224,0.6576580009638132,0.019248447088905645,0.30836073763416394,0.9246093568190786,0.013498410152258056,0.08049196229988786,0.9141611967611049,-0.007116434230309748,123.56264523086388,58.998950575427365,549.0913144434886,0.007650878137920184,0.028043404114720057,0,0.007232120173140191,-0.001211310290757276,0.004232285718534242,70.90626035126158,64.61501894665952,42.22803754713951
1821.5473346229826,0.6004705151785749,0.08356342714593096,0.08303823385528193,0.7125306634160803,0.01905538351643707,0.30965783596971486,0.879076797909385,0.013238978760035533,0.08014952060949816,0.9083795543858404,-0.006740393045325035,117.46939499122624,59.135919895432494,542.9161133622465,0.005368803804416137,0.029089877915698746,0,0.006511917103188029,0.008374869791714831,0.0057478137617306396,71.12580335929063,64.26294469365423,51.25446512182833
1822.1583449017749,0.6005759320486416,0.08375278967468687,0.08247806399809203,0.6829177506018909,0.018378465150081506,0.34273779989378267,0.8712148167841781,0.013098883656367846,0.07960168948907331,0.8571734421344844,-0.006333623162553726,117.3598998570754,59.77724638383147,555.0425136763218,0.005422441125219156,0.029648952961024343,0,0.011031602573761913,0.008359433821241208,0.007772506431190375,78.61357926762082,63.946426745247535,49.21320024648003
1822.5214595817429,0.5924485948835941,0.08316936646939962,0.08350302156109199,0.6978154367547409,0.019205565806039757,0.34348688431219376,0.8843886699475145,0.013047278459373628,0.0805289264891966,0.8951765944672404,-0.006329158782949594,116.46215482397632,60.6340924545677,558.6571906598856,0.0052799865325908035,0.02943821083470763,0,0.003954723394780213,0.008159120420607862,0.0023569611941674203,86.00246877660237,64.99919292480521,49.84884587863729
1823.0137592920842,0.5938151570060758,0.0837662519310428,0.08274229980454392,0.7218492082916581,0.019239104340052358,0.34826124133152675,0.8782877986147517,0.012833909464091919,0.08012632459784745,0.912868433671919,-0.0066905950059539965,118.56561804199332,59.99626442852523,555.9357538622075,0.009092197378188477,0.028821718014524208,0,0.0048842748371712855,0.01641945452109893,0.0032695666656263177,85.88978620129508,63.18955480858367,49.446208166915476
1823.7574460885571,0.5927926300770484,0.08293046296935608,0.08290164982049973,0.6853332320505632,0.019074141509237932,0.34603989635320287,0.8762873502337781,0.013362991251473857,0.08035247411538537,0.8909042039190376,-0.0062406256444273635,119.95071185466293,59.74692189674637,567.4931969017723,0.009180292734080095,0.030115590409952684,0,0.01961843597121125,0.016591652784658534,0.0027138721992611683,86.10150887129987,64.56931251251712,50.467061580973564
1824.410354215038,0.5934039051307255,0.0825443040618953,0.08330452849690048,0.6883005137727158,0.018817907076266738,0.3431933600198378,0.9070938856346432,0.01315977698347712,0.07976682076494426,0.8754006332463777,-0.00643752943727964,118.32655972945048,57.8140457731245,549.0560725373992,0.00928059375116142,0.030198068679307792,0,0.009223147230297353,0.01736275836949371,0.007730019229848531,85.5867447666335,64.51869872446588,56.62348096795377
1825.0702453161339,0.6035316130488884,0.0794050011591311,0.08304311767579198,0.7141596934301864,0.018312920583200377,0.3431706967237372,0.8989580479343242,0.013565692239918242,0.07932817121904284,0.864243799075808,-0.006453259935403772,118.21803792446336,59.96303248288428,563.7056133424837,0.010379453850721107,0.027640292785170807,0,0.011835343954051187,0.021383087344528515,0.004801340322498614,93.17610508717439,72.09742623701119,56.34684355661463
1825.6777641076187,0.6030259407398613,0.08026292809336133,0.0831582537859592,0.6919888898493999,0.017914664437998242,0.3357178727716782,0.8990388489072023,0.013306098197172683,0.07979926499979532,0.8427860325808019,-0.00590701546192448,120.7962695927001,59.84117879830338,546.8626842721828,0.01327908533668579,0.021357718251752516,0,0.005748830786648414,0.020622497493736826,0.006802445733098252,92.8769733902386,71.9557002273607,56.207699038673894
1826.0373873002793,0.6012251993233846,0.07974478462005562,0.08317638268059399,0.7274200333879525,0.01797218802529225,0.33605536630382393,0.9052323094587348,0.01337629289389704,0.07946711203582849,0.8465594300064813,-0.004581978663941822,121.6436584416727,58.60720065662548,556.8400355348779,0.009915254791068863,0.02121791183794564,0,0.011371760019529813,0.01878428407156825,0.004667937859089005,92.28510958102096,70.81916810721647,56.75313743559618
1826.9207335890476,0.6019969760867379,0.07962298162052321,0.08322455630717233,0.7526401535450127,0.01771517471086923,0.3324610032460322,0.9025943297083855,0.013412256100952563,0.07985708223795408,0.8335932133357667,-0.004164407815700731,117.48942534427387,58.692621474451656,545.5619754936082,0.012999214128556882,0.021657089925052407,0,0.012165815462768306,0.01898900889886631,0.0053649637217840825,93.17759962823573,70.78436941913601,57.61007424816429
1827.5666587409137,0.6046765922168907,0.08014143587080017,0.08277514392634253,0.750610206336265,0.01828382128835531,0.3491814046201718,0.9084125346397263,0.01014727715788776,0.08000005454208198,0.8668739009844076,-0.003288846214814464,113.93473571792227,58.90758693554958,562.1179050946067,0.01376821574973512,0.021498358333527888,0,0.0125758840621636,0.019195890966908023,0.0015028326705424306,93.1871517551604,71.26314246382513,56.3483193339651
1828.1986179435505,0.6067181129534587,0.08054674740007647,0.08278042214442438,0.7504721800231902,0.018972164021243392,0.3443740155862697,0.9076794660509067,0.009943042993100308,0.07960933004206901,0.8809356662958819,-0.0031405305093412197,117.14438921917713,58.506586979050894,553.5518278183137,0.01278099901314983,0.017567095674784483,0,0.02020103734956977,0.01854517437502237,0.008403038122676636,92.9596264426402,72.02861292080937,56.22316526086776
1828.8131197096502,0.602023835105759,0.07897035786967366,0.08285109022342997,0.7908445687837354,0.018721246314992578,0.34807430315915305,0.9065760410011682,0.009805883699239005,0.08010049406512133,0.8750578382674434,-0.004116130120291416,121.64229614404384,59.580035712219235,562.4505713922116,0.013984045005706724,0.020987134312099462,0,0.023554686126366197,0.01801669773434406,0.006670235665326109,92.82565551379417,78.55260123882557,55.22906751681423
1829.1727429023106,0.6142147908867351,0.08000233327424237,0.0830321703801866,0.7741465795331898,0.018825773699884224,0.3483324621133781,0.9123020197985339,0.009599373667830402,0.07939330522179705,0.8984962121980276,-0.004052110379608859,122.36241180912707,59.25389011762835,549.3450007133281,0.014012003598606161,0.015664605129109034,0,0.021825943151041298,0.018034509651861562,0.007033244913895057,93.54224420726096,78.65901794171357,56.95116874770707
1829.6790085618816,0.6180901637729965,0.08042936498195705,0.07885039926699498,0.8153810661376965,0.018946707264428972,0.3470791351860606,0.9040793575702677,0.010465233663882544,0.08016678717504676,0.9365066217543161,-0.004214776096580464,125.97816677341079,59.82025354298922,566.0299780969596,0.014061750103252387,0.010043529591953891,0,0.023090193419390954,0.020850037581252444,0.004150303895170723,92.22771378475858,72.3323182397672,56.59157601160175
1830.4261868456615,0.613546538629531,0.07966386903081933,0.07828925191807415,0.8784213719823327,0.0187083074185999,0.3337638573568747,0.9061508909218527,0.010202336027363354,0.07991311881990129,0.9179050767125374,-0.004453302484881119,124.54211066803805,57.933389330202054,569.8933595215356,0.012504139304433365,0.010278574551728694,0,0.02017335870362351,0.020677243440422783,0.003590635021467819,92.41797044945669,70.59280586207944,57.32027095416542
1831.072111997528,0.6113552142623155,0.07975706741424081,0.07895801210425778,0.8917181083254808,0.018507741499747477,0.3309446872079368,0.9033821602610179,0.00988830348684404,0.080003770808156,0.9222187283110397,-0.005989923794098105,122.66800071210928,58.3397778598187,581.276090601508,0.010965281927130116,0.010347277806332255,0,0.01716237706544698,0.02017277271953858,0.006462280315370548,93.62836239622524,71.51613778200031,51.646934548678416
1831.7250201240088,0.610509615435014,0.07638247975564674,0.07853877144084807,0.8705172434093785,0.018443833896690052,0.3265767737827315,0.9077108356379227,0.010214393699270116,0.07972180224872454,0.9333959084508825,-0.006418890131296538,125.3200030037095,59.456959974115605,562.0606335803742,0.006885328223434571,0.01043922826169522,0,0.01913689911145101,0.024402325456290293,0.007646434521115949,92.5543488795023,65.74815028930438,49.04773761679579
1832.370945275875,0.6094127046332708,0.07702414857274979,0.078279115532184,0.910365632899351,0.018234382264701473,0.32374495617117904,0.9070443999284776,0.009982728305602012,0.07989108564749041,0.9335207453519503,-0.0066956410272243985,126.9693448292146,58.16524515664063,569.4464735789234,0.006868276247162181,0.015517156240326001,0,0.006839577452279743,0.018420796585366366,0.0032431382703844635,85.51465163565221,65.06046004308082,49.23361563855832
1833.0098874531266,0.6108621433982205,0.08032017348537751,0.07772246244324138,0.854414391932836,0.018385148197270232,0.32184751822196195,0.9089846709051806,0.009630075355079898,0.07977209975058262,0.9276120331191636,-0.0073942078285368935,131.59538704876337,58.39901005161289,574.5212345930049,0.007070168858906307,0.014453171109331704,0,0.013024656203130274,0.02241787405325574,0.006787220060616795,78.23029393149396,62.9837241376597,41.67914474357201
1833.6523211176852,0.609640924822808,0.07616410842516544,0.07866651556788463,0.8580356793102467,0.018303879366198178,0.32407422378681167,0.88488033286289,0.009912148661391158,0.07987797664999419,0.932365119450974,-0.007326969995111555,124.973604023292,59.6741429122432,540.1050045180675,0.0064932776146457375,0.009612580009880911,0,0.017559554498084,0.02278051894750098,0.008023755791391494,70.60043800043441,56.92795873929258,42.97247860940524
1834.2807888330146,0.608775158819918,0.07676347844917972,0.07791261461515171,0.9012494099172157,0.018073925316634525,0.32295367513159706,0.8892586696047852,0.009633403410169992,0.07977811058344994,0.9226806747692411,-0.0071498185124683235,126.41389906087554,59.037281446094894,554.728644098681,0.006718719009961009,0.010800450802485496,0,0.007812883737559513,0.021761111804311128,0.005041202421073166,71.2528749456338,56.66239211250588,42.98584283194143
1834.9127480356512,0.6039746792520186,0.07643971014387256,0.07763204426584219,0.9040669424007585,0.01813969778268155,0.321589504375409,0.8884208931706371,0.009785118828443693,0.08002043461808446,0.9189682267267799,-0.007148421216379705,118.45518979974811,60.79381769485512,563.4892460500988,0.007351271482233076,0.008362422381455634,0,0.019481704549247594,0.02009949803725031,0.007747479387421205,71.45794718071927,49.71987123901462,44.25436946951837
1835.5202668271363,0.6017828906053594,0.07695447322122392,0.07812730962445884,0.8061542709110876,0.01795984058580389,0.32280967436961344,0.896490349108456,0.010003236139488557,0.07984350586749495,0.9150204903369515,-0.0069941808804831794,119.93238873326914,58.86359076468423,562.4238985997836,0.005993645875776872,0.008227361810033987,0,0.012717058178224426,0.018863036877799694,0.002625053758216118,64.29167981723256,49.32984505648963,43.17406436103395
1835.883381507104,0.6023279955984997,0.07700863902810337,0.07846894641362555,0.8390018678866641,0.01813988290286685,0.3277760121621063,0.8941346956720077,0.01041926219996528,0.07988838552035894,0.928992897532791,-0.00728722832432494,116.49942808579766,58.88843439892248,563.9291235401738,0.005447679002775768,0.007196051056487357,0,0.010444182326434969,0.022054278163146,0.0004692123100840254,63.61027573196963,49.23482395573587,42.333484633475194
1836.3652067555233,0.6014144920383656,0.08024080680207261,0.07912460343262923,0.8074100618352072,0.018111299939110294,0.3281933638000148,0.8944064982790393,0.010021368389546167,0.07953886938283801,0.8972679191690411,-0.007365972656417284,116.86336938191073,59.0169892635069,552.7139742189643,0.004381008568301027,0.0070226112932814415,0,0.00968105970234585,0.017296703822472986,0.005173541312498947,64.59841441540765,49.42133165144928,33.94506291248162
1837.1193680139183,0.6015902084440217,0.08009433637153753,0.07994268550005978,0.8072832985522226,0.017867591313513186,0.3149037518186373,0.895731110598186,0.00987064413818766,0.07987800327305099,0.9107141137129873,-0.007106056597891767,115.90938512623917,58.68760693955192,574.9979506763538,0.004928789100275454,0.007244206956229277,0,0.007701970268602816,0.017424687519886413,0.002120804607425852,64.64945191610983,43.399559715853606,36.018356990945556
1837.7478357292473,0.6014700755090988,0.07973746026747927,0.08013508448363654,0.8095000272917244,0.01782397229444921,0.3344051931683849,0.8928112647044948,0.010044586866511466,0.0770155273073448,0.9208364365348447,-0.006569015646297323,119.31779602511402,59.31719490989508,566.6748507364983,0.004947781793401997,0.0062813757906952945,0,0.012305047839093754,0.019842224353603777,0.004240486131417824,64.07351149284993,43.4568047326303,35.88275450963676
1838.4286757541877,0.6026476530976222,0.07985454591992901,0.08074722419575411,0.7830288173466814,0.018053362446604798,0.3387845225906052,0.8872140389673818,0.009799953391038048,0.07757749064268585,0.9117345738387509,-0.004317004481670612,119.57211587445543,59.21140453041329,568.3709495523354,0.005337110429053789,0.006933967254145795,0,0.007490965781239615,0.008307552845660676,0.005589238301874177,63.909157202196845,43.21346384381193,34.71253234408019
1839.0711094187466,0.5980063955928268,0.08452056530935322,0.08063084451523667,0.8128778742391648,0.019180822977891594,0.3520601329785757,0.9104554976197629,0.009946679567940134,0.07718406085704894,0.9212879996649879,-0.001992113204705172,117.86403025468347,59.43200328727414,574.3062631614526,0.005370047745592721,0.007165380155392896,0,0.009214527130500277,0.01685390236402564,0.004940319140157373,64.56624650932974,43.674441898333875,34.95915666346746
1839.6891026721535,0.6132312539463757,0.08384545211760618,0.08081500175861897,0.7946646917038165,0.01947823526704417,0.34946213066076215,0.9178386009263444,0.01031936653792627,0.07686386142645596,0.9257623608642505,-0.0019895846552177455,117.52688127841294,58.16365979261861,569.4850152112087,0.005249407826557912,0.007023812671656498,0,0.011505223738884587,0.016068546341254153,0.004477661331804194,64.03790653295115,50.38766694052042,35.89437737140245
1840.048725864814,0.6158109195954108,0.08338264602020629,0.0807542418973671,0.7891206769864307,0.019420779365331563,0.3357893123190957,0.9216216827148784,0.009753172900871894,0.07629531907721995,0.9242330337366376,-0.004564983778161692,120.12012480416027,59.54695688260277,568.8079750236208,0.005025835906809233,0.006063944317774132,0,0.015107427285440124,0.007337276704722307,0.007078934973993919,64.33913940514753,49.75634856247239,43.17593348970328
1840.9425466155046,0.6130936244503344,0.08281032980991493,0.08401460440266395,0.8039830427911909,0.01938442217935869,0.33871795240424635,0.9173690183554808,0.00998497330128009,0.07674442830770191,0.9277903214603819,-0.0046677504156023035,118.40557365184937,60.08281639196759,568.3319783055797,0.004992578723701283,0.006772719289619361,0,0.005960531459480713,0.01910663976638776,0.0003535774936178921,71.37083593155582,50.64608237162842,41.824126437822336
1841.5954547419856,0.6151680981074251,0.08326750436162922,0.08483889132561692,0.8031281320069404,0.019477308861593847,0.3417721561844407,0.9351117618042963,0.009919267944590533,0.07670097211352066,0.9431736447721816,-0.007608206381353314,123.00182613550314,59.410772270984936,554.8775902808984,0.003917997774131244,0.007528392317622744,0,0.01300709530053581,0.005091940588857341,0.006214547426254043,78.70289827381532,49.30858755948951,42.91383856012178
1842.209956508085,0.610342639072386,0.08339569179042623,0.08478089827475072,0.8097335208444155,0.019107600286195382,0.3375685941727439,0.9365551802862039,0.01031413816067934,0.07672120028292881,0.9056724649271676,-0.007560903350708021,125.11574927279376,59.01229416300951,566.1566065647828,0.004387478058841625,0.007029494756331921,0,0.015691571788199094,0.009339489884187698,0.00489872726888811,84.78386379633588,56.68003353506458,49.76687262061413
1842.8628646345662,0.6106057487005152,0.08413096044238161,0.08455717247582216,0.764835157871906,0.019205919651074838,0.33128389718361184,0.9209073061460654,0.009996320275425519,0.0774154131761601,0.9016861664096416,-0.006310546142276835,121.63930760138011,57.85555551514874,584.6972726459286,0.006401612828147593,0.007473102698461884,0,0.012255513303687664,0.01162119294568294,0.002347286031920654,92.14233714651124,57.87458229729394,49.51399417882926
1843.3516728575999,0.6083680040950599,0.08333839457841354,0.0842089302388669,0.7942119057182973,0.018470888105732972,0.33316328650082444,0.9057182660821383,0.010194118089144891,0.07681913551598608,0.8790798425869223,-0.006255697831587655,127.1464183310251,59.04964345502659,574.529849774157,0.005990702461456433,0.007462108402263949,0,0.023714473851291988,0.010486612909746822,0.008843836933779757,92.29301985943178,57.24911645716843,50.313324258316555
1844.0988511413802,0.6122226781543246,0.0835112364176865,0.08433769900664341,0.7951686422631703,0.018347933116031997,0.3344439223190988,0.9029800979790388,0.013564045833731225,0.07640740148477575,0.88261663672665,-0.008208244944461887,120.04583217293121,59.30578701614387,564.8764887996957,0.006179932988208988,0.006837733556496062,0,0.019703049024722755,0.015073816639288818,0.004162555977922903,91.76534090695036,56.871296402425564,49.12870877309835
1844.737793318632,0.6096794165555416,0.08371221606067077,0.08430837391292774,0.7382307092943587,0.01823348467519958,0.3334443361836736,0.9000004894922705,0.013194048949921945,0.07662649927633665,0.8581754463013188,-0.008151022373399241,123.87321382372984,59.62121256202952,576.9613720791244,0.006081203407077333,0.006138696113570986,0,0.015517686928111812,0.014122780996225097,0.004669044743845503,92.05537367629377,57.11240869850601,50.24029573583644
1845.3767354958832,0.6082922500216283,0.08018840751909034,0.08510167261177505,0.8032166571353628,0.018220222246782162,0.30526490808298573,0.9025375767205135,0.012932555481074233,0.07666323088924178,0.8580853220905407,-0.008091575739032788,117.3499628252222,59.6913320742787,565.1423289152345,0.00607428526435508,0.007450289878972212,0,0.014981288019251625,0.01535454355898807,0.002831394123586477,93.04761575434037,57.171925666465114,49.06045787170377
1846.0156776731346,0.6106830550333239,0.07972738930317598,0.08385608170652338,0.7801973593852896,0.017868785803189468,0.2949134398806101,0.8992745091355403,0.013375581641385168,0.07647788603340278,0.8313291429944718,-0.00838569938789666,123.24494226442648,58.9865805359962,567.2520522414486,0.008552023247729662,0.0073701124464593225,0,0.018048532144826487,0.007189001799861051,0.00403598132787118,92.86334803941979,57.55275402462397,57.51402947879661
1846.6511283630784,0.6134775148524991,0.07991656426329789,0.08459273189660046,0.7731328717001916,0.017848204652422546,0.2977520099776969,0.9069325609596024,0.009879790957434208,0.07390043124582588,0.8418773171347514,-0.008174299065865054,124.83973472990918,59.67973897792262,572.0416386659116,0.006030108419316794,0.006176134583582684,0,0.01254421291146431,0.007865792496870373,0.0041576118529717526,85.82875596360367,63.830210804072806,56.5171107506017
1847.125970636883,0.6128228116271776,0.07977361768215527,0.08456052798511843,0.7430674421587181,0.017746755606237063,0.3000563238912246,0.9017310892431555,0.01319430996563975,0.07359827417422085,0.843822888085127,-0.008489901028931848,121.19095422950348,58.345804857351034,563.2110826247394,0.008523482710812429,0.005104727294416077,0,0.011822548295862701,0.008165023946679754,0.0035176013658394533,78.3833295919753,64.38171686606873,56.807350076907866
1847.887114869893,0.6107575992565504,0.08001759877164953,0.08219706587080237,0.73699994542022,0.01779818980513783,0.2975821532624305,0.8966148932149341,0.013320504615029045,0.07311311397103663,0.8456641585092651,-0.00827056511577169,120.58276080769839,60.14810624202167,568.4335723415026,0.006248465746452077,0.0076160400573807106,0,0.014167076430794937,0.011756493789259768,0.005543102236598701,79.04749497696274,64.571013719925,58.19677123340053
1848.5225655598367,0.6110465048849053,0.08048058844129578,0.08181091748996841,0.733611573537363,0.017827785199822373,0.29616209019220274,0.8925694298881898,0.013233716631099773,0.07281578664228948,0.8412533348603907,-0.0072391144774318125,118.79222437283771,60.018167681787375,586.9107190632587,0.006129301666364903,0.006680924802286263,0,0.015306109709871228,0.012489153654932347,0.004892053280555761,78.73426633084085,65.11815296446706,57.677532536474864
1848.9031376763419,0.6053574154731608,0.0797345897439758,0.08174322511049222,0.7960323691050488,0.01797719605640634,0.29935308164354507,0.8981903918613398,0.009842124133726482,0.07361433481696868,0.8518026104349175,-0.007173206554257599,124.67664992784269,59.971492972249756,566.25436201634,0.005654393072987348,0.00825741515131198,0,0.010773467452193198,0.0014903206544967023,0.004690719336131391,78.78959229114407,64.16151196190498,58.67900007730605
1849.6642819093518,0.6077905225818537,0.08044474573351704,0.07639955203694732,0.8292485538098694,0.01756836232410035,0.30292789458715275,0.8554734600985778,0.010177069486226787,0.07331368127592798,0.8585944279928152,-0.0073527072818584845,119.68579388128458,58.40189413250715,580.2414076028174,0.006432919974008689,0.008780188894000425,0,0.011204268564221652,0.004803914011750123,0.009647601690224935,78.39978139963175,63.964034901510004,57.14776293007216
1850.3241730104473,0.6070109701455653,0.07958101142041671,0.07654666560044733,0.7732873342512261,0.01787759334714492,0.3080048058616212,0.8977819307719042,0.010065531181946866,0.07329682690407936,0.846073147937683,-0.007016258801161808,116.76274638857548,58.42051084281423,569.3078871123848,0.006508914197909283,0.008272046109006495,0,0.009294397381138455,0.01094173931268103,0.01597628277869349,79.49343132462654,63.550689951167804,58.4721921915737
1850.9386747765468,0.6074930872966983,0.07997384610736345,0.07680171534627912,0.8037024321761599,0.018175585733696997,0.31358278780271603,0.902058431124935,0.010150322793443701,0.07364219108669756,0.8702613456944756,-0.0059549114380874025,119.4847881186657,60.95102072482865,574.0900961591046,0.007769477270647298,0.008659640989078067,0,0.006148102624898353,0.006037250205229464,0.008906649333335622,77.94518753876682,63.59220045583682,57.713218742480215
1851.5950743903354,0.6063884114315006,0.08004612544960123,0.07746704183811713,0.842670149133017,0.018228804265011958,0.3100010961414099,0.9060816621394155,0.010043885819429757,0.0733876383744613,0.9000236696129934,-0.006605666421526946,123.23071575939424,60.34856556648231,562.1295023524458,0.007972466088183468,0.007663478691207023,0,0.013834562305328047,0.0030212290764533743,0.0176659464123785,77.85150834745623,64.71914194829753,57.75171069556327
1852.2165591310497,0.6030580454314521,0.08002050189327153,0.07655129535648349,0.8517114944898463,0.01825785326155661,0.3110493435993905,0.8988833243541011,0.009909249480139198,0.07376167412401001,0.9108097388216292,-0.0058358539217923415,118.9995175780433,59.78986105593358,585.3089674255631,0.008454607832038621,0.01170241014466799,0,0.004825236549148854,0.005378945715113562,0.016017916927606096,78.10056479050094,64.2031285721431,56.55672055463505
1852.708858841391,0.607336575870026,0.07991644219323596,0.07561119463473047,0.8464009930375438,0.018298184548931194,0.3239478163977406,0.9064699584572806,0.013557426285397106,0.07370903252968546,0.9031383100344454,-0.006054668953386052,121.49639224044631,59.472583419575066,563.2982440073839,0.008118996556361417,0.03308939699058925,0,0.008781586623352308,0.005247997632332402,0.01754323911644369,78.86099503794966,64.56031827821512,56.082054956224304
1853.4455626632491,0.603541875944131,0.08056291527720498,0.07551107464139659,0.8956187411203194,0.018070305698910386,0.336975661505822,0.8953605725938919,0.013908422058415795,0.07319386447747726,0.8907586087688826,-0.005079422142361896,116.1570646180037,59.82817153518968,578.0149373656544,0.007760965206781001,0.03345367066090866,0,0.013633483762333243,0.005825674962752456,0.017866335050556764,78.36568441967624,63.74401352452905,56.62682350019659
1854.0670474039637,0.6014005860239153,0.08354636024861327,0.07608403022185638,0.8894273876604802,0.018607908404845722,0.35071338716114214,0.9049110388647096,0.013544953339579273,0.07350337168607998,0.899892419404672,-0.005935964206639701,115.58838118678597,59.36856512400273,573.2094141793615,0.008965073217871336,0.010965050470198247,0,0.005800232239166825,0.0020512130652671243,0.018837436195110694,78.92782033988067,63.87988968156758,57.31510981162106
1854.7199555304446,0.6080521756420016,0.08265016876159581,0.07632973217763023,0.9019576461087241,0.018411112920638482,0.3389425874792657,0.9076093310951455,0.012973212017505292,0.07332321214150209,0.9211487788176186,-0.006062875852538015,121.80662129264374,60.15812844613001,565.2345365951675,0.008839346864876975,0.01126435264886594,0,0.014165369172379462,0.007668282496103812,0.01180976876609217,85.98246171161787,57.87726561233227,49.72755611805167
1855.3519147330812,0.6055019060937222,0.08411114512910726,0.07611923559352311,0.8845228956937733,0.018340897140448564,0.3313949307145349,0.9115460743024395,0.01259107734985521,0.07301814096393175,0.91231246400885,-0.006332928725454583,119.05780686214491,60.59028498105611,563.9589987184671,0.00796121552960335,0.010189729194724476,0,0.004615712157945876,0.003573241085126186,0.007129123254471053,92.75755874163583,55.66758901505455,50.07570393005438
1855.9873654230253,0.6063253263515151,0.08282554600420335,0.07635557317400957,0.9335532167186112,0.018248337402768926,0.3382828863591396,0.9072782635345723,0.013767748767203155,0.07331518030334437,0.8951717365235028,-0.005848323689192214,123.00818538913371,59.463857747527314,568.2361988647659,0.008341463446579725,0.01031168774669714,0,0.011685176070632212,0.00022202753121587128,0.01586033450328813,93.11954934260669,57.12197263169662,49.5736537720943
1856.430784311063,0.6085530374921062,0.08349797290312348,0.08130992660441234,0.9691343123510658,0.018358573457816007,0.33933726421754185,0.9112496500206978,0.010199100624598712,0.07335157232869252,0.9110526489583268,-0.00610832058894232,119.80438421702978,58.83974055825309,590.6103313018723,0.009231214108878725,0.010914104894155022,0,0.011717380172936576,0.0017207617345006108,0.01117742245556193,93.14522589745405,56.40442096976978,50.50239676070524
1857.1989115186877,0.6082226818343788,0.08750198164338929,0.08171244416679888,0.9504854318767119,0.018506189945271173,0.3357703158300057,0.9217930272683195,0.009936979102208105,0.07331312580039805,0.9082731774984752,-0.0061905422433226566,121.00434965523185,61.11790174483123,583.973200311899,0.008907416073701237,0.01892670927567646,0,0.006978528106608435,0.0029636584420559566,0.020101747884056435,91.9700123947762,58.43730096933621,50.058920926264584
1857.8413451832466,0.608589525684983,0.0870845943282427,0.08188893545788495,0.9000798575902754,0.018464861385757553,0.33490863877635396,0.924013060390504,0.010062806786080474,0.07367758237016023,0.8950510840574172,-0.006554215637267689,123.11818468962564,60.29155562612289,569.4606067808451,0.008913917430427458,0.019005306591686838,0,0.01221405950003285,0.008118883188551721,0.01937335303727467,92.501554839349,56.06872773344525,49.93351396451079
1858.4767958731904,0.6070818072724316,0.08679837912784809,0.08275572850353187,0.9335320120533358,0.01821430465718849,0.3329711381100467,0.8966055967740838,0.010170996388190178,0.07680312504553609,0.8861915781079075,-0.006156073853989504,117.63927208255691,59.73662713846259,565.5330011987356,0.008729952956366926,0.02745344857223861,0,0.009001710938445876,0.005003644045420556,0.014862025187060096,92.4829160903743,58.077009058544746,50.029112809754146
1859.1227210250568,0.6055981509149361,0.08657357661980551,0.08179841580780584,0.976439896757601,0.01820136352479708,0.34733358685265664,0.9109965259537436,0.009600486905239819,0.07718205131392897,0.8791776075855261,-0.004532737261578847,130.65953064564187,59.693716992158166,561.6209917205791,0.008768144776479662,0.016502589047323282,0,0.004611905316881332,-0.001390340723224501,0.005205041977428366,85.38325391752078,50.06739249769109,41.35681716629264
1859.744205765771,0.6104339865745259,0.08699294785802324,0.08275530741896935,1.0067782912237626,0.018550981716954938,0.33345683412482763,0.9023045653881574,0.009923709697366489,0.0765349035537181,0.8708008136585047,-0.005635380995181975,132.28180547829538,59.80710151655833,579.0583625564856,0.009408203811202645,0.010978385279443068,0,0.0038422478195253365,0.0006541591651556015,0.004573326603630957,86.24660976190364,42.65268041207446,42.341493119242216
1860.3761649684077,0.610970583071664,0.08660337086755224,0.08417276023141121,1.0094431616743562,0.01866917311552625,0.3365605244898115,0.9072485566718032,0.010155794357451254,0.07650066172194797,0.8841157765297208,-0.005725646139392814,130.7879590663743,58.20590196337143,576.4419097316791,0.009250369647519343,0.011699391849377032,0,0.003114353535244348,0.0006918897241884668,-0.0013576861348749188,86.16186326947488,42.706691425858395,41.96663238799492
1861.0151071456594,0.6098186955452295,0.08757620892375204,0.08502163481993481,1.0145462383558328,0.01835076124529401,0.333586890613046,0.9052182981157643,0.00974360088899214,0.07622369319629861,0.8726956083444505,-0.005267100665793404,127.24241216367446,60.506461555681085,571.1534092764587,0.009290370635984842,0.008720549684388079,0,0.006135206372209849,-0.0007862700173770299,0.0070133243211832775,86.25308874608679,42.75196822499042,42.94074494637882
1861.657540810218,0.6068521409981534,0.08676253298178109,0.08491685780019091,1.022305642348969,0.01821796723243726,0.3528174311050286,0.8999594255979593,0.010003415584417434,0.07670764393971094,0.875880452529512,-0.004469850813373609,127.02628590539743,59.19788407427688,570.6750859271812,0.006493804796247961,0.00813634432678623,0,0.004240593806078123,0.0038794144578390196,0.0032156818576105283,78.47619575184956,42.73934068386926,43.831131111189556
1862.2196702667068,0.6027967835422903,0.08696599912308273,0.08512391870033532,0.9407679157610831,0.01853857908099356,0.3549375765327014,0.9097382545044016,0.010001936612725722,0.0764023011212916,0.8876062867659563,-0.00429636968782607,118.85165160949828,60.85657308726038,567.4030053761298,0.005917891792955734,0.009100949951596944,0,0.000527986559287783,-0.0021143322807408815,0.0024175977479748366,71.26469646704051,43.099280802368966,36.1013891250226
1862.9144762408764,0.5989562425066239,0.08610273522780612,0.08461196656771934,0.916570043452244,0.01882553508310862,0.3341546982656032,0.9176348721646868,0.010070060863790241,0.07720182649628568,0.8933212518642487,-0.0052004878306485475,122.80011652588192,60.123360078366005,564.05496492081,0.00587581060682717,0.007122686491391564,0,0.0034230469388127982,0.002804596452138368,0.0024696475634159833,71.19090451032794,41.9244195616973,26.50090721683964
1863.5569099054355,0.6098038076371678,0.08688414247928103,0.08594995135229407,0.9331237801355455,0.01857314943775374,0.35277072768472933,0.90382359706652,0.01012018174252595,0.0769046901333725,0.881671648773315,-0.004549973546342614,118.13221444050569,59.84187411771563,582.339085359271,0.005366513509936571,0.007079859824479045,0,0.0024926933478732136,0.006599962629051343,0.005433332764926027,71.17117770367166,43.565185234801994,29.061718047429306
1864.1818861334573,0.6091791676583692,0.0866641273649081,0.08594702776350213,0.9587257335363547,0.018915518943099417,0.3545390570863383,0.8953341197911747,0.009849036740325326,0.07682432326516041,0.9414999990263071,-0.004692340279332302,123.38948590451822,59.079883709152455,568.1325528284821,0.006056904614643922,0.006978817402790588,0,0.004683467210395409,0.0022042818165148494,0.0008792158029870671,71.15838951165196,42.27960643867551,28.705593889729354
1864.8103538487865,0.6102033658915551,0.08644907011425026,0.08514799636656727,1.0124360523774678,0.018646485160222926,0.3514188208917951,0.9155343694911809,0.010027085420566689,0.07689413050273407,0.9300545140574202,-0.005030383767815592,121.33988161019589,59.887499505662866,575.4116974483784,0.0059534893190726045,0.008065297366798114,0,0.0006366024542094713,-0.006827998092160928,-0.0036061543223155036,70.95704838457812,41.95489915848813,28.944318666278214
1865.2851961225906,0.6108539664159366,0.08673903773176368,0.08541930729104281,1.006808483802113,0.01867720025613802,0.33384346580656776,0.9146722317818925,0.010186536262594869,0.07704141647656408,0.9164049813454855,-0.005937189216885465,120.6852337471421,58.790672923601136,564.1430117569674,0.006374058619376023,0.00792206958060974,0,0.007805245971255875,0.003010635589503166,0.0023613177301082247,70.99945760437228,42.97557810646161,29.159963139785308
1866.0323744063712,0.607483286106767,0.08672391524042057,0.0852736750710115,0.9834926377327039,0.018925822924809585,0.32485244699469207,0.9259962197436296,0.01005738505572922,0.07650069151762515,0.9408830797240535,-0.005692983979307423,124.9409973277343,59.183286141697046,560.7951322504597,0.005746569190727942,0.007536198861224661,0,0.0017204013002933513,0.0028018493777323484,-0.001190963214898187,71.68996692434543,43.50881384146063,27.90115913172911
1866.6852825328522,0.6052832455737965,0.07653837394703335,0.08452120503394338,0.9913770006117963,0.018943032873335784,0.3330658326711368,0.9221883658018462,0.009893489024653191,0.07952591195289221,0.9408693801976842,-0.007473239833463365,121.08688768974093,58.313071863874384,584.876817848014,0.00556332505657295,0.006818182059783262,0,0.004718561168188039,-0.0001319092799536045,-0.002482408448113048,71.5205864897461,42.473278089010314,28.341850219064053
1867.3067672735665,0.6089447882659236,0.07619394081601881,0.08529758418758764,1.0236928451160046,0.019584995652180623,0.3316107746011688,0.9207557121718135,0.00969832170596296,0.07959006703851758,0.9636697343928738,-0.007705333718763435,122.01556919978152,60.56540813436536,583.1743342088015,0.005030546666204589,0.007092858082567654,0,0.002979977184047209,0.005601461865231279,0.0020129923270141847,70.45221768500103,41.83920705234207,27.158808227864576
1867.9457094508177,0.606009295819184,0.07613396974579931,0.08465514330238533,0.9811418877971917,0.018963572770767458,0.3285475859888331,0.9124241284636053,0.01000788454574355,0.07969032392199246,0.9350476452092918,-0.007892428423169921,125.85598057776203,58.79813018266215,583.0428651017263,0.0055381083610286565,0.005694985724810305,0,0.013734783242858076,0.009765252763815293,0.001848236145759491,70.80718023371219,41.89289346187151,28.352628201125782
1868.581160140762,0.6106176004640329,0.07714151381142004,0.08418909681264442,1.0143749531827655,0.019086742665134233,0.3302075839156693,0.9236250812721932,0.010481055681793054,0.07956961214890193,0.9383615600661662,-0.007814802692484865,128.62889534693824,60.261230603429695,549.2949790542328,0.00770538764099927,0.00797159645285606,0,0.0038416418337649414,0.006960730255786026,0.006356081514726291,70.33441726978572,42.88215076427591,28.53956559295793
1869.0490194399515,0.6095544340468974,0.07989713156722597,0.08336249008384883,1.0067772216074349,0.018985218503615515,0.32825116342204613,0.9073329221269193,0.0097766257214516,0.08005710914879534,0.9314638978453536,-0.007585387665582755,127.51696690101737,58.5871033998472,572.043026872927,0.00747459225453004,0.008630520939582302,0,0.006871479910023239,0.0017384864206737446,0.0032150140793303543,78.68038862111173,43.16736998764556,28.16629513805758
1869.806672185654,0.6109795884364758,0.07662488980675462,0.08286233637360547,0.9893914938400459,0.0183355256761934,0.3361990211321596,0.9196114994174752,0.009717852849892631,0.07968598012510578,0.9188016459062085,-0.007675938239835854,126.99019566868523,60.35787341159223,576.7858406161512,0.006818952662045514,0.009337590973711122,0,0.010547065880297076,-0.001660068221069488,0.0013530205899741033,78.53710545630284,43.007364592117206,28.529162249732877
1870.4665632867498,0.608878044590922,0.07695037922062983,0.08193664436013458,0.9748268300178494,0.018233583653659027,0.33538173408498456,0.9073320523385365,0.010226248762735101,0.08020068382430667,0.9012930834292242,-0.008005798755872134,127.6088875614851,59.24023847625095,571.217474248406,0.007937518171969696,0.008186162027310621,0,0.007909432754959575,0.010563336525109606,0.007322091503344421,78.52367763501047,49.95717967177023,29.448242667283985
1871.0950310020787,0.6098076806149356,0.07989988707351366,0.08234242483254293,0.9757952476529835,0.018304543441740026,0.3433532850732652,0.9106936450533201,0.009955803297591895,0.07978329557067067,0.8913540540358575,-0.007679256166339963,125.98827852168016,60.89724911931823,573.4139304045054,0.007895372036470455,0.007416135893933986,0,0.01121704937028588,0.00807606823852753,0.00350649659213364,78.35226530974009,50.40909012667086,28.113378250890083
1871.7339731793304,0.6088845568930344,0.07990074109780222,0.08132033369800942,0.9326579888832864,0.018179309691699643,0.3499727744639149,0.9098156713519971,0.010004399316180853,0.08003327647861191,0.9050919004514886,-0.007562829576091756,123.1468234690346,59.93465614579092,587.2600816586852,0.006663591151641533,0.007290897090076421,0,0.007646043263943959,0.003662962773042269,0.005347359908699551,78.53190262733534,50.282683130156265,34.86193114443694
1872.3729153565816,0.6103199371578075,0.0791468199490911,0.08092287607385894,0.9203611216687463,0.01839804031134449,0.37047919573458804,0.9128415893430332,0.009992176474712938,0.08010378777081398,0.8866979809834157,-0.005750547162122899,124.51712725496361,59.31490332357771,575.9256265944479,0.007262558646792479,0.008970116269123406,0,0.014651591948540706,0.0024952328169734325,0.008556350058656903,78.8146293771499,49.595381320357866,35.39181857947766
1872.8303001938493,0.6108428521151344,0.08018391629329052,0.08139341653834029,0.8880318841508574,0.01827171532930273,0.37426239525313193,0.9112620728438332,0.010095459072586624,0.08032259038399163,0.9112441648352906,-0.004332050567645431,121.71497444635168,60.470849017110154,579.1150379987753,0.007269571477416017,0.012005793014477916,0,-0.0007411979316784079,0.0026993831839354884,0.002973987391087817,79.88476986608173,49.05958871507829,36.40372022888649
1873.591444426859,0.6120722137838498,0.08344788268495658,0.07955694004260609,0.8839227370352206,0.018601987575963503,0.37076573602140345,0.9185467357354912,0.010056715213302224,0.07973849384054708,0.8870598371491016,-0.004465783214057129,123.32950147256226,59.282058676823624,572.9049925733315,0.006322486569461444,0.012250245718866067,0,0.011726383738094781,0.002660808890323033,0.006179632685887211,77.64574353324356,49.46519650277519,35.04042407461308
1874.237369578725,0.6104399706817178,0.08331491513464001,0.08113132719435996,0.8480480880069442,0.018373131582078598,0.36904066516557954,0.9102513027280426,0.009951156984962375,0.08003938660386366,0.8897583043514546,-0.005655247022340216,117.76769546312772,59.12434614521221,564.7115141846801,0.006777998971913508,0.010156324846183012,0,0.0022628968707787142,0.008273445023341378,0.004095542266342509,78.9330314635607,49.25683630355367,35.33371221368112
1874.8763117559765,0.6102970939041633,0.08645288232746572,0.0809089751053981,0.8400370250641318,0.018179783653222054,0.3713756078423566,0.9099712895137825,0.009431096611895229,0.08021856106882994,0.8835228705150681,-0.004516304782457834,118.61144305237302,59.51997782510814,575.4296733450204,0.0072024533781307075,0.011351743203243529,0,0.001075039198678144,0.003010403369157957,0.00438408377591291,77.89421516811474,49.809889295157525,36.010890888996606
1875.515253933228,0.6085156190034336,0.08674552895537863,0.08095235204994798,0.8341174947008796,0.018657898201309808,0.37722553668541886,0.911590940047251,0.010392010894791257,0.08004323689406995,0.9039052902197308,-0.0035306181248151406,112.4780270104083,61.05973756261287,570.0120560862568,0.006376084231263226,0.017167434599302922,0,0.007880169130947901,0.0077635206498103786,0.008281799216344157,77.65672483737244,50.601594520871245,35.99538984520761
1876.150704623172,0.6055680304495127,0.0871515858142167,0.08222845309893136,0.7945651012680469,0.018762823516541443,0.3743424383984008,0.9180819158533245,0.009700914959755091,0.08014545290188492,0.8845824662515934,-0.004281761646731298,116.98966600883138,60.33795530880487,564.1355757537309,0.007208844155649485,0.017851161927562264,0,-0.0007184915952935089,0.008857281025006117,0.0023524376045843272,72.21470675125192,50.293681484578116,35.86101541796589
1876.7756808511936,0.608050382911062,0.08720123826741569,0.08125629531278326,0.8331881593174003,0.01893318676977302,0.37307318003383955,0.9439625465439008,0.010071295372987269,0.07923375010383772,0.9065398495629344,-0.005582615880706171,118.26979998900335,59.05654740538477,575.3924986773148,0.007877789925769785,0.012214858926355928,0,0.002586763476980941,0.005448054235668172,0.003683294435221847,71.25507592412464,50.03376254766688,36.07818527438012
1877.3447932822976,0.6055146154608099,0.0869591464456817,0.08260445673046796,0.8196055274880251,0.018550633379527268,0.3403694871440588,0.9177210479054503,0.010132999506726713,0.08029758045549674,0.9035682231625874,-0.0055464331599723435,119.31997481923128,61.27086695090936,578.1729596260747,0.008072656442519205,0.017908173372963708,0,0.0014562894375961003,0.005673647835386455,0.003919675144946332,71.10867125138857,49.34942324014725,35.74908645711711
1878.0465822310819,0.6042025144321889,0.08677759278329968,0.08219323810220072,0.8215520898796206,0.018643302132615235,0.32581339089232786,0.9112218774296061,0.009966016765365819,0.07983760530934995,0.9193104348148462,-0.00514670412708632,120.22559692198416,59.184321732662355,586.4365819917707,0.00577000807425067,0.012599167835475317,0,0.007058171995720422,0.004817461317689588,0.0010030874071659292,71.9996627141894,49.30996593957624,35.39212886617598
1878.6785414337185,0.6035896840700262,0.08641424913773049,0.08343621372079388,0.8364856025747577,0.018923553910822864,0.32847659042519606,0.9055507327058874,0.009865129666109673,0.08006308044961076,0.9295842831675869,-0.0048680703225006915,112.48968014861983,60.89200511090353,555.9387928639868,0.00810248810451663,0.008707773971234657,0,0.007222919373561895,0.003847344881680422,0.005331618244507438,64.28301823157659,50.32240293021308,36.13875617298721
1879.3070091490479,0.6044525418953031,0.08654979785740358,0.08342403331267575,0.7776884205311357,0.019059041614397063,0.322847092944807,0.905594706215335,0.009980675836466273,0.07975429770132927,0.8950919537175622,-0.004873317469708304,115.51271525445074,58.708857655379354,561.7997300763329,0.005827868280474468,0.009690429336198398,0,-9.633502447004526e-05,0.003917180690579066,0.004246852330591778,64.5454816128772,50.52003225867923,36.52095882551652
1879.9424598389917,0.6014186824898442,0.08651444218532192,0.08404098055809013,0.8018967419534233,0.018856238687647322,0.3156588518188937,0.9182546653358199,0.009934447993320139,0.0799966297251753,0.9255932336343344,-0.0058729849279823545,115.7058332384955,59.70731234520913,576.1352888104569,0.006174904302198618,0.008407232068857911,0,0.0012758525533269546,-2.9593378482475896e-05,0.0006496675403493877,64.58103573749194,49.91613994030926,34.716817854830026
1880.406827650874,0.6039036863344026,0.08656585035727912,0.08549892000159173,0.7798353760237218,0.019086821554406965,0.31478703776183253,0.9050988689477913,0.009562421997757793,0.08019721848606037,0.9301076992909361,-0.004870661519491202,115.9882377423346,61.030560949941325,569.949200713539,0.005769086614827714,0.008363795680373216,0,0.002415584288164124,-0.002546114330456882,0.0031934300994416465,64.7418111384487,50.650044548790994,36.73589948227229
1881.160988909269,0.6043629472010384,0.08722756142924341,0.08527006827422287,0.786739411623137,0.018736396328745145,0.3250202946339907,0.9094383115647268,0.010096780295385544,0.07981570361172792,0.9020874631331572,-0.004935585001344324,114.07373151585777,60.19157004983453,580.8564357357222,0.007710200357188684,0.0070507973674411905,0,0.003681741384412891,0.0059588036373447225,0.00378258174198478,63.904166993553986,49.51101672236001,35.46516544709073
1881.7894566245982,0.6022304387961919,0.08702815351395277,0.08583200367535376,0.8428224203526644,0.01893197227443916,0.3256158841012347,0.912044933682492,0.010065883554131195,0.07717426637245757,0.904321656571478,-0.005092791812317411,115.16484868892547,59.340560019208404,592.5519210065349,0.007031255448752754,0.007775645210491077,0,-0.002682297897624265,0.0012439611825221315,0.004432677791306397,63.70721603388509,49.87953170204083,29.028798991096757
1882.4528392130014,0.6027878548207467,0.08721441016290349,0.08539816014173986,0.8623451594426146,0.01863098899450982,0.32081079986447897,0.9159015965085101,0.010102809559812074,0.07679530696483003,0.9112868757929575,-0.004880278064846432,112.09198974137178,58.940630777394105,580.8512111954531,0.007988647601622057,0.0062744693949274835,0,-0.00017346382281521614,0.001673028823793714,0.005443898386932636,63.8195245635658,46.479284068472964,28.397954888881245
1883.0813069283306,0.6022672669780595,0.086952055624595,0.08625175131220533,0.8258725469633076,0.018552054161786347,0.32311335507191985,0.9095425655306663,0.009999819482956987,0.07698037391223447,0.9166121401359254,-0.005036896462150202,115.38957802568339,58.28966166425357,579.8692238448014,0.006931201202976673,0.006201165458259758,0,0.0004733489519327264,0.000741130809327598,0.00307157412883088,65.01990129025819,43.034714628557666,28.833587008138746
1883.7132661309674,0.6031263775735548,0.08466539627736516,0.08616379461253171,0.8305729998043634,0.018302110313677282,0.36028110648757317,0.8980542454322422,0.008308817432181788,0.07655526616277997,0.9078839177374121,-0.003220568517900323,110.23890195565897,60.481276702954624,563.6528814220873,0.006276134954508488,0.004856950701358797,0,0.0029341289409255834,0.0032101596150588803,-4.509801749923159e-06,65.01823447752669,45.8704572718524,31.989422725046936
1884.355699795526,0.6016021866358058,0.08721217208218128,0.08535144621300703,0.8181255268073906,0.018296585450721534,0.40676482404592923,0.9099959996256834,0.006964325308582181,0.07723815177180335,0.9332023898541514,-0.0011604879543997933,109.86816385646273,58.893480506973034,568.0575744064753,0.006898550514453209,0.004569757286984901,0,0.003278443943213746,0.001449170102228828,0.0001450324643118995,63.54883710756596,49.14457720636589,35.2844342735934
1884.9178292520148,0.6009548123377212,0.0866813631404326,0.08554294028163412,0.8328315036878164,0.01896137003049451,0.41635483630060305,0.9130143579861695,0.008264110655657858,0.07528756215107042,0.9480028014152103,-0.0010117718547700306,103.59020593067054,59.73145569106464,581.8946039734853,0.00887387281738245,0.003647909380278815,0,0.012992624751804724,0.003949151226496253,-0.0004140172563758225,64.35070305706722,46.83315484074482,31.6668841956372
