Rh,Morph,w1detected,w2detected,Pwdetected,Twdetected,TPdetected,Rpk,RR,RRdb,RRda,RRIrr,w0a,w0d,w0p,w1a,w1d,w1p,w2a,w2d,w2p,Axis,QRSd,QRSa,pw_prof,PR,Pwd,Pwa,Pwdist,Twd,Twa,QT,STdev,TPa,TPf,TPfa,atrial_entr,TPdur,profile,baseline
0.0,20,0,0,1,1,0,496.6666666666667,496.6666666666667,0.0,403.3333333333333,0.0,320.0,16,9,,,,,,,90,53.333333333333336,320.0,139.0,143.33333333333334,100.0,14.0,3.5820180637491514,193.33333333333334,198.0,464.18,-13.0,,,,,,2209.0,
0.0,20,0,0,1,1,1,1396.6666666666667,900.0,403.3333333333333,10.0,0.03962488442742042,284.0,17,10,,,,,,,90,56.666666666666664,284.0,110.0,150.0,103.33333333333333,15.0,2.3861221600623015,206.66666666666666,207.0,398.7333333333333,-9.0,16.0,5.3466796875,0.00040144952168900294,2.7616973833869336,356.6666666666667,3332.0,868.7639857838619
0.0,20,0,0,0,1,1,2306.6666666666665,910.0,10.0,3.3333333333333712,1.103458490705769,280.0,15,9,,,,,,,90,50.0,280.0,153.0,,,,,176.66666666666666,193.0,380.5266666666667,-3.0,45.0,6.18896484375,0.0006046056981476484,2.779176670229118,,3306.0,1681.735985533454
0.0,20,0,0,1,1,1,3220.0,913.3333333333334,3.3333333333333712,0.0,0.7288843308182551,283.0,15,9,,,,,,,90,50.0,283.0,153.0,146.66666666666666,103.33333333333333,19.0,3.4888633271893976,193.33333333333334,211.0,396.67999999999995,-18.0,23.0,4.8095703125,0.000400188832020489,2.5954934259026348,396.6666666666667,3458.0,1496.5703595926002
0.0,20,0,0,1,1,1,4133.333333333333,913.3333333333334,0.0,-43.33333333333337,0.5452554744525547,293.0,14,9,,,,,,,90,46.666666666666664,293.0,179.0,143.33333333333334,100.0,19.0,2.5171776377916117,190.0,190.0,376.68,-10.0,27.0,4.89501953125,0.0003417746432618206,2.775834129517479,383.3333333333333,3598.0,1264.282534500668
0.0,20,0,0,1,1,1,5003.333333333333,870.0,-43.33333333333337,23.33333333333337,0.44275589975889534,322.0,14,9,,,,,,,90,46.666666666666664,322.0,168.0,150.0,96.66666666666667,14.0,3.575146938737177,183.33333333333334,191.0,376.68666666666667,-28.0,27.0,5.2001953125,0.00042468316009740937,2.732225112102838,353.3333333333333,3660.0,1256.885034571663
0.0,20,0,0,1,1,1,5896.666666666667,893.3333333333334,23.33333333333337,10.0,0.686440770686769,295.0,15,9,,,,,,,90,50.0,295.0,134.0,150.0,100.0,16.0,3.0735432794678914,180.0,187.0,373.0933333333333,-4.0,37.0,4.8583984375,0.00044018722488312886,2.566382990291931,383.3333333333333,3650.0,1653.647752394989
0.0,20,0,0,1,1,1,6800.0,903.3333333333334,10.0,16.66666666666663,0.5318638684303088,296.0,15,9,,,,,,,90,50.0,296.0,160.0,150.0,96.66666666666667,20.0,2.4781283634008116,186.66666666666666,191.0,374.88666666666666,0.0,33.0,4.77294921875,0.00047222737011964124,2.521392727976979,393.3333333333333,3650.0,1786.5322950068714
0.0,20,0,0,1,1,1,7720.0,920.0,16.66666666666663,-23.33333333333337,0.46951572956737103,311.0,15,9,,,,,,,90,50.0,311.0,137.0,156.66666666666666,110.0,17.0,1.7044034819926974,246.66666666666666,211.0,372.32,-23.0,36.0,4.7607421875,0.00045358550328324126,2.5306262333377765,400.0,3686.0,1800.6430868167204
0.0,20,0,0,1,1,1,8616.666666666666,896.6666666666666,-23.33333333333337,10.0,0.23226067052645746,306.0,16,10,,,,,,,90,53.333333333333336,306.0,163.0,173.33333333333334,133.33333333333334,23.0,4.832961922873132,243.33333333333334,220.0,375.9133333333333,-15.0,37.0,5.33447265625,0.0003590900666608733,2.700228508208171,356.6666666666667,3742.0,1310.2437236576873
0.0,20,0,0,1,1,1,9523.333333333334,906.6666666666666,10.0,13.333333333333371,0.19910588185322448,326.0,16,10,,,,,,,90,53.333333333333336,326.0,134.0,150.0,103.33333333333333,17.0,2.6049642936553123,166.66666666666666,195.0,381.04,-1.0,36.0,4.99267578125,0.00041610918501215627,2.5646821393723678,393.3333333333333,3929.0,1200.9982322969743
0.0,20,0,0,1,1,1,10443.333333333334,920.0,13.333333333333371,-23.33333333333337,0.19689587096232203,332.0,16,10,,,,,,,90,53.333333333333336,332.0,200.0,146.66666666666666,100.0,16.0,2.937353258176106,250.0,223.0,378.9866666666667,1.0,32.0,4.72412109375,0.00044890758960196227,2.476837767633625,403.3333333333333,4054.0,1545.852832818879
0.0,20,0,0,1,1,1,11340.0,896.6666666666666,-23.33333333333337,23.33333333333337,0.1934210935153442,365.0,16,10,,,,,,,90,53.333333333333336,365.0,110.0,140.0,96.66666666666667,17.0,3.7789371531568356,190.0,202.0,382.58000000000004,-17.0,33.0,5.078125,0.0003945400804151255,2.6286172587548045,386.6666666666667,3955.0,1119.5087387812944
0.0,20,0,0,1,1,1,12260.0,920.0,23.33333333333337,23.33333333333337,0.1560526120234822,309.0,16,10,,,,,,,90,53.333333333333336,309.0,185.0,143.33333333333334,100.0,22.0,2.687812018234034,246.66666666666666,215.0,375.65333333333336,11.0,34.0,4.87060546875,0.00042196309647712975,2.5348931569553796,406.6666666666667,3869.0,1655.260226006685
0.0,20,0,0,1,1,1,13203.333333333334,943.3333333333334,23.33333333333337,-33.33333333333337,0.0031040155614646815,344.0,16,10,,,,,,,90,53.333333333333336,344.0,139.0,143.33333333333334,96.66666666666667,15.0,3.1140016258807464,170.0,184.0,372.06,-7.0,29.0,4.78515625,0.0004040210428450806,2.4557094895012543,433.3333333333333,3754.0,1522.8085867620753
0.0,20,0,0,1,1,1,14113.333333333334,910.0,-33.33333333333337,30.0,0.1515457668215801,322.0,16,11,,,,,,,90,53.333333333333336,322.0,141.0,136.66666666666666,90.0,20.0,3.2170337695427396,246.66666666666666,216.0,377.1933333333333,-30.0,47.0,4.87060546875,0.00029175947843575986,2.627532944155679,403.3333333333333,3746.0,1332.067142343822
0.0,20,0,0,0,1,1,15053.333333333334,940.0,30.0,-13.333333333333371,0.15923566878980888,314.0,16,9,,,,,,,90,53.333333333333336,314.0,146.0,,,,,156.66666666666666,176.0,365.9066666666667,7.0,46.0,5.615234375,0.0005865479446494331,2.6359806947727025,,3621.0,1625.3019986821876
0.0,20,0,0,1,1,1,15980.0,926.6666666666666,-13.333333333333371,6.6666666666667425,0.26527282309064376,323.0,16,10,,,,,,,90,53.333333333333336,323.0,167.0,146.66666666666666,96.66666666666667,12.0,3.00733884311353,183.33333333333334,191.0,374.62666666666667,5.0,46.0,4.5166015625,0.00041970891774920294,2.4551395980910584,416.6666666666667,3569.0,1181.424148606811
0.0,20,0,0,1,1,1,16913.333333333332,933.3333333333334,6.6666666666667425,0.0,0.2304396078673161,329.0,16,10,,,,,,,90,53.333333333333336,329.0,135.0,133.33333333333334,93.33333333333333,17.0,3.2046579798677133,170.0,191.0,376.93333333333334,1.0,31.0,4.58984375,0.00044970076650710283,2.5815433780060606,433.3333333333333,3622.0,1017.0680383446343
0.0,20,0,0,1,1,1,17846.666666666668,933.3333333333334,0.0,-6.6666666666667425,0.19209183673469388,322.0,16,10,,,,,,,90,53.333333333333336,322.0,109.0,136.66666666666666,96.66666666666667,16.0,3.358155241827122,166.66666666666666,177.0,373.59999999999997,-8.0,32.0,4.7119140625,0.0004234266037918416,2.6074474269479784,426.6666666666667,3640.0,1011.7430124223602
0.0,20,0,0,0,1,1,18773.333333333332,926.6666666666666,-6.6666666666667425,-13.333333333333258,0.22579756291715142,325.0,16,10,,,,,,,90,53.333333333333336,325.0,146.0,,,,,163.33333333333334,184.0,374.62666666666667,3.0,46.0,4.2236328125,0.0004286522924628375,2.6413592499724565,,3508.0,1346.1538461538462
0.0,20,0,0,1,1,1,19686.666666666668,913.3333333333334,-13.333333333333258,6.666666666666629,0.03932272390821614,302.0,16,10,,,,,,,90,53.333333333333336,302.0,142.0,140.0,93.33333333333333,20.0,2.9060999000880603,186.66666666666666,195.0,376.68,4.0,35.0,4.7119140625,0.0004507674856123461,2.44907245140046,406.6666666666667,3570.0,1408.641841276734
0.0,20,0,0,1,1,1,20606.666666666668,920.0,6.666666666666629,-40.0,0.07663114873741059,309.0,16,9,,,,,,,90,53.333333333333336,309.0,138.0,150.0,100.0,18.0,3.1485411403161567,226.66666666666666,219.0,375.65333333333336,-17.0,34.0,4.736328125,0.0004121282295796102,2.469769112616021,406.6666666666667,3656.0,1512.0165526022602
0.0,20,0,0,0,1,1,21486.666666666668,880.0,-40.0,6.666666666666629,0.005439512619669277,329.0,15,9,,,,,,,90,50.0,329.0,157.0,,,,,246.66666666666666,232.0,381.81333333333333,-24.0,45.0,4.26025390625,0.000468160565320899,2.6839171705438343,,3910.0,1563.1784628745113
0.0,20,0,0,1,1,1,22373.333333333332,886.6666666666666,6.666666666666629,6.6666666666667425,0.28729413292358297,323.0,16,10,,,,,,,90,53.333333333333336,323.0,185.0,143.33333333333334,96.66666666666667,21.0,2.930947849737782,166.66666666666666,193.0,380.7866666666667,1.0,36.0,5.0537109375,0.00040362614890626273,2.5568403379641884,373.3333333333333,3833.0,1857.5851393188855
0.0,20,0,0,1,1,1,23266.666666666668,893.3333333333334,6.6666666666667425,43.33333333333326,0.4438108125523552,313.0,16,10,,,,,,,90,53.333333333333336,313.0,109.0,136.66666666666666,96.66666666666667,19.0,2.993334659306825,170.0,192.0,379.76,3.0,27.0,4.74853515625,0.00045631350500183697,2.4464864525945815,390.0,3585.0,1261.5712296223478
0.0,20,0,0,1,1,1,24203.333333333332,936.6666666666666,43.33333333333326,-20.0,0.47927916413713767,319.0,16,10,,,,,,,90,53.333333333333336,319.0,118.0,136.66666666666666,96.66666666666667,17.0,3.6431524679421727,246.66666666666666,223.0,376.42,-7.0,37.0,4.69970703125,0.00042391129849632663,2.491515496319388,433.3333333333333,3486.0,911.5022908126357
0.0,20,0,0,1,1,1,25120.0,916.6666666666666,-20.0,13.333333333333371,0.45698213777108676,325.0,16,10,,,,,,,90,53.333333333333336,325.0,119.0,160.0,116.66666666666667,21.0,3.7146075949167994,166.66666666666666,201.0,376.1666666666667,-3.0,35.0,4.89501953125,0.0004791275864219883,2.5493673670828576,386.6666666666667,3657.0,1042.4403183023871
0.0,20,0,0,1,1,1,26050.0,930.0,13.333333333333371,13.333333333333371,0.42844678950539067,347.0,16,9,,,,,,,90,53.333333333333336,347.0,129.0,163.33333333333334,116.66666666666667,17.0,2.3920391444282636,226.66666666666666,221.0,374.11333333333334,-1.0,34.0,4.7607421875,0.0004687122488557854,2.440404117885314,403.3333333333333,3791.0,1121.7757877438257
0.0,20,0,0,0,1,1,26993.333333333332,943.3333333333334,13.333333333333371,-26.666666666666742,0.42384160199840293,372.0,16,9,,,,,,,90,53.333333333333336,372.0,143.0,,,,,170.0,201.0,372.06,0.0,45.0,5.7373046875,0.0004431261476958028,2.7140085359342327,,3926.0,1272.608614581391
0.0,20,0,0,1,1,1,27910.0,916.6666666666666,-26.666666666666742,-53.33333333333326,0.49245408812655317,322.0,16,10,,,,,,,90,53.333333333333336,322.0,147.0,130.0,86.66666666666667,16.0,2.9058262051171795,246.66666666666666,223.0,376.1666666666667,-8.0,40.0,4.8828125,0.00034544009482101527,2.640734126090962,416.6666666666667,4023.0,1520.4968944099378
0.0,20,0,0,1,1,1,28773.333333333332,863.3333333333334,-53.33333333333326,0.0,0.5078636959370905,341.0,16,10,,,,,,,90,53.333333333333336,341.0,139.0,140.0,100.0,22.0,3.445181023254646,263.3333333333333,236.0,381.0466666666666,-14.0,38.0,5.2734375,0.0004571221929397603,2.681376581836898,356.6666666666667,3880.0,1323.7591470934851
0.0,20,0,0,1,1,1,29636.666666666668,863.3333333333334,0.0,26.66666666666663,0.5799779371207942,326.0,16,9,,,,,,,90,53.333333333333336,326.0,138.0,140.0,93.33333333333333,20.0,3.412145531390097,186.66666666666666,196.0,384.38,7.0,43.0,4.87060546875,0.0005261736526572203,2.530935572603478,363.3333333333333,3855.0,1857.3760342207465
0.0,20,0,0,1,1,1,30526.666666666668,890.0,26.66666666666663,-13.333333333333371,0.6184816880911956,346.0,16,10,,,,,,,90,53.333333333333336,346.0,127.0,136.66666666666666,93.33333333333333,19.0,3.161135969135872,170.0,190.0,383.6066666666667,-3.0,31.0,4.7607421875,0.00045946976001687994,2.5596079761254558,383.3333333333333,3662.0,1168.6353355114352
0.0,20,0,0,1,1,1,31403.333333333332,876.6666666666666,-13.333333333333371,-6.666666666666629,0.5226285029222238,305.0,16,11,,,,,,,90,53.333333333333336,305.0,139.0,143.33333333333334,103.33333333333333,24.0,2.5243693702618266,176.66666666666666,193.0,388.99333333333334,-15.0,34.0,5.224609375,0.0004049726024668742,2.6499280866859647,360.0,3640.0,1803.2786885245903
0.0,20,0,0,0,1,1,32273.333333333332,870.0,-6.666666666666629,-36.66666666666663,0.5704289625798601,276.0,16,10,,,,,,,90,53.333333333333336,276.0,167.0,,,,,180.0,188.0,386.68666666666667,-14.0,56.0,4.08935546875,0.0006560434453114995,2.6885788015893013,,3762.0,2036.2318840579708
0.0,20,0,0,1,1,1,33106.666666666664,833.3333333333334,-36.66666666666663,-30.0,0.576840905853867,349.0,16,9,,,,,,,90,53.333333333333336,349.0,205.0,136.66666666666666,93.33333333333333,21.0,3.695140688279526,190.0,227.0,389.0,-20.0,58.0,5.67626953125,0.00013106445329632261,2.857397961161407,330.0,4495.0,1736.5633411478684
0.0,20,0,0,1,1,1,33910.0,803.3333333333334,-30.0,-6.6666666666667425,0.6870661161750745,408.0,14,9,,,,,,,90,46.666666666666664,408.0,382.0,163.33333333333334,106.66666666666667,26.0,1.9833822743508573,236.66666666666666,288.0,396.9533333333334,-52.0,36.0,5.517578125,0.000462316036381601,2.7948554129346537,273.3333333333333,5302.0,2232.7833572453374
0.0,20,0,0,0,1,1,34706.666666666664,796.6666666666666,-6.6666666666667425,-23.333333333333258,0.755904951622083,396.0,14,8,,,,,,,90,46.666666666666664,396.0,343.0,,,,,186.66666666666666,252.0,387.9800000000001,-35.0,84.0,5.1025390625,0.000885061482915916,2.688438970801249,,6115.0,3112.52055438102
0.0,20,0,0,0,1,1,35480.0,773.3333333333334,-23.333333333333258,-6.6666666666667425,0.7652420425592994,387.0,14,9,,,,,,,90,46.666666666666664,387.0,469.0,,,,,166.66666666666666,251.0,394.90666666666664,-33.0,81.0,5.3955078125,0.0013942677454770042,2.3369079410727913,,6253.0,5394.84464612088
0.0,20,0,0,1,1,1,36246.666666666664,766.6666666666666,-6.6666666666667425,10.0,0.9256522060453773,408.0,15,10,,,,,,,90,50.0,408.0,356.0,163.33333333333334,110.0,39.0,5.156017445293614,170.0,256.0,395.93333333333334,-1.0,37.0,6.6650390625,0.0003566756496702842,2.9299177019984115,236.66666666666666,5979.0,2920.46396023198
0.0,20,0,0,0,1,1,37023.333333333336,776.6666666666666,10.0,6.6666666666667425,1.0227145713540569,416.0,15,10,,,,,,,90,50.0,416.0,273.0,,,,,166.66666666666666,248.0,394.3933333333333,2.0,67.0,5.3466796875,0.0013632203731428014,2.4566730793412974,,5471.0,3285.902605459057
0.0,20,0,0,1,1,1,37806.666666666664,783.3333333333334,6.6666666666667425,-6.6666666666667425,0.9158452258349272,389.0,15,9,,,,,,,90,50.0,389.0,183.0,150.0,103.33333333333333,31.0,4.076878613504231,180.0,222.0,386.7,-13.0,43.0,5.48095703125,0.00048153214539438404,2.8457560179364103,273.3333333333333,4603.0,1993.8554141325478
0.0,20,0,0,1,1,1,38583.333333333336,776.6666666666666,-6.6666666666667425,-10.0,0.724135415146651,359.0,17,10,,,,,,,90,56.666666666666664,359.0,157.0,146.66666666666666,93.33333333333333,17.0,3.042586744192441,183.33333333333334,208.0,397.7266666666667,7.0,48.0,5.82275390625,0.00035614436134103454,2.860551898255155,270.0,4958.0,1361.8074899411947
4.0,20,0,0,0,0,1,39350.0,766.6666666666666,-10.0,-533.3333333333333,0.4553594426523078,360.0,15,9,,,,,,,90,50.0,360.0,171.0,,,,,,,,-7.0,51.0,5.72509765625,0.00057638064928079,2.374332869369457,,6533.0,2017.9063360881544
4.0,27,1,1,0,0,0,39583.333333333336,233.33333333333334,-533.3333333333333,263.33333333333337,0.23998488284202574,463.0,67,34,-39.0,19.0,18.0,315.0,9.0,4.0,82,316.6666666666667,463.0,1156.0,,,,,,,,8.0,,,,,,6307.0,
0.0,20,0,0,0,1,0,40080.0,496.6666666666667,263.33333333333337,216.66666666666669,1.3591186684229433,392.0,17,10,,,,,,,90,56.666666666666664,392.0,713.0,,,,,250.0,218.0,434.18,12.0,,,,,,6541.0,
0.0,20,0,0,1,1,1,40793.333333333336,713.3333333333334,216.66666666666669,-10.0,0.9338465925292273,364.0,17,12,,,,,,,90,56.666666666666664,364.0,185.0,170.0,130.0,26.0,4.8627616968791685,190.0,191.0,414.14666666666665,12.0,39.0,7.72705078125,0.00010534790206857035,3.154300577705511,176.66666666666666,4789.0,1757.2050590918516
0.0,20,0,0,1,1,1,41496.666666666664,703.3333333333334,-10.0,20.0,0.9044591941665887,329.0,16,9,,,,,,,90,53.333333333333336,329.0,163.0,150.0,103.33333333333333,19.0,3.737275198771492,193.33333333333334,178.0,412.35333333333335,1.0,23.0,8.30078125,8.918978723927929e-05,3.135684973647307,190.0,4023.0,1391.7773156294993
0.0,20,0,0,1,1,1,42220.0,723.3333333333334,20.0,13.333333333333258,1.0667595950847182,367.0,16,9,,,,,,,90,53.333333333333336,367.0,148.0,153.33333333333334,103.33333333333333,17.0,4.264324750387978,180.0,166.0,402.6066666666667,-2.0,29.0,8.251953125,5.3568343869416604e-05,3.1170905526910726,200.0,3891.0,1076.2942779291552
0.0,20,0,0,1,1,1,42956.666666666664,736.6666666666666,13.333333333333258,-6.666666666666629,1.085840638079444,327.0,15,10,,,,,,,90,50.0,327.0,162.0,153.33333333333334,103.33333333333333,15.0,4.224577648347726,246.66666666666666,189.0,400.55333333333334,-13.0,23.0,6.591796875,0.00017270831887009492,2.936092564498469,216.66666666666666,3998.0,1524.347212420607
0.0,20,0,0,1,1,0,43686.666666666664,730.0,-6.666666666666629,-6.666666666666629,1.0638641770973416,332.0,15,9,,,,,,,90,50.0,332.0,161.0,300.0,140.0,32.0,0.4151138491395727,210.0,181.0,404.91333333333336,-1.0,,,,,70.0,3950.0,
0.0,20,0,0,1,1,1,44410.0,723.3333333333334,-6.666666666666629,13.333333333333258,0.9248264523200586,323.0,16,9,,,,,,,90,53.333333333333336,323.0,193.0,160.0,120.0,27.0,3.4475114049313227,206.66666666666666,171.0,402.6066666666667,1.0,24.0,8.59375,4.851236665347172e-05,3.0993484948543584,196.66666666666666,4277.0,1637.19368211156
0.0,20,0,0,1,1,1,45146.666666666664,736.6666666666666,13.333333333333258,-20.0,0.6860538576956487,317.0,16,9,,,,,,,90,53.333333333333336,317.0,160.0,153.33333333333334,110.0,20.0,4.605595752635178,256.6666666666667,-237.0,387.22,35.0,28.0,6.77490234375,5.26596983176117e-05,2.98451008093671,220.0,4371.0,1118.4399197017494
0.0,20,0,0,1,1,1,45863.333333333336,716.6666666666666,-20.0,-13.333333333333258,0.4297744088580743,336.0,16,9,,,,,,,90,53.333333333333336,336.0,272.0,150.0,96.66666666666667,18.0,3.832275053356401,200.0,180.0,400.3,-4.0,47.0,6.6162109375,0.00023453629255416642,2.8924169889921307,216.66666666666666,4517.0,2266.4835164835163
0.0,20,0,0,1,1,0,46566.666666666664,703.3333333333334,-13.333333333333258,-13.333333333333371,0.1016989710457047,342.0,15,9,,,,,,,90,50.0,342.0,155.0,300.0,126.66666666666667,133.0,1.3592772162836102,206.66666666666666,177.0,405.68666666666667,-4.0,,,,,43.333333333333336,4119.0,
0.0,20,0,0,1,1,1,47256.666666666664,690.0,-13.333333333333371,3.3333333333333712,0.2062393324483216,300.0,16,9,,,,,,,90,53.333333333333336,300.0,182.0,160.0,116.66666666666667,23.0,5.10471551933211,220.0,186.0,404.4066666666667,5.0,27.0,8.642578125,4.379900034248119e-05,3.1166783719488627,166.66666666666666,3853.0,1620.0
0.0,20,0,0,0,1,1,47950.0,693.3333333333334,3.3333333333333712,-13.333333333333371,0.365389127344494,317.0,16,9,,,,,,,90,53.333333333333336,317.0,150.0,,,,,183.33333333333334,163.0,403.8933333333333,5.0,59.0,7.275390625,0.0002638305080272933,2.6487735288573333,,3754.0,1864.3533123028392
0.0,20,0,0,1,1,1,48630.0,680.0,-13.333333333333371,10.0,0.5163387016984554,319.0,16,9,,,,,,,90,53.333333333333336,319.0,123.0,150.0,103.33333333333333,12.0,4.406110072851,206.66666666666666,170.0,412.61333333333334,0.0,17.0,8.10546875,0.00011401183448694928,3.121697271327738,170.0,3814.0,995.7588050894338
0.0,20,0,0,1,1,1,49320.0,690.0,10.0,10.0,0.5765111101776788,344.0,16,9,,,,,,,90,53.333333333333336,344.0,166.0,166.66666666666666,130.0,23.0,3.967132124068513,203.33333333333334,179.0,411.0733333333333,10.0,17.0,6.23779296875,0.00011145957055168134,3.123441324847955,156.66666666666666,3866.0,1280.3067788223652
0.0,20,0,0,1,1,1,50020.0,700.0,10.0,33.33333333333337,0.5143436685018835,329.0,16,9,,,,,,,90,53.333333333333336,329.0,145.0,143.33333333333334,103.33333333333333,18.0,2.3698148223840327,210.0,185.0,412.86666666666673,6.0,18.0,8.49609375,9.203339666363227e-05,3.0858796582707537,190.0,3791.0,1327.7875539913614
0.0,20,0,0,1,1,1,50753.333333333336,733.3333333333334,33.33333333333337,10.0,0.35680304471931495,318.0,16,9,,,,,,,90,53.333333333333336,318.0,179.0,143.33333333333334,100.0,18.0,1.8587322103355728,206.66666666666666,183.0,404.4,8.0,16.0,6.50634765625,0.00016857300592246777,2.9385944025436324,220.0,3634.0,1200.6861063464837
0.0,20,0,0,1,1,1,51496.666666666664,743.3333333333334,10.0,13.333333333333258,0.34568494306747505,295.0,16,9,,,,,,,90,53.333333333333336,295.0,133.0,150.0,103.33333333333333,11.0,4.36402713776128,186.66666666666666,167.0,402.86,4.0,22.0,6.6162109375,0.000147663258267784,2.940661947766044,226.66666666666666,3623.0,1271.1864406779662
0.0,20,0,0,1,1,1,52253.333333333336,756.6666666666666,13.333333333333258,33.33333333333337,0.5792284638438484,325.0,15,9,,,,,,,90,50.0,325.0,131.0,140.0,86.66666666666667,12.0,2.7760436605435093,203.33333333333334,189.0,397.47333333333336,5.0,19.0,6.4697265625,0.00011115468429596584,3.00490337122713,250.0,3536.0,972.3076923076923
0.0,20,0,0,1,1,1,53043.333333333336,790.0,33.33333333333337,26.66666666666663,0.7111418511066399,323.0,16,9,,,,,,,90,53.333333333333336,323.0,125.0,146.66666666666666,100.0,16.0,2.600760009064068,193.33333333333334,188.0,395.67333333333335,16.0,36.0,6.4453125,0.00014526486466348438,2.952441699042399,280.0,3654.0,1603.2728881026094
0.0,20,0,0,0,1,1,53860.0,816.6666666666666,26.66666666666663,23.33333333333337,0.8601787822567043,309.0,16,9,,,,,,,90,53.333333333333336,309.0,168.0,,,,,190.0,175.0,391.56666666666666,5.0,48.0,4.58984375,0.0006689663018283955,2.7333172227623326,,3500.0,1826.6810499820208
0.0,20,0,0,1,1,1,54700.0,840.0,23.33333333333337,-20.0,0.9187170013636523,316.0,16,9,,,,,,,90,53.333333333333336,316.0,121.0,150.0,110.0,18.0,3.262067541746781,193.33333333333334,173.0,391.3066666666667,-1.0,25.0,5.57861328125,0.000386748175231233,2.855769509459134,323.3333333333333,3455.0,1125.5383009265302
0.0,20,0,0,1,1,1,55520.0,820.0,-20.0,16.66666666666663,0.9341182876199551,299.0,16,9,,,,,,,90,53.333333333333336,299.0,136.0,143.33333333333334,103.33333333333333,25.0,3.831581544160535,193.33333333333334,181.0,391.05333333333334,5.0,23.0,6.04248046875,0.0003697923048004673,2.9237515948789965,306.6666666666667,3702.0,1406.8634579031552
0.0,20,0,0,1,1,1,56356.666666666664,836.6666666666666,16.66666666666663,6.6666666666667425,0.8681140070819064,369.0,15,10,,,,,,,90,50.0,369.0,138.0,153.33333333333334,113.33333333333333,19.0,3.9900253619273336,190.0,181.0,388.4866666666666,-3.0,29.0,6.14013671875,0.0003365833982315283,2.831440422839756,313.3333333333333,3731.0,1288.704376405466
0.0,20,0,0,1,1,1,57200.0,843.3333333333334,6.6666666666667425,6.666666666666629,0.7238459437312209,322.0,16,9,,,,,,,90,53.333333333333336,322.0,138.0,140.0,100.0,18.0,3.755013748842714,186.66666666666666,175.0,387.46000000000004,2.0,27.0,5.52978515625,0.00037078421354530436,2.825974736577442,340.0,3799.0,1132.62696382901
0.0,20,0,0,1,1,1,58050.0,850.0,6.666666666666629,-36.66666666666663,0.6334402240187886,321.0,16,9,,,,,,,90,53.333333333333336,321.0,166.0,140.0,100.0,15.0,3.120237493647849,193.33333333333334,180.0,389.7666666666667,-2.0,29.0,5.56640625,0.00033255395404277954,2.8654857507857243,343.3333333333333,3611.0,1433.6267126395064
0.0,20,0,0,1,1,1,58863.333333333336,813.3333333333334,-36.66666666666663,13.333333333333258,0.5424848328529936,315.0,15,9,,,,,,,90,50.0,315.0,135.0,156.66666666666666,113.33333333333333,18.0,1.9192987513920237,190.0,183.0,388.7466666666666,4.0,26.0,6.01806640625,0.0003173204533216121,2.8712100414259307,286.6666666666667,3612.0,1284.6068660022147
0.0,20,0,0,0,1,1,59690.0,826.6666666666666,13.333333333333258,6.6666666666667425,0.347661188369153,314.0,16,9,,,,,,,90,53.333333333333336,314.0,135.0,,,,,246.66666666666666,204.0,383.36,11.0,45.0,4.57763671875,0.0007265280084974505,2.7568580032575607,,3552.0,1766.484901250974
0.0,20,0,0,1,1,1,60523.333333333336,833.3333333333334,6.6666666666667425,-16.666666666666742,0.17191927569286058,291.0,15,9,,,,,,,90,50.0,291.0,128.0,143.33333333333334,93.33333333333333,13.0,2.7729659306375734,173.33333333333334,179.0,389.0,-13.0,46.0,5.40771484375,0.00038758911420852386,2.7119980378907904,330.0,3537.0,1624.4923461418307
0.0,20,0,0,0,1,1,61340.0,816.6666666666666,-16.666666666666742,60.0,0.129480363574001,333.0,16,8,,,,,,,90,53.333333333333336,333.0,139.0,,,,,246.66666666666666,207.0,388.2333333333333,10.0,43.0,4.60205078125,0.0007703014698593981,2.7303692686526024,,3519.0,1397.721250662427
0.0,20,0,0,1,1,1,62216.666666666664,876.6666666666666,60.0,20.0,0.1790372164516279,344.0,14,9,,,,,,,90,46.666666666666664,344.0,126.0,153.33333333333334,106.66666666666667,19.0,4.214851846424132,243.33333333333334,204.0,375.66,6.0,21.0,5.37109375,0.0004665589282875304,2.7053859603513426,356.6666666666667,3545.0,953.5970441208432
0.0,20,0,0,1,1,1,63113.333333333336,896.6666666666666,20.0,26.666666666666742,0.37055335968379455,316.0,16,9,,,,,,,90,53.333333333333336,316.0,155.0,143.33333333333334,103.33333333333333,19.0,3.2695766254059304,250.0,198.0,382.58000000000004,10.0,28.0,4.94384765625,0.0004310597510686107,2.660739534586755,393.3333333333333,3626.0,1198.7770864621327
0.0,20,0,0,1,1,1,64036.666666666664,923.3333333333334,26.666666666666742,-33.33333333333337,0.5596777275332782,343.0,17,12,,,,,,,90,56.666666666666664,343.0,126.0,140.0,100.0,16.0,3.815878282411653,166.66666666666666,166.0,378.47333333333336,-1.0,27.0,4.8583984375,0.0003265929245839795,2.842093600650277,403.3333333333333,3615.0,1322.7959424619908
0.0,20,0,0,1,1,1,64926.666666666664,890.0,-33.33333333333337,6.666666666666629,0.6588047068538397,324.0,17,12,,,,,,,90,56.666666666666664,324.0,132.0,140.0,103.33333333333333,15.0,3.6134775767819374,190.0,177.0,386.94,8.0,30.0,5.0048828125,0.00035123137390159537,2.819930646492925,380.0,3631.0,1559.4541910331384
0.0,20,0,0,0,1,1,65823.33333333333,896.6666666666666,6.666666666666629,-13.333333333333258,0.7214007532311907,347.0,17,12,,,,,,,90,56.666666666666664,347.0,145.0,,,,,190.0,186.0,382.58000000000004,22.0,44.0,6.28662109375,0.0005949082420884528,2.731804692594104,,3466.0,1310.596743699407
0.0,20,0,0,1,1,1,66706.66666666667,883.3333333333334,-13.333333333333258,26.66666666666663,0.6757187480079045,309.0,16,9,,,,,,,90,53.333333333333336,309.0,146.0,150.0,103.33333333333333,17.0,4.040146856698154,180.0,188.0,367.9666666666666,6.0,27.0,5.16357421875,0.0003386033255274842,2.737708293048559,373.3333333333333,3400.0,1014.2163661581137
0.0,20,0,0,1,1,1,67616.66666666667,910.0,26.66666666666663,-23.33333333333337,0.6028705040622372,298.0,16,9,,,,,,,90,53.333333333333336,298.0,124.0,160.0,116.66666666666667,17.0,4.38374477714348,246.66666666666666,205.0,373.85999999999996,2.0,45.0,5.18798828125,0.00035356489950307907,2.6110341162386397,396.6666666666667,3334.0,1167.4468445096159
0.0,20,0,0,1,1,1,68503.33333333333,886.6666666666666,-23.33333333333337,3.3333333333333712,0.4272206573753154,307.0,16,9,,,,,,,90,53.333333333333336,307.0,134.0,146.66666666666666,106.66666666666667,13.0,3.6712116453564008,186.66666666666666,182.0,377.4533333333333,-10.0,37.0,5.13916015625,0.0002621834566951723,2.8507303443304193,376.6666666666667,3494.0,977.1986970684039
0.0,20,0,0,1,1,1,69393.33333333333,890.0,3.3333333333333712,0.0,0.2005756817425113,336.0,15,9,,,,,,,90,50.0,336.0,169.0,193.33333333333334,146.66666666666666,19.0,2.5959249972210383,186.66666666666666,190.0,376.94,6.0,27.0,5.2978515625,0.0004281191922820506,2.754278462512896,333.3333333333333,3584.0,1392.857142857143
0.0,20,0,0,1,1,1,70283.33333333333,890.0,0.0,10.0,0.16131621187800962,334.0,15,9,,,,,,,90,50.0,334.0,135.0,130.0,83.33333333333333,17.0,2.1619504834004335,240.0,217.0,373.6066666666667,17.0,28.0,4.9560546875,0.0004936730803649943,2.6475281791190097,396.6666666666667,3695.0,1003.8746037337088
0.0,20,0,0,1,1,1,71183.33333333333,900.0,10.0,-6.666666666666629,0.1965850370703213,343.0,15,9,,,,,,,90,50.0,343.0,158.0,156.66666666666666,116.66666666666667,18.0,3.2038955030570584,206.66666666666666,199.0,378.73333333333335,-9.0,43.0,4.9560546875,0.0003993188826974239,2.59908590791797,383.3333333333333,3780.0,973.5074153885158
0.0,20,0,0,1,1,1,72076.66666666667,893.3333333333334,-6.666666666666629,3.3333333333332575,0.0,329.0,15,9,,,,,,,90,50.0,329.0,163.0,150.0,110.0,18.0,2.3393765022937636,193.33333333333334,202.0,379.76,19.0,25.0,5.0048828125,0.000669057547466396,2.642489501974015,376.6666666666667,3815.0,1541.2755198106354
0.0,20,0,0,1,1,1,72973.33333333333,896.6666666666666,3.3333333333332575,16.666666666666742,0.0,337.0,15,9,,,,,,,90,50.0,337.0,133.0,146.66666666666666,100.0,16.0,0.7503256519281098,183.33333333333334,194.0,372.58000000000004,8.0,21.0,4.9072265625,0.0004807603597525753,2.6076357985852665,383.3333333333333,3619.0,952.1352083602117
0.0,20,0,0,0,1,1,73886.66666666667,913.3333333333334,16.666666666666742,-16.666666666666742,0.0,317.0,16,9,,,,,,,90,53.333333333333336,317.0,145.0,,,,,193.33333333333334,211.0,380.0133333333334,7.0,46.0,4.06494140625,0.0005240897164517811,2.687580382827023,,3678.0,1522.177036220592
0.0,20,0,0,1,1,1,74783.33333333333,896.6666666666666,-16.666666666666742,-13.333333333333258,0.0,335.0,17,11,,,,,,,90,56.666666666666664,335.0,112.0,140.0,103.33333333333333,14.0,2.5835048479900937,190.0,195.0,385.91333333333336,-7.0,23.0,4.8583984375,0.0004150737136171012,2.7852701475077373,380.0,3701.0,958.3660644147683
0.0,20,0,0,0,1,1,75666.66666666667,883.3333333333334,-13.333333333333258,-30.0,0.0,323.0,15,9,,,,,,,90,50.0,323.0,117.0,,,,,233.33333333333334,227.0,381.29999999999995,0.0,43.0,4.23583984375,0.0003553655067855374,2.811869242888236,,3761.0,1384.2005392989117
0.0,20,0,0,0,1,1,76520.0,853.3333333333334,-30.0,20.0,0.005664224756438335,323.0,15,8,,,,,,,90,50.0,323.0,151.0,,,,,186.66666666666666,213.0,392.58666666666664,-7.0,45.0,4.1015625,0.0007459316050342845,2.637158176343525,,3664.0,1541.6692992986668
0.0,20,0,0,1,1,1,77393.33333333333,873.3333333333334,20.0,-3.3333333333333712,0.29283148524129315,322.0,15,9,,,,,,,90,50.0,322.0,120.0,140.0,93.33333333333333,15.0,2.71267265894328,190.0,192.0,379.50666666666666,3.0,22.0,5.419921875,0.0003927555362291795,2.729252418608691,356.6666666666667,3656.0,809.7753526441052
0.0,20,0,0,1,1,1,78263.33333333333,870.0,-3.3333333333333712,33.33333333333337,0.28628139552637605,324.0,15,9,,,,,,,90,50.0,324.0,176.0,143.33333333333334,100.0,20.0,1.301766096933921,186.66666666666666,199.0,383.3533333333333,-7.0,27.0,5.0537109375,0.0003662390063905736,2.7165973706562374,363.3333333333333,3742.0,1359.1573224600747
0.0,20,0,0,1,1,1,79166.66666666667,903.3333333333334,33.33333333333337,30.0,0.28795668343907244,321.0,14,9,,,,,,,90,46.666666666666664,321.0,160.0,150.0,103.33333333333333,15.0,1.9489651592514914,183.33333333333334,201.0,368.21999999999997,-4.0,23.0,4.98046875,0.00034646076771176475,2.722501863855345,386.6666666666667,3658.0,1071.5436674186271
0.0,20,0,0,1,1,1,80100.0,933.3333333333334,30.0,10.0,0.3200299221392222,299.0,14,8,,,,,,,90,46.666666666666664,299.0,156.0,150.0,103.33333333333333,21.0,3.6346441227500037,243.33333333333334,220.0,363.59999999999997,0.0,30.0,4.69970703125,0.0004506945316780299,2.560444485163111,430.0,3665.0,1236.6804075600842
0.0,20,0,0,0,1,1,81043.33333333333,943.3333333333334,10.0,36.66666666666663,0.49963783270931744,333.0,15,9,,,,,,,90,50.0,333.0,179.0,,,,,166.66666666666666,192.0,368.72666666666663,-5.0,44.0,5.50537109375,0.000428776917292665,2.661667177116868,,3468.0,1601.029601029601
0.0,20,0,0,1,1,1,82023.33333333333,980.0,36.66666666666663,-43.33333333333337,0.6083105511112008,304.0,14,8,,,,,,,90,46.666666666666664,304.0,133.0,153.33333333333334,100.0,15.0,1.5680320731734358,190.0,204.0,363.08000000000004,-3.0,36.0,4.91943359375,0.0002714004017996017,2.685169068870313,466.6666666666667,3504.0,1141.9172932330825
0.0,20,0,0,0,1,1,82960.0,936.6666666666666,-43.33333333333337,3.3333333333333712,0.730237625110642,330.0,14,8,,,,,,,90,46.666666666666664,330.0,114.0,,,,,170.0,199.0,369.75333333333333,-21.0,38.0,5.67626953125,0.0005636915227128852,2.6656653250981757,,3779.0,1141.6490486257928
0.0,20,0,0,1,1,1,83900.0,940.0,3.3333333333333712,-6.666666666666629,0.7998922293278568,348.0,14,8,,,,,,,90,46.666666666666664,348.0,153.0,150.0,106.66666666666667,21.0,3.350161723738198,186.66666666666666,204.0,365.9066666666667,-12.0,33.0,4.8095703125,0.0003022291628023375,2.695748775503444,426.6666666666667,3861.0,1515.3556034482758
0.0,20,0,0,1,1,1,84833.33333333333,933.3333333333334,-6.666666666666629,-20.0,0.7584662464787305,299.0,15,9,,,,,,,90,50.0,299.0,151.0,300.0,140.0,12.0,0.9981830235669786,186.66666666666666,202.0,366.93333333333334,-10.0,25.0,5.37109375,0.00020351899080015145,2.754259762407851,270.0,3635.0,1647.4668648581692
0.0,20,0,0,1,1,1,85746.66666666667,913.3333333333334,-20.0,6.666666666666629,0.6852426550154148,317.0,15,8,,,,,,,90,50.0,317.0,122.0,146.66666666666666,96.66666666666667,9.0,2.331145423269785,166.66666666666666,189.0,370.0133333333334,-13.0,38.0,5.01708984375,0.00037393857592114415,2.6122636020760774,410.0,3444.0,1084.8657382472877
0.0,20,0,0,1,1,1,86666.66666666667,920.0,6.666666666666629,13.333333333333371,0.504358070771733,308.0,15,8,,,,,,,90,50.0,308.0,124.0,153.33333333333334,103.33333333333333,15.0,1.8952761662236686,176.66666666666666,209.0,362.32,-8.0,42.0,4.84619140625,0.0003669644375573252,2.6611634239578423,406.6666666666667,3546.0,1253.459655098999
0.0,20,0,0,0,1,1,87600.0,933.3333333333334,13.333333333333371,36.66666666666663,0.3104690151922838,322.0,14,8,,,,,,,90,46.666666666666664,322.0,142.0,,,,,263.3333333333333,244.0,363.59999999999997,3.0,54.0,3.515625,0.0005246583689372747,2.6669146023572896,,3639.0,1461.7691154422787
0.0,20,0,0,0,1,1,88570.0,970.0,36.66666666666663,-33.33333333333337,0.30894093416397317,360.0,15,9,,,,,,,90,50.0,360.0,139.0,,,,,190.0,212.0,361.2866666666667,-4.0,44.0,5.2734375,0.0007515060622721511,2.5936789962901416,,3731.0,1179.4171220400729
0.0,20,0,0,1,1,1,89506.66666666667,936.6666666666666,-33.33333333333337,13.333333333333371,0.43844566712517197,315.0,14,8,,,,,,,90,46.666666666666664,315.0,141.0,140.0,93.33333333333333,12.0,2.848795079081494,193.33333333333334,204.0,369.75333333333333,-9.0,46.0,4.8828125,0.00032297784259054606,2.601560251545669,440.0,3715.0,1284.2712842712842
0.0,20,0,0,1,1,1,90456.66666666667,950.0,13.333333333333371,-3.3333333333333712,0.2668279493382667,326.0,15,9,,,,,,,90,50.0,326.0,135.0,140.0,93.33333333333333,16.0,3.2428106762020885,246.66666666666666,228.0,367.7,8.0,37.0,4.7119140625,0.0005256614139869145,2.607588273635235,443.3333333333333,3508.0,1134.7386872088196
0.0,20,0,0,1,1,1,91403.33333333333,946.6666666666666,-3.3333333333333712,-40.0,0.26317636325356164,320.0,15,8,,,,,,,90,50.0,320.0,133.0,140.0,103.33333333333333,19.0,1.8073796850053654,223.33333333333334,230.0,364.88000000000005,-6.0,25.0,4.7119140625,0.0005097957266216886,2.499145801278979,446.6666666666667,3650.0,958.4888059701491
0.0,20,0,0,1,1,1,92310.0,906.6666666666666,-40.0,-56.66666666666663,0.2665733617946756,320.0,15,8,,,,,,,90,50.0,320.0,195.0,153.33333333333334,106.66666666666667,23.0,3.5349118077653596,186.66666666666666,179.0,377.7066666666667,-21.0,58.0,5.38330078125,0.00015381363793265235,2.7746632051116915,393.3333333333333,3727.0,2033.898305084746
0.0,20,0,0,0,1,1,93160.0,850.0,-56.66666666666663,-6.666666666666629,0.3975557682397114,305.0,14,8,,,,,,,90,46.666666666666664,305.0,162.0,,,,,183.33333333333334,191.0,379.7666666666667,-8.0,50.0,4.16259765625,0.0005250457044810797,2.6911598649638417,,3631.0,1851.8937252685132
0.0,20,0,0,1,1,1,94003.33333333333,843.3333333333334,-6.666666666666629,-60.0,0.5916894526872563,309.0,15,9,,,,,,,90,50.0,309.0,171.0,153.33333333333334,100.0,17.0,3.7893201294296084,203.33333333333334,217.0,380.79333333333335,-19.0,39.0,5.4443359375,0.00025058740543312314,2.7291288372871403,326.6666666666667,3980.0,1436.4969288686348
0.0,20,0,0,1,1,1,94786.66666666667,783.3333333333334,-60.0,10.0,0.7667601556138606,358.0,15,9,,,,,,,90,50.0,358.0,231.0,150.0,106.66666666666667,23.0,3.893398582850125,173.33333333333334,201.0,383.3666666666666,-12.0,26.0,5.3955078125,0.000506921987126087,2.811518081858006,273.3333333333333,4106.0,1226.3251124131352
0.0,20,0,0,1,1,1,95580.0,793.3333333333334,10.0,6.666666666666629,1.0036951052011036,332.0,15,9,,,,,,,90,50.0,332.0,200.0,150.0,96.66666666666667,18.0,4.214296266768319,170.0,202.0,391.82666666666665,-10.0,42.0,5.72509765625,0.00045565784571208976,2.771050517796799,290.0,4217.0,1672.2060656418778
0.0,20,0,0,1,1,1,96380.0,800.0,6.666666666666629,-20.0,1.0352401757207672,345.0,15,9,,,,,,,90,50.0,345.0,154.0,153.33333333333334,103.33333333333333,18.0,3.2879334294079943,176.66666666666666,202.0,380.79999999999995,2.0,27.0,6.06689453125,0.00024421516404872636,2.8409495302306937,283.3333333333333,4120.0,1483.3759590792838
0.0,20,0,0,0,1,1,97160.0,780.0,-20.0,36.66666666666663,1.025512756378189,346.0,15,9,,,,,,,90,50.0,346.0,152.0,,,,,233.33333333333334,239.0,377.2133333333333,6.0,49.0,4.9560546875,0.0011905568789286108,2.5452459617411796,,4176.0,1734.1040462427743
0.0,20,0,0,1,1,1,97976.66666666667,816.6666666666666,36.66666666666663,10.0,0.9578906278590336,364.0,14,9,,,,,,,90,46.666666666666664,364.0,198.0,153.33333333333334,103.33333333333333,32.0,4.522335148957637,233.33333333333334,238.0,374.90000000000003,-2.0,51.0,5.5908203125,0.0003483825031101756,2.7858071053561897,316.6666666666667,4201.0,1735.106998264893
0.0,20,0,0,0,1,1,98803.33333333333,826.6666666666666,10.0,-10.0,0.7834815963437526,343.0,14,8,,,,,,,90,46.666666666666664,343.0,147.0,,,,,193.33333333333334,226.0,370.02666666666664,-10.0,68.0,4.78515625,0.00035576923047571845,2.681297277544766,,4409.0,1767.4927113702622
0.0,20,0,0,1,1,1,99620.0,816.6666666666666,-10.0,13.333333333333371,0.6023922838474746,379.0,15,9,,,,,,,90,50.0,379.0,167.0,146.66666666666666,100.0,20.0,3.538602400404443,243.33333333333334,240.0,384.90000000000003,-18.0,57.0,5.908203125,0.0004984587256021501,2.743903589610153,320.0,4878.0,1673.8126649076517
0.0,20,0,0,1,1,1,100450.0,830.0,13.333333333333371,-16.66666666666663,0.48001818648138217,350.0,15,8,,,,,,,90,50.0,350.0,196.0,150.0,106.66666666666667,29.0,2.918413613105674,206.66666666666666,289.0,422.84666666666664,10.0,35.0,5.3466796875,0.0004407549788726946,2.776795583826795,323.3333333333333,5317.0,1617.0839469808543
0.0,20,0,0,0,1,1,101263.33333333333,813.3333333333334,-16.66666666666663,-10.0,0.4278826838087585,349.0,17,10,,,,,,,90,56.666666666666664,349.0,197.0,,,,,186.66666666666666,206.0,412.0799999999999,12.0,57.0,5.2734375,0.0008106045182533312,2.653556023837563,,5120.0,2797.2192211940437
0.0,20,0,0,0,1,1,102066.66666666667,803.3333333333334,-10.0,16.66666666666663,0.3056957799927383,366.0,16,10,,,,,,,90,53.333333333333336,366.0,190.0,,,,,190.0,197.0,393.62,16.0,51.0,5.078125,0.0007593534893946027,2.664144217326207,,3926.0,1940.983606557377
0.0,20,0,0,1,1,1,102886.66666666667,820.0,16.66666666666663,0.0,0.2230846714463471,339.0,17,10,,,,,,,90,56.666666666666664,339.0,171.0,146.66666666666666,103.33333333333333,19.0,3.8201926714966454,246.66666666666666,213.0,391.05333333333334,15.0,31.0,5.95703125,0.0002502997313213555,2.7738978304141724,306.6666666666667,3810.0,1654.482493266641
0.0,20,0,0,1,1,1,103706.66666666667,820.0,0.0,3.3333333333333712,0.25609756097560976,329.0,16,10,,,,,,,90,53.333333333333336,329.0,140.0,140.0,96.66666666666667,16.0,3.3120082055227353,213.33333333333334,207.0,374.3866666666667,6.0,38.0,5.7861328125,0.00021051426323312792,2.806858729988485,313.3333333333333,3742.0,911.8541033434651
0.0,20,0,0,1,1,1,104530.0,823.3333333333334,3.3333333333333712,16.66666666666663,0.0,351.0,17,11,,,,,,,90,56.666666666666664,351.0,139.0,153.33333333333334,110.0,15.0,2.8510881630575646,183.33333333333334,187.0,390.54,17.0,51.0,5.84716796875,0.0002219453678900626,2.8515180109990954,316.6666666666667,3765.0,1619.4331983805669
0.0,20,0,0,1,1,1,105370.0,840.0,16.66666666666663,13.333333333333371,0.0008672024050413367,314.0,16,10,,,,,,,90,53.333333333333336,314.0,163.0,146.66666666666666,103.33333333333333,19.0,3.6984977806533976,210.0,211.0,411.3066666666667,15.0,39.0,5.908203125,0.00013524344087795912,2.737778844643616,330.0,3851.0,1910.828025477707
0.0,20,0,0,0,1,1,106223.33333333333,853.3333333333334,13.333333333333371,-56.66666666666674,0.04675386498617219,356.0,17,11,,,,,,,90,56.666666666666664,356.0,183.0,,,,,246.66666666666666,229.0,385.91999999999996,7.0,59.0,7.67822265625,0.00023635057900640768,2.8642973493671957,,4323.0,1801.416707376649
0.0,20,0,0,1,1,1,107020.0,796.6666666666666,-56.66666666666674,30.0,0.25312636202098765,404.0,16,9,,,,,,,90,53.333333333333336,404.0,277.0,136.66666666666666,116.66666666666667,50.0,3.976055397311395,230.0,269.0,394.6466666666667,-42.0,30.0,5.57861328125,0.0004510769277900289,2.726017563165281,300.0,4679.0,2277.227722772277
0.0,20,0,0,1,1,1,107846.66666666667,826.6666666666666,30.0,-26.66666666666663,0.35836727867834145,332.0,14,9,,,,,,,90,46.666666666666664,332.0,270.0,163.33333333333334,110.0,24.0,5.210360349984427,176.66666666666666,234.0,393.36000000000007,-14.0,43.0,6.15234375,0.00015538397818951418,3.0625530833150147,296.6666666666667,4765.0,2771.7612021118175
0.0,20,0,0,0,1,1,108646.66666666667,800.0,-26.66666666666663,-20.0,0.345845245780688,333.0,14,8,,,,,,,90,46.666666666666664,333.0,268.0,,,,,170.0,241.0,374.1333333333333,-7.0,68.0,5.04150390625,0.0009454317654568487,2.6955969233736994,,4455.0,2480.942480942481
0.0,20,0,0,0,1,1,109426.66666666667,780.0,-20.0,10.0,0.36089473308082604,354.0,14,8,,,,,,,90,46.666666666666664,354.0,195.0,,,,,183.33333333333334,214.0,387.2133333333333,-2.0,70.0,5.18798828125,0.001540336676069008,2.5196455858872557,,4342.0,1955.6714471968708
0.0,20,0,0,1,1,1,110216.66666666667,790.0,10.0,10.0,0.5511407331453473,360.0,13,8,,,,,,,90,43.333333333333336,360.0,180.0,170.0,116.66666666666667,24.0,3.224873467006036,246.66666666666666,235.0,389.00666666666666,-13.0,30.0,5.65185546875,0.00019549829786049354,2.8455308145777565,263.3333333333333,4244.0,1286.9198312236288
0.0,20,0,0,1,1,1,111016.66666666667,800.0,10.0,0.0,0.6318472719383881,334.0,14,9,,,,,,,90,46.666666666666664,334.0,190.0,153.33333333333334,103.33333333333333,19.0,4.742900439983853,226.66666666666666,227.0,390.79999999999995,19.0,27.0,5.96923828125,0.00014860987947114526,2.685555694597515,283.3333333333333,4232.0,834.8009862627686
0.0,20,0,0,1,1,1,111816.66666666667,800.0,0.0,-30.0,0.5767857142857143,358.0,14,8,,,,,,,90,46.666666666666664,358.0,200.0,166.66666666666666,113.33333333333333,19.0,4.7389650342493645,173.33333333333334,194.0,387.4666666666667,-4.0,35.0,5.56640625,0.00019441827935629967,2.857199077656688,273.3333333333333,4261.0,1461.3707589589862
0.0,20,0,0,1,1,1,112586.66666666667,770.0,-30.0,13.333333333333371,0.40030022516887664,356.0,14,8,,,,,,,90,46.666666666666664,356.0,188.0,156.66666666666666,100.0,15.0,3.9859564378933747,186.66666666666666,194.0,392.0866666666667,-8.0,23.0,5.8349609375,0.00047464856631100567,2.8603909713046147,253.33333333333334,4020.0,1330.5736250739208
0.0,20,0,0,0,1,1,113370.0,783.3333333333334,13.333333333333371,-6.6666666666667425,0.32456292193179853,315.0,14,9,,,,,,,90,46.666666666666664,315.0,163.0,,,,,246.66666666666666,216.0,390.03333333333336,8.0,50.0,5.17578125,0.0011949064288925967,2.544025713211889,,3953.0,1919.8790627362055
0.0,20,0,0,1,1,1,114146.66666666667,776.6666666666666,-6.6666666666667425,3.3333333333333712,0.31555523128556834,313.0,14,8,,,,,,,90,46.666666666666664,313.0,193.0,163.33333333333334,116.66666666666667,26.0,3.2982536053077904,203.33333333333334,192.0,387.7266666666667,0.0,25.0,5.6396484375,0.00021776291507179262,2.8983872695202737,256.6666666666667,3938.0,1780.0091282519397
0.0,20,0,0,1,1,1,114926.66666666667,780.0,3.3333333333333712,-10.0,0.13702073396520226,351.0,14,9,,,,,,,90,46.666666666666664,351.0,154.0,143.33333333333334,90.0,19.0,3.2322698485446644,246.66666666666666,200.0,390.5466666666667,0.0,32.0,5.419921875,0.00035105961274275955,2.88089110715276,276.6666666666667,3913.0,1307.7952836988982
0.0,20,0,0,1,1,1,115696.66666666667,770.0,-10.0,13.333333333333371,0.09343054995786465,304.0,14,9,,,,,,,90,46.666666666666664,304.0,183.0,146.66666666666666,100.0,23.0,3.7994123944399725,246.66666666666666,208.0,392.0866666666667,20.0,17.0,5.4443359375,0.0004543329953476033,2.919880939069319,263.3333333333333,3977.0,1736.3424383744173
0.0,20,0,0,1,1,1,116480.0,783.3333333333334,13.333333333333371,30.0,0.18546452681817058,357.0,14,9,,,,,,,90,46.666666666666664,357.0,159.0,150.0,103.33333333333333,18.0,3.9832137999493256,190.0,180.0,393.3666666666666,1.0,23.0,5.5908203125,0.0002753126738550563,2.911759861123632,273.3333333333333,3938.0,891.5761426521829
0.0,20,0,0,1,1,1,117293.33333333333,813.3333333333334,30.0,0.0,0.18587586407979298,338.0,14,9,,,,,,,90,46.666666666666664,338.0,149.0,150.0,103.33333333333333,16.0,3.1728542051718147,186.66666666666666,173.0,385.41333333333336,-20.0,27.0,5.94482421875,0.0002412578169730487,2.8657741857475094,300.0,3983.0,1863.905325443787
0.0,20,0,0,0,1,1,118106.66666666667,813.3333333333334,0.0,-16.666666666666742,0.35480093676814983,298.0,14,8,,,,,,,90,46.666666666666664,298.0,173.0,,,,,206.66666666666666,182.0,385.41333333333336,1.0,50.0,4.541015625,0.00043030608437375574,2.8292096768514456,,3761.0,2013.422818791946
0.0,20,0,0,0,1,1,118903.33333333333,796.6666666666666,-16.666666666666742,6.6666666666667425,0.5253909681953961,311.0,14,9,,,,,,,90,46.666666666666664,311.0,160.0,,,,,190.0,172.0,391.31333333333333,-2.0,50.0,4.9072265625,0.0003013564068111248,2.7731101950369106,,3687.0,1736.3344051446948
0.0,20,0,0,0,1,1,119706.66666666667,803.3333333333334,6.6666666666667425,10.0,0.44732501434308664,304.0,14,8,,,,,,,90,46.666666666666664,304.0,161.0,,,,,246.66666666666666,200.0,383.62,-1.0,54.0,4.62646484375,0.0008254829477247318,2.6198574292208514,,3720.0,1973.6842105263163
0.0,20,0,0,1,1,1,120520.0,813.3333333333334,10.0,6.666666666666629,0.400907894892795,296.0,13,7,,,,,,,90,43.333333333333336,296.0,168.0,150.0,106.66666666666667,21.0,2.537776784220549,190.0,178.0,385.41333333333336,-4.0,33.0,5.84716796875,0.00023328904666672517,2.730949610577707,310.0,3765.0,1438.5353095030516
0.0,20,0,0,1,1,1,121340.0,820.0,6.666666666666629,-23.33333333333337,0.43816002060552134,322.0,13,8,,,,,,,90,43.333333333333336,322.0,172.0,153.33333333333334,106.66666666666667,19.0,2.981902250280264,183.33333333333334,172.0,384.3866666666667,-19.0,32.0,6.06689453125,0.00017245179919034355,2.7751028590363633,303.3333333333333,3828.0,1392.3964234523241
0.0,20,0,0,1,1,1,122136.66666666667,796.6666666666666,-23.33333333333337,10.0,0.38785139045449796,296.0,14,8,,,,,,,90,46.666666666666664,296.0,149.0,136.66666666666666,86.66666666666667,16.0,1.6108523188846675,186.66666666666666,171.0,387.9800000000001,-5.0,34.0,5.8837890625,0.00024810105058050374,2.807934310976025,300.0,3657.0,1835.5855855855855
0.0,20,0,0,1,1,1,122943.33333333333,806.6666666666666,10.0,-3.3333333333332575,0.1756881117711035,298.0,14,8,,,,,,,90,46.666666666666664,298.0,146.0,146.66666666666666,103.33333333333333,18.0,3.45983520843445,186.66666666666666,184.0,383.1066666666666,4.0,27.0,5.72509765625,0.000286888123454371,2.8376973256030564,300.0,3545.0,1040.268456375839
0.0,20,0,0,1,1,1,123746.66666666667,803.3333333333334,-3.3333333333332575,23.333333333333258,0.0,292.0,13,7,,,,,,,90,43.333333333333336,292.0,157.0,133.33333333333334,86.66666666666667,20.0,2.8144567454729277,176.66666666666666,183.0,373.62,12.0,30.0,5.72509765625,0.00030922619011452255,2.7505140094912117,316.6666666666667,3530.0,1492.4297043979811
0.0,20,0,0,1,1,1,124573.33333333333,826.6666666666666,23.333333333333258,3.3333333333333712,0.0017772722425621157,301.0,13,8,,,,,,,90,43.333333333333336,301.0,164.0,143.33333333333334,96.66666666666667,21.0,3.5215167840546275,240.0,204.0,373.36,-16.0,48.0,5.40771484375,0.0004237050368829118,2.630511285839216,333.3333333333333,3560.0,1445.1827242524917
0.0,20,0,0,1,1,1,125403.33333333333,830.0,3.3333333333333712,-10.0,0.08639856232792285,294.0,13,8,,,,,,,90,43.333333333333336,294.0,174.0,153.33333333333334,100.0,15.0,2.8903547003953527,236.66666666666666,201.0,372.84666666666664,5.0,41.0,5.43212890625,0.0003791216209345703,2.6425658866444817,326.6666666666667,3662.0,1561.8492294877135
0.0,20,0,0,0,1,1,126223.33333333333,820.0,-10.0,0.0,0.08607926178425093,303.0,13,9,,,,,,,90,43.333333333333336,303.0,136.0,,,,,186.66666666666666,176.0,384.3866666666667,-9.0,54.0,4.65087890625,0.0006272043601937772,2.719442464078947,,3747.0,1683.1683168316831
0.0,20,0,0,1,1,1,127043.33333333333,820.0,0.0,3.3333333333333712,0.08710801393728224,292.0,13,9,,,,,,,90,43.333333333333336,292.0,176.0,143.33333333333334,100.0,23.0,3.2654641449377273,186.66666666666666,186.0,384.3866666666667,6.0,24.0,5.9814453125,0.0002912357982471674,2.824197197886595,316.6666666666667,3806.0,1741.1679884643115
0.0,20,0,0,0,1,1,127866.66666666667,823.3333333333334,3.3333333333333712,16.66666666666663,0.08710093256065128,300.0,14,8,,,,,,,90,46.666666666666664,300.0,186.0,,,,,176.66666666666666,182.0,370.53999999999996,-5.0,47.0,4.58984375,0.0007825805421793567,2.7143422015133263,,3595.0,1871.4285714285713
0.0,20,0,0,1,1,1,128706.66666666667,840.0,16.66666666666663,10.0,0.08672024050413366,297.0,16,10,,,,,,,90,53.333333333333336,297.0,152.0,136.66666666666666,93.33333333333333,19.0,3.053590946041833,230.0,204.0,371.3066666666667,14.0,44.0,5.56640625,0.0003751952526222961,2.6598376747017385,350.0,3495.0,1587.3015873015872
0.0,20,0,0,1,1,1,129556.66666666667,850.0,10.0,-36.66666666666663,0.08671404767572347,301.0,16,10,,,,,,,90,53.333333333333336,301.0,125.0,140.0,80.0,4.0,1.5028563421447334,146.66666666666666,153.0,369.7666666666667,7.0,49.0,5.65185546875,0.00031300583374328745,2.6370058350568653,360.0,3353.0,1531.9306016980436
0.0,20,0,0,0,1,1,130370.0,813.3333333333334,-36.66666666666663,6.666666666666629,0.16737128951588484,277.0,16,10,,,,,,,90,53.333333333333336,277.0,129.0,,,,,173.33333333333334,179.0,382.08,1.0,60.0,4.79736328125,0.0005349628751123015,2.74052736839862,,3422.0,1940.1085629691192
0.0,20,0,0,1,1,1,131190.0,820.0,6.666666666666629,10.0,0.1325895052333341,304.0,16,9,,,,,,,90,53.333333333333336,304.0,162.0,140.0,93.33333333333333,18.0,4.171679501795385,233.33333333333334,205.0,374.3866666666667,14.0,40.0,5.4443359375,0.0003340781208461303,2.6466491172961715,326.6666666666667,3357.0,1852.8464017185822
0.0,20,0,0,0,1,1,132020.0,830.0,10.0,30.0,0.1741735465217543,304.0,16,9,,,,,,,90,53.333333333333336,304.0,119.0,,,,,173.33333333333334,173.0,376.17999999999995,12.0,55.0,4.6142578125,0.0005613600782420793,2.5451228874258556,,3455.0,1603.6184210526317
0.0,20,0,0,0,1,1,132880.0,860.0,30.0,-10.0,0.17543256165938564,311.0,16,9,,,,,,,90,53.333333333333336,311.0,168.0,,,,,183.33333333333334,176.0,374.8933333333334,1.0,54.0,4.18701171875,0.0005673466282155246,2.6672731219841386,,3539.0,1707.141648333051
0.0,20,0,0,0,1,1,133730.0,850.0,-10.0,10.0,0.33230319343368886,303.0,16,10,,,,,,,90,53.333333333333336,303.0,157.0,,,,,186.66666666666666,178.0,386.43333333333334,3.0,45.0,4.13818359375,0.0009200589832502702,2.6017555852403107,,3661.0,2081.228531016367
0.0,20,0,0,1,1,1,134590.0,860.0,10.0,10.0,0.3377356588365763,338.0,15,9,,,,,,,90,50.0,338.0,124.0,146.66666666666666,100.0,19.0,3.005147945727522,230.0,205.0,364.8933333333334,-3.0,28.0,5.40771484375,0.0003885447924191955,2.698993273289308,350.0,3593.0,912.9332206255283
0.0,20,0,0,1,1,1,135460.0,870.0,10.0,0.0,0.41767695220380646,308.0,15,9,,,,,,,90,50.0,308.0,173.0,143.33333333333334,93.33333333333333,21.0,3.8746211122935392,186.66666666666666,174.0,376.68666666666667,-4.0,52.0,5.09033203125,0.00047301272811846296,2.578352229002792,380.0,3877.0,1649.008885850991
0.0,20,0,0,1,1,1,136330.0,870.0,0.0,-30.0,0.5344827586206897,331.0,15,9,,,,,,,90,50.0,331.0,143.0,140.0,96.66666666666667,16.0,3.0025536903896306,183.33333333333334,174.0,373.3533333333333,-9.0,26.0,4.9560546875,0.0004133113757700257,2.6059661501379066,370.0,3856.0,1788.1930268637218
0.0,20,0,0,1,1,1,137170.0,840.0,-30.0,10.0,0.5726445167438956,307.0,15,9,,,,,,,90,50.0,307.0,154.0,163.33333333333334,113.33333333333333,12.0,3.593640750037526,193.33333333333334,185.0,387.97333333333336,-16.0,36.0,5.74951171875,0.00026781245728383653,2.719146553772218,320.0,3761.0,1669.3811074918567
0.0,20,0,0,1,1,1,138020.0,850.0,10.0,3.3333333333333712,0.46332505865950285,324.0,15,9,,,,,,,90,50.0,324.0,154.0,150.0,110.0,21.0,3.2370549695706394,246.66666666666666,208.0,383.1,17.0,21.0,5.38330078125,0.0003685763254401299,2.7301310145254707,333.3333333333333,3638.0,1055.5555555555557
0.0,20,0,0,1,1,1,138873.33333333334,853.3333333333334,3.3333333333333712,20.0,0.2487199883482528,313.0,15,9,,,,,,,90,50.0,313.0,161.0,143.33333333333334,86.66666666666667,13.0,1.4833326386726107,183.33333333333334,180.0,379.25333333333333,-5.0,26.0,5.3466796875,0.00040621981203737553,2.594676925945355,346.6666666666667,3642.0,1041.410666011305
0.0,20,0,0,1,1,1,139746.66666666666,873.3333333333334,20.0,-13.333333333333371,0.08450280002677316,324.0,15,9,,,,,,,90,50.0,324.0,161.0,143.33333333333334,96.66666666666667,17.0,3.0049764156699936,180.0,183.0,369.50666666666666,26.0,28.0,5.09033203125,0.000412474932892084,2.5441693750641496,370.0,3644.0,1393.0597263930597
0.0,20,0,0,1,1,1,140606.66666666666,860.0,-13.333333333333371,6.666666666666629,0.1227201326468278,297.0,15,10,,,,,,,90,50.0,297.0,151.0,146.66666666666666,106.66666666666667,21.0,3.5910100071522635,163.33333333333334,187.0,381.56,-10.0,47.0,5.45654296875,0.000390597434451481,2.6144667357333153,356.6666666666667,3568.0,1434.9098461247995
0.0,20,0,0,0,1,1,141473.33333333334,866.6666666666666,6.666666666666629,23.33333333333337,0.12456540514205992,324.0,15,10,,,,,,,90,50.0,324.0,141.0,,,,,240.0,209.0,373.8666666666667,10.0,51.0,4.1259765625,0.00056688222008519,2.720260540007005,,3619.0,1404.2187883247486
0.0,20,0,0,1,1,1,142363.33333333334,890.0,23.33333333333337,3.3333333333333712,0.12603103823216072,343.0,15,9,,,,,,,90,50.0,343.0,130.0,143.33333333333334,96.66666666666667,20.0,3.394840391906474,176.66666666666666,177.0,366.94,5.0,35.0,4.91943359375,0.00048238267661248035,2.476724826831978,393.3333333333333,3704.0,1030.2910510451156
0.0,20,0,0,1,1,1,143256.66666666666,893.3333333333334,3.3333333333333712,-23.33333333333337,0.24315995591555473,310.0,15,9,,,,,,,90,50.0,310.0,150.0,136.66666666666666,96.66666666666667,19.0,3.213527186181965,183.33333333333334,176.0,373.0933333333333,2.0,44.0,4.833984375,0.0004296110089051646,2.5183753162534996,403.3333333333333,3806.0,1471.6075713143161
0.0,20,0,0,1,1,1,144126.66666666666,870.0,-23.33333333333337,13.333333333333371,0.35759618564068646,341.0,15,9,,,,,,,90,50.0,341.0,148.0,140.0,96.66666666666667,14.0,3.104068272463179,170.0,178.0,380.02,-19.0,34.0,4.931640625,0.00045952384565693455,2.646714635542037,370.0,3852.0,1252.2786716335104
0.0,20,0,0,1,1,1,145010.0,883.3333333333334,13.333333333333371,16.66666666666663,0.24540917945238458,337.0,15,9,,,,,,,90,50.0,337.0,154.0,140.0,93.33333333333333,18.0,3.5147592351470305,170.0,187.0,377.96666666666664,-7.0,26.0,4.94384765625,0.00032132529028681934,2.6938500314032074,380.0,3863.0,1225.9878182102138
0.0,20,0,0,1,1,1,145910.0,900.0,16.66666666666663,20.0,0.2020800775987498,315.0,15,9,,,,,,,90,50.0,315.0,149.0,150.0,110.0,21.0,3.3532865732504877,170.0,174.0,375.4,1.0,27.0,4.833984375,0.00038490844256463614,2.5502616562082876,386.6666666666667,3767.0,1412.1510673234811
0.0,20,0,0,0,1,1,146830.0,920.0,20.0,-26.66666666666663,0.20229104524973027,312.0,16,10,,,,,,,90,53.333333333333336,312.0,155.0,,,,,206.66666666666666,201.0,395.6533333333333,-7.0,47.0,5.87158203125,0.00025900153033691454,2.7204082087616532,,3564.0,1587.117701575533
0.0,20,0,0,1,1,1,147723.33333333334,893.3333333333334,-26.66666666666663,13.333333333333258,0.385316539608883,319.0,16,10,,,,,,,90,53.333333333333336,319.0,129.0,153.33333333333334,110.0,20.0,4.100161337235779,180.0,207.0,393.09333333333336,2.0,29.0,5.43212890625,0.000314290521518824,2.8877125956644525,353.3333333333333,3569.0,1126.752232802981
0.0,20,0,0,1,1,1,148630.0,906.6666666666666,13.333333333333258,13.333333333333371,0.23900115104233274,304.0,16,10,,,,,,,90,53.333333333333336,304.0,168.0,146.66666666666666,100.0,22.0,3.1827609437611244,200.0,200.0,387.70666666666665,8.0,20.0,4.7607421875,0.00045908150115366736,2.7352804132800737,380.0,3504.0,1324.4459833795015
0.0,20,0,0,0,1,1,149550.0,920.0,13.333333333333371,3.3333333333333712,0.19768345444617133,290.0,16,10,,,,,,,90,53.333333333333336,290.0,163.0,,,,,236.66666666666666,199.0,382.32,8.0,53.0,3.759765625,0.0005312324496803922,2.7710588806175,,3529.0,1910.3025174529298
0.0,20,0,0,1,1,1,150473.33333333334,923.3333333333334,3.3333333333333712,-33.33333333333337,0.23445506019232557,342.0,16,10,,,,,,,90,53.333333333333336,342.0,163.0,153.33333333333334,110.0,17.0,4.174470905117797,163.33333333333334,174.0,371.8066666666667,-6.0,22.0,4.8095703125,0.0004214161293415715,2.7272348397694293,396.6666666666667,3632.0,1267.875571281144
0.0,20,0,0,0,1,1,151363.33333333334,890.0,-33.33333333333337,-6.666666666666629,0.30811312964492155,343.0,16,10,,,,,,,90,53.333333333333336,343.0,135.0,,,,,170.0,182.0,376.94,-2.0,44.0,3.7353515625,0.0007574883529314852,2.709908998206724,,3832.0,1383.9170387865818
0.0,20,0,0,1,1,1,152246.66666666666,883.3333333333334,-6.666666666666629,33.33333333333326,0.24080654137591503,329.0,16,9,,,,,,,90,53.333333333333336,329.0,149.0,150.0,116.66666666666667,24.0,4.413092156269762,263.3333333333333,213.0,377.96666666666664,2.0,34.0,4.89501953125,0.0004618314421556403,2.492087229432136,373.3333333333333,3755.0,1612.0277898393401
0.0,20,0,0,1,1,1,153163.33333333334,916.6666666666666,33.33333333333326,3.3333333333333712,0.2432126696832579,297.0,16,10,,,,,,,90,53.333333333333336,297.0,148.0,143.33333333333334,103.33333333333333,22.0,3.9112648740390625,250.0,208.0,379.50000000000006,17.0,29.0,4.72412109375,0.00043631886847987704,2.47460152247839,406.6666666666667,3605.0,1490.312965722802
0.0,20,0,0,0,1,1,154083.33333333334,920.0,3.3333333333333712,-43.33333333333337,0.27270743945894843,305.0,16,10,,,,,,,90,53.333333333333336,305.0,155.0,,,,,186.66666666666666,181.0,375.65333333333336,6.0,48.0,4.01611328125,0.00042239596047701134,2.6807105794145993,,3624.0,1847.9880774962742
0.0,20,0,0,1,1,1,154960.0,876.6666666666666,-43.33333333333337,-3.3333333333332575,0.27588100591654663,317.0,16,10,,,,,,,90,53.333333333333336,317.0,132.0,143.33333333333334,103.33333333333333,21.0,3.8400746194898545,170.0,190.0,365.66,-8.0,26.0,5.0048828125,0.00041747957142812694,2.6772902127780074,366.6666666666667,3650.0,989.3891597361628
0.0,20,0,0,1,1,1,155833.33333333334,873.3333333333334,-3.3333333333332575,23.333333333333258,0.4913464359049575,322.0,16,10,,,,,,,90,53.333333333333336,322.0,119.0,163.33333333333334,123.33333333333333,22.0,4.844699586719777,180.0,190.0,372.84000000000003,32.0,55.0,5.67626953125,0.00037136238909490845,2.6405673933450378,360.0,3759.0,1664.9413388543824
0.0,20,0,0,1,1,1,156730.0,896.6666666666666,23.333333333333258,33.33333333333337,0.6098159108001177,338.0,16,10,,,,,,,90,53.333333333333336,338.0,128.0,156.66666666666666,113.33333333333333,15.0,4.206068047641239,180.0,185.0,372.58000000000004,5.0,44.0,4.89501953125,0.00034957616590390665,2.545222983581744,383.3333333333333,3573.0,1095.960895291999
0.0,20,0,0,0,1,1,157660.0,930.0,33.33333333333337,-30.0,0.43860114625344937,290.0,16,11,,,,,,,90,53.333333333333336,290.0,189.0,,,,,246.66666666666666,202.0,374.11333333333334,13.0,51.0,5.79833984375,0.000607973830855952,2.715627934464293,,3591.0,2141.987829614605
0.0,20,0,0,1,1,1,158560.0,900.0,-30.0,10.0,0.46035844938362686,297.0,16,11,,,,,,,90,53.333333333333336,297.0,120.0,143.33333333333334,100.0,14.0,3.4995038282511626,170.0,181.0,378.73333333333335,-5.0,42.0,5.1025390625,0.0001614081960376419,2.680381218438827,390.0,3466.0,1554.001554001554
0.0,20,0,0,0,1,1,159470.0,910.0,10.0,-16.66666666666663,0.4356174818294347,326.0,16,11,,,,,,,90,53.333333333333336,326.0,149.0,,,,,170.0,181.0,377.1933333333333,20.0,47.0,3.7353515625,0.0004354075048697573,2.804456859233998,,3579.0,1580.7896420640595
0.0,20,0,0,1,1,1,160363.33333333334,893.3333333333334,-16.66666666666663,36.66666666666663,0.39182327383133536,322.0,16,9,,,,,,,90,53.333333333333336,322.0,136.0,146.66666666666666,100.0,17.0,2.3630882646565805,183.33333333333334,186.0,376.4266666666666,-5.0,33.0,4.8828125,0.00028851377536038533,2.5269065511910096,386.6666666666667,3628.0,1148.5328764189335
0.0,20,0,0,0,1,1,161293.33333333334,930.0,36.66666666666663,-23.33333333333337,0.36190973294843254,307.0,15,10,,,,,,,90,50.0,307.0,184.0,,,,,183.33333333333334,179.0,370.78,13.0,50.0,5.79833984375,0.0005718320990277879,2.69257335583674,,3664.0,1925.4861900815295
0.0,20,0,0,0,1,1,162200.0,906.6666666666666,-23.33333333333337,13.333333333333371,0.45952398028708713,338.0,16,10,,,,,,,90,53.333333333333336,338.0,158.0,,,,,170.0,193.0,381.04,-6.0,48.0,6.21337890625,0.0003513047129543858,2.826970935677471,,3563.0,1497.4407376483828
0.0,20,0,0,1,1,1,163120.0,920.0,13.333333333333371,10.0,0.3906414079892469,307.0,16,10,,,,,,,90,53.333333333333336,307.0,120.0,143.33333333333334,100.0,18.0,4.005252728825603,170.0,191.0,375.65333333333336,2.0,32.0,5.126953125,0.00026839903308943766,2.617423242754769,406.6666666666667,3606.0,1297.5917125006674
0.0,20,0,0,0,1,1,164050.0,930.0,10.0,16.66666666666663,0.23286863104294095,308.0,16,10,,,,,,,90,53.333333333333336,308.0,150.0,,,,,176.66666666666666,182.0,370.78,2.0,48.0,5.7373046875,0.0005648568769265622,2.7199231937225137,,3655.0,1579.190040728502
0.0,20,0,0,1,1,1,164996.66666666666,946.6666666666666,16.66666666666663,-16.66666666666663,0.2318677381378922,366.0,16,10,,,,,,,90,53.333333333333336,366.0,134.0,160.0,120.0,15.0,4.027738860476262,170.0,185.0,371.5466666666667,-10.0,48.0,4.931640625,0.00022386571643288883,2.635523733896292,423.3333333333333,3752.0,1265.005808700142
0.0,20,0,0,0,1,1,165926.66666666666,930.0,-16.66666666666663,6.666666666666629,0.30040758818497454,339.0,16,10,,,,,,,90,53.333333333333336,339.0,152.0,,,,,166.66666666666666,192.0,370.78,4.0,46.0,5.712890625,0.0007018417053160863,2.6587142618213777,,3779.0,1487.1445776823584
0.0,20,0,0,1,1,1,166863.33333333334,936.6666666666666,6.666666666666629,0.0,0.23114965596330275,327.0,16,10,,,,,,,90,53.333333333333336,327.0,138.0,143.33333333333334,100.0,18.0,3.713873622474896,180.0,192.0,366.42,16.0,42.0,5.1025390625,0.00027889675584434755,2.514348779870144,430.0,3609.0,1109.4516748453168
0.0,20,0,0,1,1,1,167800.0,936.6666666666666,0.0,-30.0,0.26385358413828164,317.0,16,10,,,,,,,90,53.333333333333336,317.0,144.0,143.33333333333334,100.0,19.0,3.8992317991003773,240.0,219.0,366.42,17.0,46.0,4.94384765625,0.00023440669163914626,2.5091225930228864,433.3333333333333,3560.0,1281.2424168891046
0.0,20,0,0,0,1,1,168706.66666666666,906.6666666666666,-30.0,-16.66666666666663,0.11674992623643005,315.0,16,10,,,,,,,90,53.333333333333336,315.0,156.0,,,,,216.66666666666666,219.0,411.04,13.0,58.0,3.9794921875,0.00033187258171530053,2.724525160319838,,3580.0,1666.6666666666667
0.0,20,0,0,1,1,1,169596.66666666666,890.0,-16.66666666666663,16.66666666666663,0.23879577575789418,303.0,16,10,,,,,,,90,53.333333333333336,303.0,187.0,143.33333333333334,100.0,22.0,4.012811193521227,173.33333333333334,202.0,383.6066666666667,1.0,15.0,5.38330078125,0.0003174862687653551,2.9194438552755027,346.6666666666667,3694.0,1380.4265041888805
0.0,20,0,0,0,1,1,170503.33333333334,906.6666666666666,16.66666666666663,16.666666666666742,0.36262502005669367,336.0,16,10,,,,,,,90,53.333333333333336,336.0,153.0,,,,,243.33333333333334,222.0,377.7066666666667,10.0,50.0,6.28662109375,0.0003274748179361111,2.838357831353864,,3644.0,1796.8056787932564
0.0,20,0,0,0,1,1,171426.66666666666,923.3333333333334,16.666666666666742,-3.3333333333333712,0.4331390770200032,306.0,16,11,,,,,,,90,53.333333333333336,306.0,171.0,,,,,170.0,182.0,375.14000000000004,6.0,47.0,4.06494140625,0.00017291605608973378,2.6875451535394745,,3603.0,1683.2034018426648
0.0,20,0,0,1,1,1,172346.66666666666,920.0,-3.3333333333333712,-6.666666666666629,0.4239604716173421,308.0,16,11,,,,,,,90,53.333333333333336,308.0,144.0,160.0,120.0,20.0,4.731519746989914,186.66666666666666,190.0,375.65333333333336,-8.0,37.0,4.91943359375,0.00041854743984033165,2.5483258395503636,393.3333333333333,3496.0,1361.9854721549639
0.0,20,0,0,1,1,1,173260.0,913.3333333333334,-6.666666666666629,0.0,0.3486530138943532,310.0,16,10,,,,,,,90,53.333333333333336,310.0,126.0,143.33333333333334,100.0,17.0,3.3532757808248537,220.0,214.0,370.0133333333334,12.0,32.0,4.833984375,0.00047853214649058804,2.7292942010144476,406.6666666666667,3679.0,1102.5912215758858
0.0,20,0,0,1,1,1,174173.33333333334,913.3333333333334,0.0,26.66666666666663,0.31047966631908236,342.0,16,9,,,,,,,90,53.333333333333336,342.0,149.0,146.66666666666666,103.33333333333333,19.0,4.008662452559218,190.0,191.0,376.68,4.0,39.0,4.82177734375,0.0005004382437809747,2.553325825519569,410.0,3713.0,1233.7754956496933
0.0,20,0,0,1,1,1,175113.33333333334,940.0,26.66666666666663,-10.0,0.1954020592771687,329.0,16,10,,,,,,,90,53.333333333333336,329.0,125.0,143.33333333333334,100.0,19.0,2.8689901199274086,190.0,183.0,375.9066666666667,12.0,27.0,4.91943359375,0.00042779532090904637,2.5640122488243073,426.6666666666667,3758.0,1253.7993920972642
0.0,20,0,0,1,1,1,176043.33333333334,930.0,-10.0,-23.33333333333337,0.19001003252971757,329.0,16,10,,,,,,,90,53.333333333333336,329.0,170.0,146.66666666666666,103.33333333333333,20.0,4.10920983648219,193.33333333333334,186.0,377.4466666666667,2.0,40.0,4.89501953125,0.0003837795773010492,2.676777316260474,413.3333333333333,3720.0,1581.037356603589
0.0,20,0,0,1,1,1,176950.0,906.6666666666666,-23.33333333333337,6.6666666666667425,0.18980338316205775,331.0,16,9,,,,,,,90,53.333333333333336,331.0,156.0,133.33333333333334,80.0,19.0,2.5493021275811554,166.66666666666666,178.0,374.37333333333333,-8.0,36.0,4.89501953125,0.00033466960900986343,2.7895942376587954,406.6666666666667,3746.0,1344.6585112178693
0.0,20,0,0,1,1,1,177863.33333333334,913.3333333333334,6.6666666666667425,10.0,0.07798222950406454,322.0,16,10,,,,,,,90,53.333333333333336,322.0,156.0,146.66666666666666,96.66666666666667,18.0,4.003906797869099,193.33333333333334,197.0,373.34666666666664,-2.0,39.0,4.79736328125,0.00045810421069069257,2.5366656530769687,400.0,3743.0,1141.304347826087
0.0,20,0,0,1,1,1,178786.66666666666,923.3333333333334,10.0,13.333333333333258,0.03909467165688431,310.0,16,9,,,,,,,90,53.333333333333336,310.0,148.0,143.33333333333334,96.66666666666667,19.0,3.0644713836290283,183.33333333333334,184.0,365.14000000000004,5.0,31.0,4.77294921875,0.00039156667763816914,2.549016727481991,420.0,3620.0,1290.3225806451612
0.0,20,0,0,1,1,1,179723.33333333334,936.6666666666666,13.333333333333258,-26.66666666666663,0.03944193528429128,308.0,16,10,,,,,,,90,53.333333333333336,308.0,134.0,143.33333333333334,100.0,16.0,4.187380269863265,186.66666666666666,188.0,369.75333333333333,7.0,42.0,4.79736328125,0.0003364861876171035,2.506158307558114,433.3333333333333,3547.0,1438.5614385614388
0.0,20,0,0,1,1,1,180633.33333333334,910.0,-26.66666666666663,16.66666666666663,0.07630170712352738,319.0,15,10,,,,,,,90,50.0,319.0,134.0,136.66666666666666,96.66666666666667,19.0,3.3177478496002415,170.0,186.0,377.1933333333333,-7.0,38.0,4.833984375,0.00032974974257942997,2.660393745273635,410.0,3722.0,1322.7310956495146
0.0,20,0,0,1,1,1,181560.0,926.6666666666666,16.66666666666663,23.33333333333337,0.07846419417272585,323.0,16,9,,,,,,,90,53.333333333333336,323.0,159.0,136.66666666666666,86.66666666666667,18.0,1.7168377938084092,190.0,192.0,374.62666666666667,-2.0,32.0,5.078125,0.00027076984830222157,2.581791569510655,426.6666666666667,3729.0,1668.924148606811
0.0,20,0,0,0,1,1,182510.0,950.0,23.33333333333337,16.66666666666663,0.07858324173848731,317.0,16,10,,,,,,,90,53.333333333333336,317.0,125.0,,,,,166.66666666666666,171.0,367.7,-4.0,47.0,5.615234375,0.00043118644491618816,2.720742344847734,,3506.0,1261.8296529968454
0.0,20,0,0,1,1,1,183476.66666666666,966.6666666666666,16.66666666666663,-33.33333333333326,0.15483289071503734,302.0,16,10,,,,,,,90,53.333333333333336,302.0,136.0,133.33333333333334,93.33333333333333,18.0,3.0266372329843687,190.0,187.0,365.1333333333333,4.0,41.0,4.8583984375,0.00031557754239021563,2.5284403034434924,470.0,3440.0,1296.3223897421444
0.0,20,0,0,1,1,1,184410.0,933.3333333333334,-33.33333333333326,20.0,0.3682342502218279,328.0,16,10,,,,,,,90,53.333333333333336,328.0,139.0,130.0,93.33333333333333,17.0,3.1214965133307633,163.33333333333334,175.0,370.26666666666665,12.0,41.0,4.8583984375,0.00030512755340385685,2.596987313700976,440.0,3451.0,983.9246119733924
0.0,20,0,0,1,1,1,185363.33333333334,953.3333333333334,20.0,13.333333333333258,0.30599130984680034,317.0,16,9,,,,,,,90,53.333333333333336,317.0,153.0,160.0,113.33333333333333,21.0,3.4793761101780696,186.66666666666666,182.0,370.52000000000004,9.0,43.0,4.736328125,0.00040703290642841745,2.5443786826973653,433.3333333333333,3484.0,1616.112594030575
0.0,20,0,0,1,1,1,186330.0,966.6666666666666,13.333333333333258,-3.3333333333332575,0.30111457334611696,300.0,16,10,,,,,,,90,53.333333333333336,300.0,125.0,160.0,123.33333333333333,19.0,2.478494193338923,250.0,205.0,368.46666666666664,7.0,28.0,4.7119140625,0.00037782815172601747,2.563910342798784,436.6666666666667,3442.0,1206.1068702290077
0.0,20,0,0,1,1,1,187293.33333333334,963.3333333333334,-3.3333333333332575,-3.3333333333333712,0.3702225769264876,328.0,16,9,,,,,,,90,53.333333333333336,328.0,159.0,163.33333333333334,123.33333333333333,12.0,2.082423713856773,186.66666666666666,183.0,368.97999999999996,3.0,33.0,4.7119140625,0.0002951640815062462,2.642384537476107,436.6666666666667,3508.0,1319.586669149134
0.0,20,0,0,1,1,1,188253.33333333334,960.0,-3.3333333333333712,0.0,0.40487230950238773,322.0,16,10,,,,,,,90,53.333333333333336,322.0,124.0,163.33333333333334,113.33333333333333,8.0,1.581606299584756,186.66666666666666,188.0,369.49333333333334,-7.0,38.0,4.8583984375,0.0003358531694893401,2.6103553415287672,426.6666666666667,3524.0,1171.8749999999998
0.0,20,0,0,1,1,1,189213.33333333334,960.0,0.0,-10.0,0.2574404761904762,285.0,16,10,,,,,,,90,53.333333333333336,285.0,122.0,130.0,93.33333333333333,18.0,2.425210049929383,170.0,186.0,369.49333333333334,1.0,33.0,4.74853515625,0.0004213706862291898,2.616341577166725,463.3333333333333,3498.0,1794.7747065505491
0.0,20,0,0,1,1,1,190163.33333333334,950.0,-10.0,-10.0,0.1116303991903075,302.0,16,10,,,,,,,90,53.333333333333336,302.0,176.0,133.33333333333334,86.66666666666667,13.0,2.6664205710120648,186.66666666666666,188.0,371.0333333333333,13.0,31.0,4.7119140625,0.00047852880417361847,2.502521057168494,450.0,3576.0,1582.0456217807211
0.0,20,0,0,0,1,1,191103.33333333334,940.0,-10.0,-70.0,0.11205366543332432,343.0,16,10,,,,,,,90,53.333333333333336,343.0,135.0,,,,,226.66666666666666,231.0,372.5733333333334,-23.0,39.0,3.61328125,0.0004120717376448492,2.601965678453695,,4358.0,1530.612244897959
0.0,20,0,0,1,1,1,191973.33333333334,870.0,-70.0,-30.0,0.07990624334114639,363.0,16,9,,,,,,,90,53.333333333333336,363.0,275.0,163.33333333333334,123.33333333333333,34.0,4.127512600941934,250.0,262.0,386.68666666666667,-22.0,83.0,5.4931640625,0.00042892935065817734,3.0649537137222946,343.3333333333333,4883.0,3931.6376474364115
0.0,20,0,0,1,1,1,192813.33333333334,840.0,-30.0,0.0,0.29248414341582046,370.0,16,9,,,,,,,90,53.333333333333336,370.0,269.0,146.66666666666666,103.33333333333333,28.0,4.542163104578684,193.33333333333334,243.0,394.64,-8.0,42.0,5.33447265625,0.00042563419763540797,2.678627492133348,323.3333333333333,4785.0,2382.2791864028977
0.0,25,1,0,1,1,1,193653.33333333334,840.0,0.0,-3.3333333333333712,0.5561224489795918,365.0,14,10,-58.0,5.0,1.0,,,,69,63.333333333333336,397.0,205.0,166.66666666666666,113.33333333333333,17.0,4.5039192735825075,186.66666666666666,248.0,391.3066666666667,26.0,40.0,5.6396484375,0.0002569706111830552,2.881041920895078,296.6666666666667,4930.0,2487.7593184841367
0.0,20,0,0,1,1,1,194490.0,836.6666666666666,-3.3333333333333712,3.3333333333333712,0.7245472996723096,375.0,15,10,,,,,,,90,50.0,375.0,235.0,166.66666666666666,110.0,28.0,1.1556576370836567,146.66666666666666,228.0,385.15333333333336,-8.0,49.0,5.62744140625,0.0004092365218092073,2.795851617508533,300.0,4876.0,3004.4444444444443
0.0,20,0,0,0,1,1,195330.0,840.0,3.3333333333333712,-3.3333333333333712,0.8109769284177698,329.0,15,10,,,,,,,90,50.0,329.0,310.0,,,,,250.0,253.0,387.97333333333336,0.0,95.0,4.4921875,0.0012497738050335956,2.727392752942091,,4390.0,2818.4581376070737
0.0,20,0,0,0,1,1,196166.66666666666,836.6666666666666,-3.3333333333333712,23.33333333333337,0.8061864320297529,362.0,19,11,,,,,,,90,63.333333333333336,362.0,157.0,,,,,190.0,206.0,398.4866666666667,37.0,53.0,4.541015625,0.0008190961179005449,2.710517100459064,,4027.0,1651.5390686661403
0.0,20,0,0,0,1,1,197026.66666666666,860.0,23.33333333333337,0.0,0.7209979635718268,332.0,19,12,,,,,,,90,63.333333333333336,332.0,153.0,,,,,240.0,225.0,388.22666666666674,21.0,45.0,4.62646484375,0.0003032249414785495,2.6739210581381654,,3775.0,1738.20281124498
0.0,20,0,0,1,1,1,197886.66666666666,860.0,0.0,-16.66666666666663,0.4925249169435216,370.0,18,12,,,,,,,90,60.0,370.0,140.0,140.0,86.66666666666667,7.0,2.7499877063161406,190.0,195.0,391.56,32.0,32.0,5.2490234375,0.00022125293770588106,2.6558960736701036,350.0,3695.0,996.1389961389962
0.0,20,0,0,1,1,1,198730.0,843.3333333333334,-16.66666666666663,6.666666666666629,0.20356727413726253,330.0,18,11,,,,,,,90,60.0,330.0,132.0,143.33333333333334,100.0,14.0,3.849902238978956,170.0,187.0,394.12666666666667,21.0,29.0,5.224609375,0.0002663799480051113,2.7341844832638347,330.0,3815.0,1083.56290174472
0.0,20,0,0,1,1,1,199580.0,850.0,6.666666666666629,20.0,0.0,364.0,18,11,,,,,,,90,60.0,364.0,137.0,140.0,93.33333333333333,15.0,2.8841803761592963,250.0,218.0,389.7666666666667,30.0,27.0,5.35888671875,0.00041165832264453394,2.7191407152420393,336.6666666666667,3779.0,1264.824284626265
0.0,20,0,0,1,1,1,200450.0,870.0,20.0,20.0,0.002519822604488644,377.0,19,12,,,,,,,90,63.333333333333336,377.0,124.0,133.33333333333334,103.33333333333333,26.0,3.526431410538068,186.66666666666666,182.0,390.02,33.0,31.0,5.029296875,0.0003419888781526787,2.6005791284238327,363.3333333333333,3698.0,890.6626432725768
0.0,20,0,0,0,1,1,201340.0,890.0,20.0,-6.666666666666629,0.12719931722689076,338.0,19,12,,,,,,,90,63.333333333333336,338.0,135.0,,,,,216.66666666666666,197.0,376.94,23.0,48.0,4.38232421875,0.0003447648026591675,2.6379599984448854,,3761.0,1351.4029394922698
0.0,20,0,0,1,1,1,202223.33333333334,883.3333333333334,-6.666666666666629,-16.666666666666742,0.3218780769724731,361.0,18,11,,,,,,,90,60.0,361.0,119.0,136.66666666666666,96.66666666666667,18.0,3.0337306244433737,176.66666666666666,173.0,387.96666666666664,4.0,52.0,5.01708984375,0.00031133521397528973,2.6893674697289027,386.6666666666667,3673.0,1088.9292196007257
0.0,20,0,0,1,1,1,203090.0,866.6666666666666,-16.666666666666742,-6.666666666666629,0.3615919754085099,340.0,19,12,,,,,,,90,63.333333333333336,340.0,114.0,140.0,100.0,17.0,3.500144720702828,230.0,211.0,390.53333333333336,19.0,30.0,5.37109375,0.00028061325564917726,2.8416081617485087,350.0,3798.0,815.1260504201681
0.0,20,0,0,0,1,1,203950.0,860.0,-6.666666666666629,0.0,0.24729079198997647,348.0,18,11,,,,,,,90,60.0,348.0,162.0,,,,,163.33333333333334,167.0,384.8933333333334,8.0,51.0,4.11376953125,0.0005536341414780651,2.735630843301583,,3754.0,1425.0527797325826
0.0,20,0,0,1,1,1,204810.0,860.0,0.0,-3.3333333333333712,0.24916943521594684,321.0,18,11,,,,,,,90,60.0,321.0,147.0,136.66666666666666,93.33333333333333,16.0,3.839254041164587,190.0,181.0,391.56,10.0,39.0,5.4443359375,0.00026998950073631227,2.6788211607617143,356.6666666666667,3624.0,1441.1739016507993
0.0,20,0,0,0,1,1,205666.66666666666,856.6666666666666,-3.3333333333333712,-33.33333333333326,0.24835812299956805,308.0,18,12,,,,,,,90,60.0,308.0,135.0,,,,,180.0,179.0,385.4066666666667,15.0,45.0,4.69970703125,0.0001971114913576439,2.8190766283137774,,3673.0,1589.5562770562772
0.0,20,0,0,1,1,1,206490.0,823.3333333333334,-33.33333333333326,10.0,0.21278371161548734,333.0,18,11,,,,,,,90,60.0,333.0,124.0,146.66666666666666,103.33333333333333,14.0,3.840576321295668,186.66666666666666,191.0,397.20666666666665,-6.0,40.0,5.859375,0.0002975523314209508,2.7928314096764195,313.3333333333333,3613.0,1351.3513513513512
0.0,20,0,0,1,1,1,207323.33333333334,833.3333333333334,10.0,20.0,0.4354060899029733,307.0,18,11,,,,,,,90,60.0,307.0,148.0,133.33333333333334,93.33333333333333,18.0,3.372042443844233,193.33333333333334,199.0,398.99999999999994,18.0,28.0,5.3955078125,0.000248001985514244,2.7314976384662097,326.6666666666667,3664.0,1415.9409692215647
0.0,20,0,0,1,1,1,208176.66666666666,853.3333333333334,20.0,43.33333333333326,0.5114687806995499,313.0,18,11,,,,,,,90,60.0,313.0,170.0,136.66666666666666,93.33333333333333,17.0,2.8067263078296545,186.66666666666666,188.0,392.58666666666664,11.0,27.0,5.3955078125,0.0002661559037886796,2.741583013077219,340.0,3575.0,1418.906220635219
0.0,20,0,0,1,1,1,209073.33333333334,896.6666666666666,43.33333333333326,-20.0,0.37963675285145665,315.0,18,12,,,,,,,90,60.0,315.0,165.0,140.0,103.33333333333333,25.0,4.04359838643953,170.0,188.0,385.91333333333336,5.0,31.0,5.1025390625,0.00025569441651078235,2.677169535055153,380.0,3681.0,1620.718462823726
0.0,20,0,0,1,1,1,209950.0,876.6666666666666,-20.0,20.0,0.5172248905512815,335.0,18,12,,,,,,,90,60.0,335.0,126.0,133.33333333333334,96.66666666666667,15.0,3.3764513124308237,170.0,192.0,385.6600000000001,17.0,28.0,5.078125,0.00025126819120184946,2.723791269786623,370.0,3692.0,1153.691004437273
0.0,20,0,0,1,1,1,210846.66666666666,896.6666666666666,20.0,16.666666666666742,0.4910850019545672,314.0,19,12,,,,,,,90,63.333333333333336,314.0,167.0,123.33333333333333,86.66666666666667,19.0,2.359611738615987,180.0,195.0,385.91333333333336,21.0,37.0,4.89501953125,0.00032215907321024513,2.566525154701088,403.3333333333333,3701.0,1358.1091751329159
0.0,20,0,0,1,1,1,211760.0,913.3333333333334,16.666666666666742,-6.6666666666667425,0.5988214683866858,323.0,18,11,,,,,,,90,60.0,323.0,155.0,133.33333333333334,93.33333333333333,19.0,4.081918698504715,193.33333333333334,190.0,380.0133333333334,22.0,32.0,4.736328125,0.00041423846481336346,2.48862276676023,410.0,3531.0,1683.9084799516727
0.0,20,0,0,1,1,1,212666.66666666666,906.6666666666666,-6.6666666666667425,-6.666666666666629,0.6648520117639697,318.0,19,12,,,,,,,90,63.333333333333336,318.0,133.0,130.0,93.33333333333333,18.0,3.2003477738944177,186.66666666666666,185.0,384.37333333333333,14.0,41.0,4.58984375,0.00040024964858195803,2.549191220490613,403.3333333333333,3650.0,1075.9394978949008
0.0,20,0,0,1,1,1,213566.66666666666,900.0,-6.666666666666629,-3.3333333333333712,0.6665896245246149,349.0,18,12,,,,,,,90,60.0,349.0,151.0,133.33333333333334,96.66666666666667,20.0,3.0296986613198804,186.66666666666666,198.0,382.06666666666666,12.0,36.0,4.9072265625,0.00038125423534674267,2.6829316351904646,393.3333333333333,3862.0,1384.0998494487885
0.0,20,0,0,0,1,1,214463.33333333334,896.6666666666666,-3.3333333333333712,13.333333333333371,0.5119426835850275,313.0,18,12,,,,,,,90,60.0,313.0,168.0,,,,,170.0,194.0,385.91333333333336,6.0,50.0,3.77197265625,0.0007364567761215258,2.690072095098318,,3784.0,2098.9202086787723
0.0,20,0,0,1,1,1,215373.33333333334,910.0,13.333333333333371,0.0,0.3145639108921404,299.0,17,11,,,,,,,90,56.666666666666664,299.0,131.0,130.0,96.66666666666667,19.0,3.917734520318543,186.66666666666666,191.0,383.85999999999996,42.0,28.0,4.8583984375,0.00041859942658669584,2.569316245232132,410.0,3675.0,1386.7362753895097
0.0,20,0,0,0,1,1,216283.33333333334,910.0,0.0,-16.66666666666663,0.11852433281004708,334.0,18,12,,,,,,,90,60.0,334.0,169.0,,,,,186.66666666666666,193.0,383.85999999999996,-6.0,44.0,3.77197265625,0.0005285703001814438,2.7414335036005593,,3748.0,1476.4221556886228
0.0,20,0,0,0,1,1,217176.66666666666,893.3333333333334,-16.66666666666663,-13.333333333333371,0.15390252839868082,355.0,18,12,,,,,,,90,60.0,355.0,171.0,,,,,260.0,222.0,376.4266666666666,15.0,49.0,4.57763671875,0.000313581388760523,2.662533851259355,,3954.0,1565.5471289274108
0.0,20,0,0,1,1,1,218056.66666666666,880.0,-13.333333333333371,13.333333333333371,0.002399436932133259,327.0,18,12,,,,,,,90,60.0,327.0,148.0,136.66666666666666,100.0,18.0,2.872209996762411,170.0,192.0,388.48,1.0,52.0,4.94384765625,0.0004297067535574658,2.4670459720913254,380.0,3911.0,1287.6227265411235
0.0,20,0,0,1,1,1,218950.0,893.3333333333334,13.333333333333371,-20.0,0.12090492058683516,344.0,18,11,,,,,,,90,60.0,344.0,182.0,136.66666666666666,100.0,17.0,2.828461441556863,166.66666666666666,186.0,383.09333333333336,13.0,34.0,4.9072265625,0.000455240953962915,2.478360296578853,386.6666666666667,3963.0,1360.7658380112268
0.0,25,1,0,0,1,1,219823.33333333334,873.3333333333334,-20.0,43.33333333333326,0.08159303739414235,338.0,14,9,-55.0,5.0,1.0,,,,71,63.333333333333336,356.0,130.0,,,,,203.33333333333334,210.0,396.1733333333334,34.0,50.0,4.2724609375,0.0005256591200350295,2.5332321066437125,,3907.0,1266.79885437321
0.0,20,0,0,1,1,1,220740.0,916.6666666666666,43.33333333333326,20.0,0.16504886099944435,338.0,17,10,,,,,,,90,56.666666666666664,338.0,142.0,143.33333333333334,96.66666666666667,16.0,3.6943303424122824,206.66666666666666,211.0,396.1666666666667,11.0,21.0,4.89501953125,0.0004497641809746098,2.650322264916416,390.0,3756.0,1266.8790775299651
0.0,20,0,0,0,1,1,221676.66666666666,936.6666666666666,20.0,20.0,0.23677979479084452,295.0,16,9,,,,,,,90,53.333333333333336,295.0,132.0,,,,,186.66666666666666,212.0,389.75333333333333,14.0,47.0,4.04052734375,0.0004411637772220308,2.6621762864014262,,3537.0,1500.9189299571165
0.0,20,0,0,1,1,1,222633.33333333334,956.6666666666666,20.0,-16.66666666666663,0.3841775754126352,320.0,16,9,,,,,,,90,53.333333333333336,320.0,155.0,146.66666666666666,103.33333333333333,15.0,4.345589267986288,210.0,211.0,393.34,15.0,23.0,4.78515625,0.0003974863125051506,2.6588570628450325,426.6666666666667,3476.0,1391.6015625
0.0,20,0,0,1,1,1,223573.33333333334,940.0,-16.66666666666663,16.66666666666663,0.5235771548075486,312.0,15,9,,,,,,,90,50.0,312.0,180.0,156.66666666666666,110.0,21.0,2.817579924849735,250.0,223.0,375.9066666666667,25.0,25.0,4.8095703125,0.00039634335280965645,2.730258132733711,393.3333333333333,3602.0,1271.1864406779662
0.0,20,0,0,1,1,1,224530.0,956.6666666666666,16.66666666666663,-20.0,0.5704663999594876,335.0,17,10,,,,,,,90,56.666666666666664,335.0,135.0,140.0,103.33333333333333,18.0,4.115521209401269,166.66666666666666,193.0,373.34000000000003,4.0,33.0,4.833984375,0.00036864017584412967,2.474164578888278,443.3333333333333,3729.0,1211.9851868477165
0.0,20,0,0,0,1,1,225466.66666666666,936.6666666666666,-20.0,-3.3333333333332575,0.5953210899529917,320.0,17,9,,,,,,,90,56.666666666666664,320.0,152.0,,,,,226.66666666666666,227.0,373.0866666666667,8.0,42.0,5.56640625,0.00046911791477954114,2.7111223043686827,,3846.0,1710.5263157894735
0.0,20,0,0,1,1,1,226400.0,933.3333333333334,-3.3333333333332575,6.666666666666629,0.492663433086239,320.0,17,11,,,,,,,90,56.666666666666664,320.0,149.0,133.33333333333334,103.33333333333333,23.0,2.8083285658937474,250.0,233.0,376.93333333333334,1.0,45.0,5.18798828125,0.000300386241352401,2.537866937605365,426.6666666666667,3843.0,1516.11328125
0.0,20,0,0,0,1,1,227340.0,940.0,6.666666666666629,6.666666666666629,0.33898218621829534,345.0,17,9,,,,,,,90,56.666666666666664,345.0,177.0,,,,,183.33333333333334,201.0,369.24,10.0,43.0,5.31005859375,0.0005114543433591446,2.541336069574188,,3773.0,1588.338778587585
0.0,20,0,0,0,1,1,228286.66666666666,946.6666666666666,6.666666666666629,3.3333333333333712,0.07445752375549568,334.0,17,11,,,,,,,90,56.666666666666664,334.0,151.0,,,,,183.33333333333334,204.0,371.5466666666667,10.0,57.0,5.13916015625,0.0002823813787810228,2.572183704800376,,3774.0,1552.386556367035
0.0,20,0,0,1,1,1,229236.66666666666,950.0,3.3333333333333712,6.666666666666629,0.0,376.0,17,10,,,,,,,90,56.666666666666664,376.0,150.0,130.0,90.0,11.0,2.5982887400098456,186.66666666666666,210.0,371.0333333333333,22.0,46.0,4.8828125,0.0004720826155001892,2.608114807595589,456.6666666666667,3759.0,1275.4309675415436
0.0,20,0,0,0,1,1,230193.33333333334,956.6666666666666,6.666666666666629,10.0,0.0,335.0,17,10,,,,,,,90,56.666666666666664,335.0,153.0,,,,,163.33333333333334,188.0,373.34000000000003,8.0,55.0,4.6142578125,0.00047113167597148773,2.4297736781210473,,3801.0,1619.0235264356186
0.0,20,0,0,1,1,1,231160.0,966.6666666666666,10.0,-6.666666666666629,0.0014929681201540743,341.0,16,10,,,,,,,90,53.333333333333336,341.0,128.0,136.66666666666666,100.0,15.0,3.273638033664131,170.0,190.0,368.46666666666664,4.0,45.0,4.99267578125,0.0002993977879920741,2.5202938482074653,460.0,3664.0,1268.6472013260232
0.0,20,0,0,1,1,1,232120.0,960.0,-6.666666666666629,16.66666666666663,0.07390181897010424,318.0,17,11,,,,,,,90,56.666666666666664,318.0,150.0,126.66666666666667,106.66666666666667,20.0,2.280159852977201,173.33333333333334,182.0,376.15999999999997,9.0,46.0,4.78515625,0.0003927254253339167,2.6161550830005615,463.3333333333333,3597.0,1343.830595900638
0.0,20,0,0,0,1,1,233096.66666666666,976.6666666666666,16.66666666666663,3.3333333333333712,0.07586651460306441,352.0,15,9,,,,,,,90,50.0,352.0,112.0,,,,,250.0,226.0,366.9266666666667,1.0,54.0,5.01708984375,0.00039434255111345375,2.7338651457885677,,3539.0,1257.451564828614
0.0,20,0,0,1,1,1,234076.66666666666,980.0,3.3333333333333712,0.0,0.1469914291564691,312.0,14,9,,,,,,,90,46.666666666666664,312.0,162.0,136.66666666666666,90.0,16.0,2.363639686251238,250.0,227.0,366.41333333333336,2.0,40.0,4.77294921875,0.0005085466443127361,2.4748174792583355,476.6666666666667,3608.0,1230.5002689618075
0.0,20,0,0,0,1,1,235056.66666666666,980.0,0.0,-16.66666666666663,0.18221574344023325,306.0,15,9,,,,,,,90,50.0,306.0,160.0,,,,,250.0,216.0,366.41333333333336,1.0,55.0,5.09033203125,0.00042565293964480657,2.611945981685916,,3526.0,1577.1526001705029
0.0,20,0,0,0,1,1,236020.0,963.3333333333334,-16.66666666666663,10.0,0.18009040976036553,335.0,15,9,,,,,,,90,50.0,335.0,121.0,,,,,246.66666666666666,221.0,365.64666666666665,-15.0,48.0,4.84619140625,0.00027745803553252946,2.660865540383324,,3725.0,1395.814224964563
0.0,20,0,0,0,1,1,236993.33333333334,973.3333333333334,10.0,6.666666666666629,0.0726492769667197,378.0,15,9,,,,,,,90,50.0,378.0,180.0,,,,,173.33333333333334,190.0,370.77333333333337,-6.0,48.0,5.0537109375,0.00044399504719118,2.633087622930347,,3996.0,1569.9540289704223
0.0,20,0,0,1,1,1,237973.33333333334,980.0,6.666666666666629,-13.333333333333371,0.0,348.0,15,9,,,,,,,90,50.0,348.0,207.0,133.33333333333334,86.66666666666667,10.0,2.886653314011806,193.33333333333334,200.0,366.41333333333336,-6.0,43.0,4.89501953125,0.00038085830759116774,2.5198093943675595,476.6666666666667,3852.0,1470.942850253195
0.0,20,0,0,1,1,1,238940.0,966.6666666666666,-13.333333333333371,26.666666666666742,0.0,311.0,16,9,,,,,,,90,53.333333333333336,311.0,113.0,153.33333333333334,106.66666666666667,6.0,1.794258959146859,190.0,190.0,371.8,-5.0,48.0,4.72412109375,0.00029612451749852096,2.6248927332444207,446.6666666666667,3308.0,1295.7719441378317
0.0,20,0,0,0,1,1,239933.33333333334,993.3333333333334,26.666666666666742,-10.0,0.0007385088030249321,318.0,16,9,,,,,,,90,53.333333333333336,318.0,146.0,,,,,186.66666666666666,197.0,361.02666666666664,-1.0,44.0,4.736328125,0.00042885787237645383,2.6393315943220896,,3145.0,1574.008677227323
0.0,20,0,0,1,1,1,240916.66666666666,983.3333333333334,-10.0,-23.33333333333337,0.035961219420976416,298.0,16,9,,,,,,,90,53.333333333333336,298.0,136.0,156.66666666666666,116.66666666666667,16.0,2.6649905618075778,256.6666666666667,229.0,369.23333333333335,17.0,40.0,4.72412109375,0.0004909215154451618,2.434579885344344,463.3333333333333,3792.0,1600.5987156583458
0.0,20,0,0,1,1,1,241876.66666666666,960.0,-23.33333333333337,-20.0,0.037063594345016035,346.0,16,9,,,,,,,90,53.333333333333336,346.0,184.0,160.0,130.0,21.0,2.42383748432985,163.33333333333334,217.0,369.49333333333334,-16.0,64.0,8.88671875,0.00025384120157953137,2.8955067502645675,430.0,4409.0,3118.698749831967
0.0,20,0,0,1,1,1,242816.66666666666,940.0,-20.0,3.3333333333333712,0.07741320788423749,348.0,16,9,,,,,,,90,53.333333333333336,348.0,291.0,133.33333333333334,90.0,19.0,2.9549009148345657,173.33333333333334,218.0,369.24,-28.0,56.0,4.69970703125,0.00043656109166404053,2.5726052645321023,440.0,4188.0,2377.2204806687564
0.0,20,0,0,0,1,1,243760.0,943.3333333333334,3.3333333333333712,-20.0,0.23022683295004406,295.0,16,10,,,,,,,90,53.333333333333336,295.0,157.0,,,,,170.0,182.0,375.3933333333334,-22.0,63.0,5.74951171875,0.0004458812403169895,2.859678934228576,,3810.0,1886.9403350641717
0.0,20,0,0,1,1,1,244683.33333333334,923.3333333333334,-20.0,-56.66666666666674,0.3431540885585003,326.0,16,9,,,,,,,90,53.333333333333336,326.0,166.0,160.0,103.33333333333333,14.0,0.5978189552503448,186.66666666666666,208.0,378.47333333333336,2.0,37.0,4.77294921875,0.0004015754225568445,2.499999891266296,396.6666666666667,3856.0,1562.097231530649
0.0,20,0,0,1,1,1,245550.0,866.6666666666666,-56.66666666666674,6.6666666666667425,0.46782538649812555,337.0,16,9,,,,,,,90,53.333333333333336,337.0,184.0,163.33333333333334,116.66666666666667,24.0,3.6902671988697193,226.66666666666666,234.0,380.53333333333336,8.0,43.0,5.1025390625,0.00047622913794050515,2.672805435753396,333.3333333333333,4087.0,2065.2818991097924
0.0,20,0,0,1,1,1,246423.33333333334,873.3333333333334,6.6666666666667425,6.666666666666629,0.6625354341090383,379.0,16,9,,,,,,,90,53.333333333333336,379.0,163.0,146.66666666666666,106.66666666666667,23.0,4.385702033637916,186.66666666666666,204.0,382.84000000000003,-5.0,44.0,4.91943359375,0.0004559737205574474,2.53934585865482,363.3333333333333,3949.0,1067.5122848635958
0.0,20,0,0,1,1,1,247303.33333333334,880.0,6.666666666666629,23.33333333333337,0.8169417973264714,303.0,16,9,,,,,,,90,53.333333333333336,303.0,146.0,143.33333333333334,100.0,20.0,3.623469373072341,163.33333333333334,180.0,375.1466666666667,5.0,35.0,4.9072265625,0.00035679428260997504,2.647881887864191,370.0,3868.0,1480.6886094014806
0.0,20,0,0,1,1,1,248206.66666666666,903.3333333333334,23.33333333333337,-10.0,0.7690726779089012,328.0,16,9,,,,,,,90,53.333333333333336,328.0,155.0,146.66666666666666,100.0,21.0,3.670752138185092,180.0,188.0,381.55333333333334,13.0,48.0,5.01708984375,0.00031215327390997474,2.625683694280137,396.6666666666667,3677.0,1475.7122361139577
0.0,20,0,0,0,1,1,249100.0,893.3333333333334,-10.0,-3.3333333333333712,0.6698900125489038,321.0,16,10,,,,,,,90,53.333333333333336,321.0,156.0,,,,,250.0,219.0,383.09333333333336,10.0,45.0,4.28466796875,0.0002783013423347057,2.7642872572884696,,3734.0,1785.286364725617
0.0,20,0,0,1,1,1,249990.0,890.0,-3.3333333333333712,-3.3333333333333712,0.5573443647180493,335.0,16,9,,,,,,,90,53.333333333333336,335.0,119.0,143.33333333333334,103.33333333333333,21.0,3.665472550502802,170.0,182.0,380.27333333333337,7.0,36.0,5.09033203125,0.0002344788401284326,2.7170399400569254,380.0,3768.0,1578.9473684210527
0.0,20,0,0,1,1,1,250876.66666666666,886.6666666666666,-3.3333333333333712,3.3333333333333712,0.4374324454480271,334.0,16,9,,,,,,,90,53.333333333333336,334.0,177.0,163.33333333333334,116.66666666666667,20.0,3.5686340706507735,250.0,218.0,380.7866666666667,4.0,45.0,5.48095703125,0.0003149223649890469,2.573667246767622,356.6666666666667,3906.0,1460.6301415859868
0.0,20,0,0,1,1,1,251766.66666666666,890.0,3.3333333333333712,-13.333333333333371,0.23762982375116803,357.0,16,9,,,,,,,90,53.333333333333336,357.0,182.0,140.0,103.33333333333333,17.0,3.9413343321044323,190.0,195.0,380.27333333333337,5.0,35.0,4.87060546875,0.00036481037773131175,2.6321040387041768,383.3333333333333,3897.0,1695.2868103763244
0.0,20,0,0,1,1,1,252643.33333333334,876.6666666666666,-13.333333333333371,16.666666666666742,0.0393376292522104,309.0,15,9,,,,,,,90,50.0,309.0,128.0,150.0,103.33333333333333,18.0,4.138782989708158,190.0,195.0,385.6600000000001,3.0,46.0,5.322265625,0.0003285143296011884,2.693954598029551,360.0,3847.0,1591.1542610571737
0.0,20,0,0,1,1,1,253536.66666666666,893.3333333333334,16.666666666666742,-6.6666666666667425,0.0,323.0,15,9,,,,,,,90,50.0,323.0,155.0,143.33333333333334,103.33333333333333,25.0,3.5794610429436773,186.66666666666666,193.0,376.4266666666666,13.0,31.0,5.04150390625,0.0003300889603977389,2.6823744969466166,380.0,3833.0,1450.219977187551
0.0,20,0,0,0,1,1,254423.33333333334,886.6666666666666,-6.6666666666667425,26.666666666666742,0.0,359.0,16,9,,,,,,,90,53.333333333333336,359.0,126.0,,,,,186.66666666666666,190.0,384.12,-2.0,48.0,3.7353515625,0.0005886340451739955,2.704844842711463,,3849.0,1399.8545144864536
0.0,20,0,0,0,1,1,255336.66666666666,913.3333333333334,26.666666666666742,-10.0,0.0008051011207007601,322.0,16,10,,,,,,,90,53.333333333333336,322.0,191.0,,,,,183.33333333333334,190.0,376.68,9.0,49.0,6.21337890625,0.00039699502659598505,2.815498020250203,,3778.0,1978.3758914193695
0.0,20,0,0,0,1,1,256240.0,903.3333333333334,-10.0,-6.6666666666667425,0.03911179716100501,303.0,16,9,,,,,,,90,53.333333333333336,303.0,125.0,,,,,170.0,189.0,381.55333333333334,-1.0,48.0,3.77197265625,0.0004927934388215256,2.78697059674768,,3665.0,1790.7346290184576
0.0,20,0,0,0,1,1,257136.66666666666,896.6666666666666,-6.6666666666667425,16.666666666666742,0.03954194609641908,333.0,16,9,,,,,,,90,53.333333333333336,333.0,156.0,,,,,163.33333333333334,184.0,375.9133333333333,-2.0,51.0,3.7109375,0.0005314463836576014,2.724686613959087,,3701.0,1471.091344509066
0.0,20,0,0,0,1,1,258050.0,913.3333333333334,16.666666666666742,6.666666666666629,0.04061156235069279,317.0,16,9,,,,,,,90,53.333333333333336,317.0,153.0,,,,,190.0,194.0,380.0133333333334,9.0,60.0,6.40869140625,0.00027575663645536914,2.7955142992166757,,3804.0,1709.205620877545
0.0,20,0,0,0,1,1,258970.0,920.0,6.666666666666629,-16.66666666666663,0.07975895072669266,364.0,16,9,,,,,,,90,53.333333333333336,364.0,157.0,,,,,186.66666666666666,194.0,375.65333333333336,-1.0,47.0,6.14013671875,0.0002732636925649987,2.798327370746881,,3642.0,1428.5714285714287
0.0,20,0,0,0,1,1,259873.33333333334,903.3333333333334,-16.66666666666663,-6.6666666666667425,0.1530057474240149,290.0,15,9,,,,,,,90,50.0,290.0,145.0,,,,,186.66666666666666,204.0,371.55333333333334,8.0,44.0,3.74755859375,0.0007029756963625378,2.7680847231300927,,3629.0,1670.593274791176
0.0,20,0,0,0,1,1,260770.0,896.6666666666666,-6.6666666666667425,26.666666666666742,0.03954194609641908,305.0,16,9,,,,,,,90,53.333333333333336,305.0,157.0,,,,,200.0,205.0,385.91333333333336,18.0,60.0,3.80859375,0.0004521601909766135,2.788048242463238,,3540.0,1814.4791772731903
0.0,20,0,0,1,1,1,261693.33333333334,923.3333333333334,26.666666666666742,23.333333333333258,0.03901025412394114,306.0,16,9,,,,,,,90,53.333333333333336,306.0,219.0,136.66666666666666,86.66666666666667,19.0,3.4255732371228707,170.0,178.0,375.14000000000004,9.0,30.0,4.99267578125,0.0002982619060428345,2.6429022096210346,413.3333333333333,3472.0,1367.8051865907653
0.0,20,0,0,0,1,1,262640.0,946.6666666666666,23.333333333333258,-13.333333333333258,0.0038660192373117254,308.0,16,10,,,,,,,90,53.333333333333336,308.0,131.0,,,,,170.0,179.0,374.88000000000005,9.0,50.0,5.7373046875,0.00036186520457881705,2.7265556156765025,,3465.0,1435.7030252984011
0.0,20,0,0,1,1,1,263573.3333333333,933.3333333333334,-13.333333333333258,-16.666666666666742,0.19019442096365172,324.0,16,10,,,,,,,90,53.333333333333336,324.0,117.0,130.0,86.66666666666667,19.0,3.095579597761544,186.66666666666666,203.0,373.59999999999997,7.0,48.0,5.04150390625,0.0002580780623718094,2.561176351494461,433.3333333333333,3624.0,1096.866096866097
0.0,20,0,0,1,1,1,264490.0,916.6666666666666,-16.666666666666742,6.6666666666667425,0.26718726075639254,328.0,16,9,,,,,,,90,53.333333333333336,328.0,165.0,143.33333333333334,103.33333333333333,24.0,4.253646534349041,166.66666666666666,179.0,376.1666666666667,-7.0,46.0,4.89501953125,0.0003093018735547812,2.6122756096367237,410.0,3742.0,1316.1808447352767
0.0,20,0,0,0,1,1,265413.3333333333,923.3333333333334,6.6666666666667425,3.3333333333332575,0.23295312889553726,301.0,16,9,,,,,,,90,53.333333333333336,301.0,170.0,,,,,250.0,214.0,375.14000000000004,0.0,51.0,4.2724609375,0.00039089094070425984,2.6243484379454403,,3714.0,2029.1642628364534
0.0,20,0,0,1,1,1,266340.0,926.6666666666666,3.3333333333332575,-43.33333333333326,0.19415823509390762,334.0,16,10,,,,,,,90,53.333333333333336,334.0,127.0,146.66666666666666,103.33333333333333,19.0,2.9318609344427866,250.0,215.0,377.96000000000004,9.0,38.0,5.0048828125,0.0003305930636756336,2.6098308361346367,410.0,3610.0,1234.1171315904776
0.0,20,0,0,0,1,1,267223.3333333333,883.3333333333334,-43.33333333333326,-10.0,0.23454618399530908,320.0,15,9,,,,,,,90,50.0,320.0,132.0,,,,,190.0,198.0,381.29999999999995,4.0,46.0,4.248046875,0.00039988513937828116,2.717275254361904,,3682.0,1729.8387096774197
0.0,20,0,0,1,1,1,268096.6666666667,873.3333333333334,-10.0,16.66666666666663,0.40683065707599564,318.0,16,9,,,,,,,90,53.333333333333336,318.0,133.0,140.0,93.33333333333333,17.0,3.2724493763699236,250.0,219.0,386.17333333333335,25.0,41.0,5.078125,0.0002496710161214462,2.6889626380473084,366.6666666666667,3708.0,1320.754716981132
0.0,20,0,0,0,1,1,268986.6666666667,890.0,16.66666666666663,16.66666666666663,0.5330571755600371,340.0,16,10,,,,,,,90,53.333333333333336,340.0,142.0,,,,,190.0,192.0,383.6066666666667,-1.0,46.0,4.50439453125,0.0003391558735186376,2.5280585648916314,,3728.0,1314.9905123339659
0.0,20,0,0,0,1,1,269893.3333333333,906.6666666666666,16.66666666666663,-6.666666666666629,0.5992940043857303,313.0,16,9,,,,,,,90,53.333333333333336,313.0,127.0,,,,,233.33333333333334,210.0,381.04,9.0,50.0,3.77197265625,0.0004367589703512486,2.788433387318653,,3814.0,2047.0950183410248
0.0,20,0,0,0,1,1,270793.3333333333,900.0,-6.666666666666629,-3.3333333333333712,0.47039480595885946,353.0,15,10,,,,,,,90,50.0,353.0,133.0,,,,,166.66666666666666,180.0,378.73333333333335,-15.0,46.0,3.7353515625,0.000665750830038918,2.6817476378421286,,3691.0,1393.1222433391904
0.0,20,0,0,1,1,1,271690.0,896.6666666666666,-3.3333333333333712,-6.666666666666629,0.3563756045421354,319.0,16,9,,,,,,,90,53.333333333333336,319.0,164.0,140.0,93.33333333333333,20.0,2.4436970718349773,246.66666666666666,224.0,375.9133333333333,9.0,41.0,5.1025390625,0.00032825996831392683,2.6422342452856284,393.3333333333333,3749.0,1601.934009882578
0.0,20,0,0,1,1,1,272580.0,890.0,-6.666666666666629,16.66666666666663,0.3170944165887652,335.0,16,9,,,,,,,90,53.333333333333336,335.0,138.0,146.66666666666666,93.33333333333333,10.0,2.0351155986581535,163.33333333333334,177.0,376.94,7.0,40.0,5.0537109375,0.00032018651674083445,2.535409709421132,380.0,3646.0,1115.4752553024352
0.0,20,0,0,1,1,1,273486.6666666667,906.6666666666666,16.66666666666663,3.3333333333333712,0.23747125207252498,331.0,16,9,,,,,,,90,53.333333333333336,331.0,145.0,140.0,100.0,21.0,4.358987527964118,226.66666666666666,205.0,381.04,20.0,42.0,5.13916015625,0.00030746179854784425,2.5001041985746113,403.3333333333333,3687.0,1183.4910489126366
0.0,20,0,0,1,1,1,274396.6666666667,910.0,3.3333333333333712,-36.66666666666663,0.07956347747539572,306.0,16,10,,,,,,,90,53.333333333333336,306.0,177.0,140.0,93.33333333333333,12.0,3.17421593427882,186.66666666666666,188.0,380.5266666666667,9.0,39.0,4.99267578125,0.00027100477612170747,2.606515143023614,396.6666666666667,3799.0,1384.083044982699
0.0,20,0,0,1,1,1,275270.0,873.3333333333334,-36.66666666666663,-3.3333333333333712,0.11783436154724372,334.0,16,9,,,,,,,90,53.333333333333336,334.0,176.0,160.0,120.0,26.0,3.24305908431581,166.66666666666666,185.0,382.84000000000003,-9.0,41.0,5.3955078125,0.00038846698017394577,2.712841582070575,346.6666666666667,3926.0,1217.7567941040993
0.0,20,0,0,1,1,1,276140.0,870.0,-3.3333333333333712,26.66666666666663,0.12596381403160545,345.0,16,9,,,,,,,90,53.333333333333336,345.0,166.0,143.33333333333334,93.33333333333333,15.0,2.819813778935158,176.66666666666666,192.0,376.68666666666667,4.0,40.0,5.48095703125,0.000300175952965968,2.622014901906934,360.0,3942.0,1570.048309178744
0.0,20,0,0,1,1,1,277036.6666666667,896.6666666666666,26.66666666666663,6.6666666666667425,0.2855392425004923,309.0,16,9,,,,,,,90,53.333333333333336,309.0,163.0,143.33333333333334,100.0,22.0,4.1200192775576525,170.0,176.0,379.24666666666667,-3.0,52.0,5.126953125,0.00028147441657710184,2.6159494651958393,393.3333333333333,3731.0,1768.964949810762
0.0,20,0,0,0,1,1,277940.0,903.3333333333334,6.6666666666667425,-20.0,0.1991206830635912,324.0,16,9,,,,,,,90,53.333333333333336,324.0,133.0,,,,,190.0,193.0,381.55333333333334,22.0,49.0,3.79638671875,0.0005140373155266574,2.7849698304667343,,3673.0,1397.5155279503106
0.0,20,0,0,1,1,1,278823.3333333333,883.3333333333334,-20.0,-3.3333333333333712,0.19776812083368492,331.0,16,10,,,,,,,90,53.333333333333336,331.0,160.0,136.66666666666666,93.33333333333333,17.0,3.8128166519261377,176.66666666666666,192.0,387.96666666666664,-1.0,35.0,4.96826171875,0.0003575751165582802,2.6194482203244904,373.3333333333333,3845.0,1246.2235649546828
0.0,20,0,0,1,1,1,279703.3333333333,880.0,-3.3333333333333712,0.0,0.2029802788350603,363.0,16,9,,,,,,,90,53.333333333333336,363.0,142.0,146.66666666666666,103.33333333333333,20.0,3.925648530027189,176.66666666666666,198.0,385.1466666666667,5.0,30.0,4.98046875,0.00038101453037336734,2.630813246415203,363.3333333333333,4143.0,1304.1170672530138
0.0,20,0,0,1,1,1,280583.3333333333,880.0,0.0,10.0,0.24269480519480516,360.0,16,9,,,,,,,90,53.333333333333336,360.0,169.0,143.33333333333334,96.66666666666667,18.0,3.7295756215616063,190.0,197.0,385.1466666666667,11.0,23.0,4.8828125,0.0004330691271345637,2.4668413269493805,366.6666666666667,4049.0,1606.060606060606
0.0,20,0,0,0,1,1,281473.3333333333,890.0,10.0,-23.33333333333337,0.19962995423118124,315.0,16,9,,,,,,,90,53.333333333333336,315.0,123.0,,,,,190.0,192.0,383.6066666666667,-2.0,45.0,4.26025390625,0.0004257442066980235,2.5453454120335475,,3856.0,1556.7765567765568
0.0,20,0,0,1,1,1,282340.0,866.6666666666666,-23.33333333333337,0.0,0.041755441590561125,336.0,16,10,,,,,,,90,53.333333333333336,336.0,116.0,153.33333333333334,110.0,17.0,4.676901847092118,173.33333333333334,188.0,383.8666666666667,-2.0,33.0,5.224609375,0.00044627821253214383,2.706770905072373,340.0,3681.0,1216.7366946778711
0.0,20,0,0,1,1,1,283206.6666666667,866.6666666666666,0.0,-3.3333333333332575,0.12445054945054945,346.0,16,9,,,,,,,90,53.333333333333336,346.0,124.0,140.0,93.33333333333333,16.0,3.258944524504244,193.33333333333334,198.0,387.20000000000005,20.0,34.0,4.98046875,0.0004158053087178369,2.547313282685699,363.3333333333333,3706.0,970.4618974386171
0.0,20,0,0,1,1,1,284070.0,863.3333333333334,-3.3333333333332575,20.0,0.1640236062114668,317.0,16,9,,,,,,,90,53.333333333333336,317.0,148.0,136.66666666666666,93.33333333333333,23.0,3.2904012123049338,183.33333333333334,195.0,377.71333333333337,5.0,32.0,5.2734375,0.00037340545165543695,2.55958581099245,356.6666666666667,3765.0,1149.798048291518
0.0,20,0,0,1,1,1,284953.3333333333,883.3333333333334,20.0,-13.333333333333371,0.12156529793146031,349.0,16,9,,,,,,,90,53.333333333333336,349.0,161.0,146.66666666666666,103.33333333333333,20.0,4.161418671363254,246.66666666666666,217.0,384.6333333333333,7.0,49.0,4.9072265625,0.000416014786014262,2.5141645831545816,376.6666666666667,3669.0,1300.8088850571796
0.0,20,0,0,1,1,1,285823.3333333333,870.0,-13.333333333333371,-20.0,0.0,317.0,16,10,,,,,,,90,53.333333333333336,317.0,143.0,143.33333333333334,93.33333333333333,15.0,3.541823473833807,176.66666666666666,198.0,390.02,0.0,35.0,5.2978515625,0.00037412539293468793,2.638865385262372,353.3333333333333,3785.0,1294.5657996547825
0.0,20,0,0,1,1,1,286673.3333333333,850.0,-20.0,-10.0,0.0024641871467998423,348.0,16,9,,,,,,,90,53.333333333333336,348.0,141.0,140.0,100.0,22.0,2.9538879407514997,186.66666666666666,194.0,389.7666666666667,8.0,29.0,5.38330078125,0.0003800858537249063,2.672386291368976,340.0,3914.0,1233.9418526031102
0.0,20,0,0,1,1,1,287513.3333333333,840.0,-10.0,23.33333333333337,0.12776115388494771,349.0,16,9,,,,,,,90,53.333333333333336,349.0,166.0,156.66666666666666,116.66666666666667,20.0,4.4593054666302905,186.66666666666666,193.0,387.97333333333336,3.0,30.0,5.62744140625,0.00029237888568575286,2.682900616288043,313.3333333333333,4022.0,1408.278973358532
0.0,20,0,0,1,1,1,288376.6666666667,863.3333333333334,23.33333333333337,16.66666666666663,0.21076726081881952,353.0,16,9,,,,,,,90,53.333333333333336,353.0,165.0,146.66666666666666,93.33333333333333,14.0,1.588427652548802,170.0,183.0,384.38,7.0,29.0,5.33447265625,0.0003654856872614223,2.537495439993095,350.0,4027.0,1205.9894779441522
0.0,20,0,0,0,1,1,289256.6666666667,880.0,16.66666666666663,6.666666666666629,0.12570987484148424,324.0,16,10,,,,,,,90,53.333333333333336,324.0,150.0,,,,,173.33333333333334,192.0,388.48,3.0,45.0,4.19921875,0.00033195498964500557,2.6757295004006196,,3850.0,1640.0387315419996
0.0,20,0,0,1,1,1,290143.3333333333,886.6666666666666,6.666666666666629,-10.0,0.2045144675049235,309.0,16,9,,,,,,,90,53.333333333333336,309.0,128.0,146.66666666666666,100.0,15.0,1.6841090471249593,226.66666666666666,216.0,377.4533333333333,15.0,38.0,5.28564453125,0.00020705351778679511,2.6575204278371807,370.0,3739.0,1504.417038397621
0.0,20,0,0,0,1,1,291020.0,876.6666666666666,-10.0,6.6666666666667425,0.2828242675576661,310.0,16,9,,,,,,,90,53.333333333333336,310.0,134.0,,,,,170.0,183.0,385.6600000000001,4.0,52.0,4.38232421875,0.00037178529103626656,2.662562299154894,,3678.0,1621.2819438625888
0.0,20,0,0,1,1,1,291903.3333333333,883.3333333333334,6.6666666666667425,-10.0,0.32586027111574556,329.0,16,9,,,,,,,90,53.333333333333336,329.0,195.0,143.33333333333334,103.33333333333333,20.0,3.841122045781166,250.0,215.0,384.6333333333333,-4.0,42.0,5.126953125,0.00027861386224685495,2.572158879736871,370.0,3780.0,1708.6995810400065
0.0,20,0,0,0,1,1,292776.6666666667,873.3333333333334,-10.0,20.0,0.32352338534870423,310.0,16,10,,,,,,,90,53.333333333333336,310.0,164.0,,,,,183.33333333333334,183.0,382.84000000000003,-2.0,45.0,4.13818359375,0.0006423849432832502,2.7080566719644588,,3670.0,1883.8709677419356
0.0,20,0,0,0,1,1,293670.0,893.3333333333334,20.0,3.3333333333332575,0.3261864794750496,338.0,17,10,,,,,,,90,56.666666666666664,338.0,116.0,,,,,203.33333333333334,201.0,406.4266666666667,13.0,45.0,6.28662109375,0.0006590875911366417,2.7903896122801903,,3548.0,1219.0098119991014
0.0,20,0,0,0,1,1,294566.6666666667,896.6666666666666,3.3333333333332575,16.666666666666742,0.2758322939652691,341.0,15,9,,,,,,,90,50.0,341.0,160.0,,,,,200.0,191.0,389.2466666666666,5.0,47.0,6.75048828125,0.00041767700534952565,2.798602434588152,,3658.0,1423.830838092298
0.0,20,0,0,0,1,1,295480.0,913.3333333333334,16.666666666666742,-23.33333333333337,0.08042681955725434,329.0,16,11,,,,,,,90,53.333333333333336,329.0,136.0,,,,,183.33333333333334,192.0,396.67999999999995,3.0,46.0,6.1767578125,0.0005157991665334777,2.851856272356347,,3851.0,1565.6362906463269
0.0,20,0,0,1,1,1,296370.0,890.0,-23.33333333333337,20.0,0.11658720305474121,349.0,16,11,,,,,,,90,53.333333333333336,349.0,158.0,183.33333333333334,150.0,24.0,2.9900722750229978,196.66666666666666,192.0,390.2733333333333,0.0,23.0,5.9814453125,0.000290403544490013,2.7787617673432274,320.0,3923.0,1289.3982808022922
0.0,20,0,0,0,1,1,297280.0,910.0,20.0,-13.333333333333371,0.08182518290335002,338.0,16,11,,,,,,,90,53.333333333333336,338.0,153.0,,,,,183.33333333333334,192.0,377.1933333333333,28.0,52.0,3.7353515625,0.0006114349290710741,2.776838779396435,,3913.0,1736.3165680473371
0.0,20,0,0,1,1,1,298176.6666666667,896.6666666666666,-13.333333333333371,3.3333333333333712,0.15546156906262432,356.0,16,10,,,,,,,90,53.333333333333336,356.0,141.0,160.0,116.66666666666667,20.0,3.9895359711326037,246.66666666666666,213.0,379.24666666666667,25.0,36.0,4.8828125,0.0005177531252646291,2.429974691788481,373.3333333333333,3823.0,1248.996789727127
0.0,20,0,0,0,0,1,299076.6666666667,900.0,3.3333333333333712,3.3333333333333712,0.07965419458988711,332.0,16,11,,,,,,,90,53.333333333333336,332.0,148.0,,,,,,,,3.0,47.0,3.759765625,0.0006566698752286899,2.7165778547879547,,4793.0,1579.904523755399
0.0,20,0,0,0,1,0,299980.0,903.3333333333334,3.3333333333333712,-26.666666666666742,0.07777201688763795,405.0,17,11,,,,,,,90,56.666666666666664,405.0,418.0,,,,,186.66666666666666,204.0,401.55333333333334,12.0,,,,,,4997.0,
0.0,20,0,0,1,1,1,300856.6666666667,876.6666666666666,-26.666666666666742,20.0,0.0015823786315589596,358.0,16,10,,,,,,,90,53.333333333333336,358.0,172.0,146.66666666666666,100.0,19.0,2.745343779460832,173.33333333333334,178.0,382.3266666666667,16.0,34.0,5.3466796875,0.0007550213759261451,2.7023701675287777,343.3333333333333,4264.0,1635.2985843683896
0.0,20,0,0,1,1,1,301753.3333333333,896.6666666666666,20.0,20.0,0.08144029883160318,324.0,15,9,,,,,,,90,50.0,324.0,124.0,150.0,100.0,11.0,3.5830042124806685,193.33333333333334,180.0,382.58000000000004,-9.0,36.0,4.8828125,0.00029953576382261374,2.589772409195236,383.3333333333333,3760.0,1642.512077294686
0.0,20,0,0,0,1,1,302670.0,916.6666666666666,20.0,-36.66666666666663,0.07962459656871072,340.0,16,10,,,,,,,90,53.333333333333336,340.0,148.0,,,,,203.33333333333334,196.0,372.83333333333337,26.0,45.0,3.80859375,0.00039552058621942013,2.8193777411711696,,3709.0,1537.3511367737278
0.0,20,0,0,1,1,1,303550.0,880.0,-36.66666666666663,30.0,0.07954415480436297,347.0,16,10,,,,,,,90,53.333333333333336,347.0,155.0,143.33333333333334,96.66666666666667,21.0,2.889332905980723,170.0,183.0,381.81333333333333,6.0,44.0,4.931640625,0.00045184724215456616,2.517041796954612,373.3333333333333,3710.0,1273.672293124743
0.0,20,0,0,1,1,1,304460.0,910.0,30.0,16.66666666666663,0.1622270529833555,342.0,16,10,,,,,,,90,53.333333333333336,342.0,166.0,150.0,103.33333333333333,21.0,2.6400633856695137,246.66666666666666,207.0,377.1933333333333,19.0,40.0,5.029296875,0.0003355455997408416,2.677995593948949,393.3333333333333,3771.0,1189.4142134998513
0.0,20,0,0,1,1,1,305386.6666666667,926.6666666666666,16.66666666666663,-3.3333333333332575,0.15928231417063346,353.0,16,10,,,,,,,90,53.333333333333336,353.0,157.0,140.0,96.66666666666667,20.0,4.01804366593046,186.66666666666666,175.0,374.62666666666667,-3.0,32.0,4.69970703125,0.000439600532245743,2.6347807798243403,420.0,3656.0,1025.2259544044246
0.0,20,0,0,1,1,1,306310.0,923.3333333333334,-3.3333333333332575,0.0,0.27134531775153403,329.0,16,10,,,,,,,90,53.333333333333336,329.0,130.0,146.66666666666666,100.0,12.0,3.461674721511816,246.66666666666666,197.0,375.14000000000004,4.0,27.0,4.84619140625,0.00036686134811648275,2.6793747980567852,410.0,3726.0,1149.0844391726591
0.0,20,0,0,1,1,1,307233.3333333333,923.3333333333334,0.0,-26.666666666666742,0.3496647756575555,322.0,16,10,,,,,,,90,53.333333333333336,322.0,139.0,143.33333333333334,103.33333333333333,18.0,3.3969207119940705,186.66666666666666,169.0,378.47333333333336,0.0,45.0,4.8095703125,0.0003002459661224847,2.68535212950391,413.3333333333333,3763.0,1870.8675616108999
0.0,20,0,0,1,1,1,308130.0,896.6666666666666,-26.666666666666742,-6.666666666666629,0.42262678803641096,320.0,15,9,,,,,,,90,50.0,320.0,155.0,143.33333333333334,100.0,15.0,3.5341582971663232,190.0,171.0,382.58000000000004,-5.0,34.0,4.931640625,0.0003583930544872926,2.704653690236875,386.6666666666667,3687.0,1713.362068965517
0.0,20,0,0,1,1,1,309020.0,890.0,-6.666666666666629,-13.333333333333371,0.28044531316393306,315.0,16,9,,,,,,,90,53.333333333333336,315.0,140.0,140.0,93.33333333333333,18.0,3.691179891486051,170.0,173.0,380.27333333333337,-2.0,36.0,5.0048828125,0.0003473196410647233,2.711045222478029,380.0,3651.0,1403.5087719298247
0.0,20,0,0,1,1,1,309896.6666666667,876.6666666666666,-13.333333333333371,-26.66666666666663,0.3636723683928839,330.0,16,10,,,,,,,90,53.333333333333336,330.0,163.0,140.0,100.0,22.0,3.4725203978178154,186.66666666666666,196.0,378.99333333333334,15.0,39.0,4.8583984375,0.0004324303046227474,2.5380566918861502,366.6666666666667,3769.0,1347.107438016529
0.0,20,0,0,1,1,1,310746.6666666667,850.0,-26.66666666666663,30.0,0.4907928777963781,357.0,16,10,,,,,,,90,53.333333333333336,357.0,187.0,170.0,116.66666666666667,12.0,2.6542349689163522,183.33333333333334,193.0,383.1,-9.0,35.0,5.5908203125,0.00028493874284204584,2.698798803883818,316.6666666666667,3826.0,1415.3029632905793
0.0,20,0,0,1,1,1,311626.6666666667,880.0,30.0,6.666666666666629,0.5894998488461926,313.0,16,10,,,,,,,90,53.333333333333336,313.0,157.0,143.33333333333334,76.66666666666667,7.0,1.4410268396838344,250.0,222.0,381.81333333333333,8.0,33.0,5.126953125,0.00038796043408046885,2.6075626925863054,373.3333333333333,3801.0,1446.2574167047012
0.0,20,0,0,1,1,1,312513.3333333333,886.6666666666666,6.666666666666629,20.0,0.6476291470989244,315.0,15,10,,,,,,,90,50.0,315.0,129.0,146.66666666666666,93.33333333333333,16.0,2.884104196555219,180.0,199.0,377.4533333333333,7.0,36.0,4.84619140625,0.0006038149069102518,2.4489528863062637,373.3333333333333,3775.0,1292.5170068027212
0.0,20,0,0,1,1,1,313420.0,906.6666666666666,20.0,-20.0,0.5612398273603745,353.0,16,10,,,,,,,90,53.333333333333336,353.0,164.0,133.33333333333334,93.33333333333333,22.0,3.7462265156535928,206.66666666666666,224.0,377.7066666666667,15.0,34.0,4.77294921875,0.0005737954481926824,2.4324584812592542,410.0,3961.0,1409.5211773647482
0.0,20,0,0,0,1,1,314306.6666666667,886.6666666666666,-20.0,46.66666666666674,0.43033691334412244,317.0,16,10,,,,,,,90,53.333333333333336,317.0,182.0,,,,,183.33333333333334,220.0,377.4533333333333,-2.0,50.0,4.43115234375,0.0006399547764053858,2.5537612854954093,,4120.0,2487.2603736957053
0.0,20,0,0,1,1,1,315240.0,933.3333333333334,46.66666666666674,6.666666666666629,0.2856820961823215,358.0,16,10,,,,,,,90,53.333333333333336,358.0,183.0,140.0,100.0,25.0,3.6930212097927235,173.33333333333334,190.0,380.26666666666665,6.0,41.0,4.94384765625,0.00037776443182220267,2.488062721363191,430.0,4011.0,1624.0093542938807
0.0,20,0,0,1,1,1,316180.0,940.0,6.666666666666629,-36.66666666666663,0.46217887240598277,374.0,16,10,,,,,,,90,53.333333333333336,374.0,156.0,143.33333333333334,103.33333333333333,21.0,4.241331048424353,170.0,201.0,375.9066666666667,-6.0,33.0,5.04150390625,0.00027207206119226945,2.5768767731013194,423.3333333333333,4072.0,1029.5170322960969
0.0,20,0,0,1,1,1,317083.3333333333,903.3333333333334,-36.66666666666663,6.666666666666629,0.6083773561948025,375.0,15,8,,,,,,,90,50.0,375.0,162.0,136.66666666666666,86.66666666666667,21.0,3.0675349272620025,186.66666666666666,205.0,374.88666666666666,-11.0,29.0,4.6630859375,0.0007430369314867704,2.5879802505231906,403.3333333333333,4222.0,978.5123966942149
0.0,20,0,0,1,1,1,317993.3333333333,910.0,6.666666666666629,0.0,0.6277407657277786,383.0,15,8,,,,,,,90,50.0,383.0,185.0,150.0,93.33333333333333,22.0,3.551743306268989,186.66666666666666,187.0,373.85999999999996,0.0,36.0,4.89501953125,0.0004435361283538628,2.3565695543691105,396.6666666666667,4080.0,1237.46626587972
0.0,20,0,0,1,1,1,318903.3333333333,910.0,0.0,-43.33333333333337,0.39010989010989006,322.0,16,9,,,,,,,90,53.333333333333336,322.0,172.0,136.66666666666666,96.66666666666667,24.0,2.0333887697406468,183.33333333333334,188.0,373.85999999999996,5.0,36.0,4.7119140625,0.0002961764490875529,2.759529927979644,406.6666666666667,4118.0,1389.878831076265
0.0,20,0,0,1,1,1,319770.0,866.6666666666666,-43.33333333333337,3.3333333333333712,0.2781298777485622,379.0,15,10,,,,,,,90,50.0,379.0,168.0,146.66666666666666,93.33333333333333,12.0,3.628004290147686,166.66666666666666,172.0,383.8666666666667,-7.0,63.0,5.3955078125,0.00023331660798906975,2.744745585570757,353.3333333333333,3993.0,1769.8013640663119
0.0,20,0,0,0,1,1,320640.0,870.0,3.3333333333333712,-26.66666666666663,0.45573417429428514,329.0,15,10,,,,,,,90,50.0,329.0,163.0,,,,,183.33333333333334,183.0,383.3533333333333,50.0,53.0,4.13818359375,0.0004989689898556645,2.6960971119887542,,3993.0,2113.5691137100184
0.0,20,0,0,1,1,1,321483.3333333333,843.3333333333334,-26.66666666666663,-56.66666666666674,0.5775297390847153,343.0,15,10,,,,,,,90,50.0,343.0,174.0,140.0,93.33333333333333,18.0,3.386100616617199,183.33333333333334,181.0,384.12666666666667,23.0,35.0,5.45654296875,0.00034463426822953344,2.6235814380554396,336.6666666666667,3892.0,1576.0759749444333
0.0,20,0,0,1,1,1,322270.0,786.6666666666666,-56.66666666666674,10.0,0.7234453981069985,351.0,15,10,,,,,,,90,50.0,351.0,161.0,153.33333333333334,116.66666666666667,37.0,4.812891118263021,190.0,194.0,396.18666666666667,-8.0,44.0,5.57861328125,0.00029417527051493124,2.8682943381468564,270.0,4042.0,1435.0532869051387
0.0,20,0,0,1,1,1,323066.6666666667,796.6666666666666,10.0,6.6666666666667425,0.9086672879776329,379.0,15,10,,,,,,,90,50.0,379.0,157.0,166.66666666666666,123.33333333333333,15.0,4.2953158656508705,190.0,197.0,394.6466666666667,39.0,29.0,5.40771484375,0.0002859367084517009,2.8345122252190613,263.3333333333333,4015.0,1392.739053471828
0.0,20,0,0,1,1,1,323870.0,803.3333333333334,6.6666666666667425,3.3333333333332575,0.9412650602409639,340.0,15,9,,,,,,,90,50.0,340.0,175.0,140.0,93.33333333333333,18.0,3.4902915058379254,250.0,208.0,393.62,13.0,36.0,5.50537109375,0.00029300156532969976,2.7560064681195415,300.0,4086.0,960.7843137254903
0.0,20,0,0,1,1,1,324676.6666666667,806.6666666666666,3.3333333333332575,-36.66666666666663,0.9317543298125822,353.0,15,9,,,,,,,90,50.0,353.0,198.0,166.66666666666666,116.66666666666667,19.0,4.539289716937997,183.33333333333334,192.0,389.7733333333333,0.0,43.0,5.40771484375,0.00010236666356697858,2.9458483660096304,273.3333333333333,4220.0,1689.3525875768676
0.0,20,0,0,0,1,1,325446.6666666667,770.0,-36.66666666666663,-40.0,0.8401971095328694,294.0,15,10,,,,,,,90,50.0,294.0,237.0,,,,,170.0,195.0,378.75333333333333,0.0,59.0,5.33447265625,0.0009537388014144875,2.526232178607393,,4264.0,2791.364479676168
0.0,20,0,0,1,1,1,326176.6666666667,730.0,-40.0,20.0,0.791174504123022,318.0,15,10,,,,,,,90,50.0,318.0,156.0,146.66666666666666,103.33333333333333,22.0,4.844062777121074,223.33333333333334,209.0,401.58,23.0,63.0,7.18994140625,0.00034227109285393396,2.947079278402943,236.66666666666666,4070.0,1926.6542652139253
0.0,20,0,0,1,1,1,326926.6666666667,750.0,20.0,13.333333333333371,0.9280629009544674,293.0,16,9,,,,,,,90,53.333333333333336,293.0,219.0,170.0,130.0,25.0,4.673922623465305,166.66666666666666,178.0,398.49999999999994,-5.0,35.0,6.7138671875,0.00019513334623136495,2.9277556962880773,220.0,4037.0,2621.7809494260005
0.0,20,0,0,1,1,1,327690.0,763.3333333333334,13.333333333333371,-33.33333333333337,0.8539820762141717,348.0,15,9,,,,,,,90,50.0,348.0,170.0,146.66666666666666,106.66666666666667,33.0,4.618360207451801,180.0,208.0,389.78000000000003,13.0,30.0,5.419921875,0.0002051997329616969,2.8073435494950205,253.33333333333334,4151.0,1451.9056261343012
0.0,20,0,0,1,1,1,328420.0,730.0,-33.33333333333337,46.66666666666663,0.7052322677322677,318.0,15,9,,,,,,,90,50.0,318.0,238.0,170.0,120.0,20.0,4.9059313379818015,193.33333333333334,226.0,391.58,7.0,39.0,6.79931640625,0.0001756604139644118,2.963298322612284,203.33333333333334,4295.0,2459.016393442623
0.0,20,0,0,1,1,1,329196.6666666667,776.6666666666666,46.66666666666663,0.0,0.8785245218116434,343.0,15,9,,,,,,,90,50.0,343.0,239.0,153.33333333333334,100.0,25.0,3.97596981689583,170.0,209.0,401.06,-10.0,59.0,6.103515625,0.00017609404406995638,2.8795130894021117,270.0,4438.0,1760.0691070078826
0.0,20,0,0,1,1,1,329973.3333333333,776.6666666666666,0.0,3.3333333333333712,0.7798896382587369,380.0,15,9,,,,,,,90,50.0,380.0,249.0,166.66666666666666,120.0,34.0,5.375371563979844,186.66666666666666,223.0,391.06,-4.0,32.0,6.494140625,0.00023320130637469866,2.896932786363088,240.0,4666.0,1765.3508771929824
0.0,20,0,0,1,1,1,330753.3333333333,780.0,3.3333333333333712,-3.3333333333333712,0.6860232720673884,381.0,14,7,,,,,,,90,46.666666666666664,381.0,260.0,170.0,116.66666666666667,28.0,4.90758560606119,250.0,257.0,373.88,-24.0,35.0,5.517578125,0.00031169308564094273,2.901550842201698,256.6666666666667,4775.0,1779.3230391655588
0.0,20,0,0,0,1,1,331530.0,776.6666666666666,-3.3333333333333712,10.0,0.5037060554626158,329.0,17,10,,,,,,,90,56.666666666666664,329.0,262.0,,,,,250.0,284.0,431.06,5.0,83.0,5.33447265625,0.0008097079151169569,2.714833508172478,,5468.0,2922.2411028408683
0.0,20,0,0,0,1,1,332316.6666666667,786.6666666666666,10.0,-20.0,0.5029360924838484,376.0,14,7,,,,,,,90,46.666666666666664,376.0,558.0,,,,,136.66666666666666,211.0,372.85333333333335,-9.0,96.0,10.1806640625,0.000552558461627095,2.6069534242491277,,5762.0,5980.690148399785
0.0,20,0,0,0,1,1,333083.3333333333,766.6666666666666,-20.0,23.33333333333337,0.36247244361539765,346.0,14,8,,,,,,,90,46.666666666666664,346.0,432.0,,,,,193.33333333333334,214.0,395.93333333333334,10.0,92.0,5.45654296875,0.0010438591690488542,2.6200507531042785,,5200.0,5126.617120836774
0.0,20,0,0,0,0,1,333873.3333333333,790.0,23.33333333333337,-16.66666666666663,0.3258885895541845,363.0,19,12,,,,,,,90,63.333333333333336,363.0,295.0,,,,,,,,22.0,70.0,5.1025390625,0.001229792192350616,2.684941177645143,,6769.0,3079.1788856304984
0.0,20,0,0,0,1,0,334646.6666666667,773.3333333333334,-16.66666666666663,-166.66666666666674,0.3102574926129168,347.0,16,11,,,,,,,90,53.333333333333336,347.0,893.0,,,,,166.66666666666666,296.0,411.5733333333333,73.0,,,,,,9379.0,
3.0,24,1,0,0,1,1,335253.3333333333,606.6666666666666,-166.66666666666674,330.0,0.006493506493506493,205.0,38,5,409.0,28.0,19.0,,,,90,220.0,409.0,1661.0,,,,,190.0,184.0,580.5733333333334,51.0,212.0,9.1796875,0.0007771780331219368,2.9740533077134823,,8404.0,16374.810017841804
0.0,20,0,0,1,1,1,336190.0,936.6666666666666,330.0,-193.33333333333326,0.4146413430031215,345.0,16,11,,,,,,,90,53.333333333333336,345.0,155.0,160.0,116.66666666666667,23.0,3.9627717539229863,196.66666666666666,197.0,383.08666666666664,34.0,25.0,6.53076171875,0.0005578324067458174,2.9396105764324387,233.33333333333334,5637.0,1590.0621118012423
0.0,20,0,0,1,1,1,336933.3333333333,743.3333333333334,-193.33333333333326,6.666666666666629,0.5000306297476109,389.0,15,9,,,,,,,90,50.0,389.0,218.0,160.0,110.0,21.0,4.529899113384634,206.66666666666666,200.0,399.52666666666664,-2.0,17.0,6.55517578125,0.0003577720300684123,2.947952820168255,213.33333333333334,4298.0,1674.9678663239074
0.0,20,0,0,1,1,1,337683.3333333333,750.0,6.666666666666629,6.666666666666629,0.7695608731297395,401.0,18,10,,,,,,,90,60.0,401.0,182.0,153.33333333333334,116.66666666666667,25.0,3.562418185331646,246.66666666666666,197.0,405.1666666666667,27.0,28.0,6.50634765625,0.00019055231961130506,2.8958194679546008,230.0,4360.0,1517.9442697603815
0.0,20,0,0,1,1,1,338440.0,756.6666666666666,6.666666666666629,10.0,0.8084277080899903,371.0,17,10,,,,,,,90,56.666666666666664,371.0,216.0,143.33333333333334,90.0,18.0,4.123080091913032,186.66666666666666,158.0,404.14000000000004,22.0,29.0,5.37109375,0.00020420567277034218,2.9276672265257586,243.33333333333334,4077.0,1539.7112579847135
0.0,20,0,0,0,1,1,339206.6666666667,766.6666666666666,10.0,0.0,0.7549923871600962,339.0,17,11,,,,,,,90,56.666666666666664,339.0,205.0,,,,,213.33333333333334,157.0,405.9333333333334,16.0,68.0,5.48095703125,0.00030229715291732196,2.7180097903094556,,3953.0,1972.4013799310037
0.0,20,0,0,1,1,1,339973.3333333333,766.6666666666666,0.0,0.0,0.7425465838509318,363.0,17,11,,,,,,,90,56.666666666666664,363.0,150.0,140.0,96.66666666666667,14.0,3.142237399897459,190.0,152.0,402.6000000000001,19.0,37.0,5.9326171875,7.316174996946839e-05,3.089286288917819,253.33333333333334,3815.0,1228.7951283166594
0.0,20,0,0,1,1,1,340740.0,766.6666666666666,0.0,6.6666666666667425,0.6055900621118013,352.0,17,10,,,,,,,90,56.666666666666664,352.0,137.0,153.33333333333334,113.33333333333333,19.0,4.3049786421066045,190.0,148.0,402.6000000000001,15.0,38.0,5.6396484375,0.0001327386612481944,2.999477937148458,246.66666666666666,3765.0,1036.5479115479116
0.0,20,0,0,1,1,1,341513.3333333333,773.3333333333334,6.6666666666667425,-10.0,0.5998956703182056,357.0,17,11,,,,,,,90,56.666666666666664,357.0,145.0,136.66666666666666,96.66666666666667,16.0,3.28869080743341,206.66666666666666,172.0,401.5733333333333,30.0,16.0,5.6884765625,0.0001710954340113615,3.0055618724429687,263.3333333333333,3882.0,904.1591320072333
0.0,20,0,0,1,1,1,342276.6666666667,763.3333333333334,-10.0,3.3333333333332575,0.31689229973268945,365.0,15,9,,,,,,,90,50.0,365.0,171.0,153.33333333333334,106.66666666666667,15.0,4.540971918199212,190.0,167.0,396.4466666666666,-7.0,33.0,6.15234375,8.009111133912735e-05,2.9567272049981925,246.66666666666666,3956.0,1366.1606812291745
0.0,20,0,0,0,1,1,343043.3333333333,766.6666666666666,3.3333333333332575,0.0,0.0,357.0,15,8,,,,,,,90,50.0,357.0,164.0,,,,,173.33333333333334,164.0,392.6000000000001,-2.0,59.0,5.37109375,0.00046866643312836457,2.6963399945554816,,4009.0,1501.5842402534784
0.0,20,0,0,1,1,1,343810.0,766.6666666666666,0.0,13.333333333333371,0.0,360.0,15,9,,,,,,,90,50.0,360.0,149.0,150.0,106.66666666666667,23.0,3.399094018516042,250.0,202.0,399.26666666666665,17.0,30.0,5.92041015625,0.00018869961446420496,2.935975022436777,253.33333333333334,4200.0,1337.719298245614
0.0,20,0,0,0,1,1,344590.0,780.0,13.333333333333371,16.66666666666663,0.0,324.0,15,8,,,,,,,90,50.0,324.0,170.0,,,,,236.66666666666666,248.0,397.2133333333333,50.0,55.0,5.224609375,0.0005097535630027272,2.7393938962646662,,5494.0,1607.4074074074074
0.0,20,0,0,0,1,1,345386.6666666667,796.6666666666666,16.66666666666663,16.666666666666742,0.00457679868188198,329.0,15,9,,,,,,,90,50.0,329.0,598.0,,,,,226.66666666666666,219.0,391.31333333333333,40.0,85.0,11.99951171875,0.000465813450012374,3.030428402875113,,5635.0,7088.240881458965
0.0,20,0,0,0,1,1,346200.0,813.3333333333334,16.666666666666742,-10.0,0.22853557985302025,348.0,15,9,,,,,,,90,50.0,348.0,200.0,,,,,206.66666666666666,197.0,385.41333333333336,6.0,48.0,4.541015625,0.0013137133398389272,2.654931377697103,,4615.0,2145.593869731801
0.0,20,0,0,0,1,1,347003.3333333333,803.3333333333334,-10.0,20.0,0.44097494700101897,336.0,15,10,,,,,,,90,50.0,336.0,180.0,,,,,250.0,225.0,393.62,-12.0,54.0,4.62646484375,0.0002696257227272929,2.9038997609741837,,4028.0,1839.82683982684
0.0,20,0,0,1,1,1,347826.6666666667,823.3333333333334,20.0,3.3333333333332575,0.5350033178500332,342.0,15,9,,,,,,,90,50.0,342.0,154.0,153.33333333333334,110.0,18.0,4.457934036322047,250.0,222.0,390.54,0.0,37.0,6.25,0.00019725766548519874,2.8422166079619546,306.6666666666667,3901.0,1449.2753623188405
0.0,20,0,0,1,1,1,348653.3333333333,826.6666666666666,3.3333333333332575,23.33333333333337,0.6072382803011902,322.0,15,8,,,,,,,90,50.0,322.0,149.0,156.66666666666666,106.66666666666667,13.0,4.332030560492864,203.33333333333334,193.0,396.6933333333333,-3.0,26.0,6.01806640625,0.00023166269337745763,2.79444732868577,306.6666666666667,4751.0,1113.9616527140156
0.0,19,1,0,0,1,1,349503.3333333333,850.0,23.33333333333337,-23.33333333333337,0.6044974611106634,-76.0,26,24,295.0,15.0,8.0,,,,58,136.66666666666666,339.0,511.0,,,,,230.0,239.0,453.1,-25.0,108.0,10.53466796875,0.0004490670008270535,2.641432449718361,,5300.0,6996.445049542395
0.0,20,0,0,0,1,1,350330.0,826.6666666666666,-23.33333333333337,3.3333333333333712,0.5851952332372955,365.0,15,9,,,,,,,90,50.0,365.0,318.0,,,,,173.33333333333334,194.0,380.0266666666667,-8.0,65.0,5.3955078125,0.00044420961413286375,2.4602148776264103,,5099.0,3563.559727943289
0.0,20,0,0,0,1,1,351160.0,830.0,3.3333333333333712,16.66666666666663,0.42853686914649747,338.0,15,9,,,,,,,90,50.0,338.0,315.0,,,,,206.66666666666666,224.0,402.8466666666667,7.0,70.0,4.8583984375,0.0005377501457138535,2.5606438711355697,,4920.0,3812.8177348112345
0.0,20,0,0,1,1,1,352006.6666666667,846.6666666666666,16.66666666666663,3.3333333333333712,0.25635143660033266,348.0,15,9,,,,,,,90,50.0,348.0,299.0,163.33333333333334,113.33333333333333,40.0,3.7164196978421025,176.66666666666666,198.0,386.94666666666666,-13.0,45.0,5.99365234375,0.00035449994059216815,2.919782728732854,303.3333333333333,4585.0,2955.6650246305417
0.0,20,0,0,0,1,1,352856.6666666667,850.0,3.3333333333333712,10.0,0.1678720460706131,332.0,15,9,,,,,,,90,50.0,332.0,189.0,,,,,210.0,208.0,383.1,6.0,56.0,4.1259765625,0.0011601122082962184,2.7320620244863054,,4015.0,2729.538845035314
0.0,20,0,0,0,1,1,353716.6666666667,860.0,10.0,40.0,0.12686090667742042,310.0,17,10,,,,,,,90,56.666666666666664,310.0,133.0,,,,,180.0,187.0,381.56,19.0,49.0,4.11376953125,0.0006518766404576351,2.733829257974259,,3592.0,1517.0008718395818
0.0,20,0,0,0,1,1,354616.6666666667,900.0,40.0,-6.666666666666629,0.17093733404142325,305.0,16,10,,,,,,,90,53.333333333333336,305.0,166.0,,,,,243.33333333333334,227.0,375.4,7.0,53.0,6.33544921875,0.0005144891130001141,2.811341759930418,,3734.0,1954.9943997556259
0.0,20,0,0,1,1,1,355510.0,893.3333333333334,-6.666666666666629,-16.666666666666742,0.40005926803970954,358.0,17,11,,,,,,,90,56.666666666666664,358.0,165.0,140.0,100.0,24.0,3.7040183589589972,250.0,232.0,383.09333333333336,14.0,44.0,5.04150390625,0.000337414316702238,2.716395402023501,386.6666666666667,3802.0,1307.551531496821
0.0,20,0,0,1,1,1,356386.6666666667,876.6666666666666,-16.666666666666742,6.6666666666667425,0.5599104143337065,331.0,16,11,,,,,,,90,53.333333333333336,331.0,126.0,136.66666666666666,93.33333333333333,16.0,3.380967408403176,183.33333333333334,189.0,382.3266666666667,10.0,37.0,5.126953125,0.00035696284668309007,2.7615417016161086,370.0,3948.0,1183.9634196129664
0.0,20,0,0,1,1,1,357270.0,883.3333333333334,6.6666666666667425,10.0,0.5694408237747655,364.0,16,11,,,,,,,90,53.333333333333336,364.0,162.0,136.66666666666666,93.33333333333333,16.0,3.120098733964813,250.0,224.0,384.6333333333333,19.0,47.0,5.1025390625,0.0004302202827121662,2.7241942293420154,380.0,3851.0,1330.2486986697513
0.0,20,0,0,1,1,1,358163.3333333333,893.3333333333334,10.0,-30.0,0.5238706061161353,352.0,16,11,,,,,,,90,53.333333333333336,352.0,145.0,136.66666666666666,103.33333333333333,20.0,2.8527356243521,246.66666666666666,219.0,383.09333333333336,23.0,42.0,5.11474609375,0.00036529514742001073,2.700538486069599,386.6666666666667,3933.0,1160.8542319749215
0.0,20,0,0,1,1,1,359026.6666666667,863.3333333333334,-30.0,-3.3333333333333712,0.439260910846304,332.0,16,11,,,,,,,90,53.333333333333336,332.0,161.0,140.0,100.0,14.0,3.5833171707691687,246.66666666666666,226.0,384.38,2.0,39.0,5.4443359375,0.0004229506224493673,2.740649461761839,353.3333333333333,3935.0,1372.471016140032
0.0,20,0,0,1,1,1,359886.6666666667,860.0,-3.3333333333333712,-10.0,0.4128835100338691,370.0,16,10,,,,,,,90,53.333333333333336,370.0,172.0,133.33333333333334,96.66666666666667,22.0,3.4573896331335003,180.0,192.0,381.56,28.0,41.0,5.01708984375,0.00032420342655026957,2.712905569571056,363.3333333333333,3981.0,1197.6196379866105
0.0,20,0,0,1,1,1,360736.6666666667,850.0,-10.0,10.0,0.3746718505964843,348.0,16,11,,,,,,,90,53.333333333333336,348.0,162.0,140.0,93.33333333333333,14.0,2.327348660209962,186.66666666666666,189.0,389.7666666666667,29.0,42.0,5.37109375,0.000385468142945128,2.650700382483534,343.3333333333333,3842.0,1255.4402410445261
0.0,20,0,0,0,1,1,361596.6666666667,860.0,10.0,26.66666666666663,0.41922908895385963,309.0,16,11,,,,,,,90,53.333333333333336,309.0,142.0,,,,,206.66666666666666,196.0,388.22666666666674,20.0,51.0,4.1015625,0.0008672340416161263,2.6461595709420305,,3677.0,1545.472557955221
0.0,20,0,0,1,1,1,362483.3333333333,886.6666666666666,26.66666666666663,6.6666666666667425,0.3710323608836159,312.0,15,10,,,,,,,90,50.0,312.0,146.0,133.33333333333334,93.33333333333333,21.0,3.284382575560139,206.66666666666666,197.0,380.7866666666667,32.0,27.0,4.84619140625,0.0004507273246501047,2.65820620222246,386.6666666666667,3530.0,1301.3925729442972
0.0,20,0,0,0,1,1,363376.6666666667,893.3333333333334,6.6666666666667425,-16.666666666666742,0.24486113795992012,316.0,16,11,,,,,,,90,53.333333333333336,316.0,140.0,,,,,203.33333333333334,198.0,383.09333333333336,29.0,49.0,3.6865234375,0.0007335343792253413,2.738269179808618,,3743.0,1505.6841086833829
0.0,20,0,0,1,1,1,364253.3333333333,876.6666666666666,-16.666666666666742,0.0,0.3991361382178851,356.0,15,10,,,,,,,90,50.0,356.0,167.0,136.66666666666666,93.33333333333333,23.0,3.2636257783305567,186.66666666666666,195.0,378.99333333333334,-12.0,28.0,4.9560546875,0.0005349341170272525,2.6833608766446986,373.3333333333333,4017.0,1279.093097913323
0.0,20,0,0,1,1,1,365130.0,876.6666666666666,0.0,13.333333333333371,0.36338946224877794,357.0,15,9,,,,,,,90,50.0,357.0,173.0,150.0,103.33333333333333,24.0,4.024376758993114,183.33333333333334,188.0,378.99333333333334,4.0,32.0,4.96826171875,0.00046523406119247256,2.5567063135134354,366.6666666666667,4055.0,1474.4079449961805
0.0,20,0,0,0,1,1,366020.0,890.0,13.333333333333371,0.0,0.2052607571841265,344.0,16,9,,,,,,,90,53.333333333333336,344.0,155.0,,,,,190.0,188.0,376.94,4.0,52.0,3.72314453125,0.0007690232420122418,2.7186564422165276,,3844.0,1545.4813070356197
0.0,20,0,0,0,1,1,366910.0,890.0,0.0,-6.666666666666629,0.2808988764044944,330.0,15,10,,,,,,,90,50.0,330.0,135.0,,,,,183.33333333333334,211.0,393.60666666666674,-5.0,51.0,3.7353515625,0.0007351318295146002,2.657860858420185,,3750.0,1470.758540822235
0.0,20,0,0,1,1,1,367793.3333333333,883.3333333333334,-6.666666666666629,-23.33333333333337,0.27773021105355533,324.0,16,11,,,,,,,90,53.333333333333336,324.0,144.0,143.33333333333334,100.0,17.0,2.7894461836582582,190.0,202.0,401.29999999999995,3.0,19.0,5.322265625,0.0004449023889973261,2.7806112013619626,356.6666666666667,3938.0,1185.5313257182418
0.0,20,0,0,1,1,1,368653.3333333333,860.0,-23.33333333333337,20.0,0.12135791415410835,365.0,15,10,,,,,,,90,50.0,365.0,185.0,146.66666666666666,103.33333333333333,21.0,3.436147076169128,196.66666666666666,219.0,411.56000000000006,-20.0,35.0,5.3955078125,0.00023114653138896663,2.688823707970316,330.0,3934.0,1212.121212121212
0.0,20,0,0,0,1,1,369533.3333333333,880.0,20.0,-3.3333333333333712,0.12452679816696553,326.0,15,10,,,,,,,90,50.0,326.0,149.0,,,,,196.66666666666666,205.0,391.8133333333333,14.0,47.0,4.01611328125,0.0007134176035880384,2.6511401364658695,,3900.0,1638.7931758971342
0.0,20,0,0,1,1,1,370410.0,876.6666666666666,-3.3333333333333712,-10.0,0.12095072137499593,312.0,15,10,,,,,,,90,50.0,312.0,147.0,153.33333333333334,110.0,23.0,5.214915905752001,183.33333333333334,181.0,375.66,5.0,25.0,5.28564453125,0.00040993885288611367,2.6453747091799307,346.6666666666667,3894.0,1386.834319526627
0.0,20,0,0,1,1,1,371276.6666666667,866.6666666666666,-10.0,-36.66666666666663,0.08149605015810234,368.0,15,9,,,,,,,90,50.0,368.0,155.0,143.33333333333334,100.0,21.0,3.6384389466789138,176.66666666666666,189.0,370.5333333333333,-9.0,48.0,5.2734375,0.0002555976520033577,2.5318662998879677,366.6666666666667,3873.0,1230.2371541501975
0.0,20,0,0,1,1,1,372106.6666666667,830.0,-36.66666666666663,10.0,0.08826149599111337,342.0,15,10,,,,,,,90,50.0,342.0,124.0,153.33333333333334,100.0,8.0,3.9284730413025564,196.66666666666666,193.0,389.5133333333333,31.0,51.0,5.84716796875,0.0003090061689901397,2.789875058179277,320.0,4304.0,1525.9502923976609
0.0,20,0,0,1,1,1,372946.6666666667,840.0,10.0,6.666666666666629,0.3888908008397289,381.0,15,9,,,,,,,90,50.0,381.0,180.0,140.0,96.66666666666667,24.0,3.6947048141778147,173.33333333333334,198.0,371.3066666666667,15.0,45.0,5.2001953125,0.0003997361055884075,2.7118590688121946,336.6666666666667,4186.0,2681.8429874483513
0.0,20,0,0,1,1,1,373793.3333333333,846.6666666666666,6.666666666666629,3.3333333333333712,0.46676264538508627,342.0,15,10,,,,,,,90,50.0,342.0,147.0,153.33333333333334,103.33333333333333,21.0,4.251853544294011,190.0,171.0,386.94666666666666,27.0,53.0,5.82275390625,0.0003763808538121194,2.670324100135546,340.0,4186.0,1556.5875472996217
0.0,20,0,0,1,1,1,374643.3333333333,850.0,3.3333333333333712,-43.33333333333337,0.4201019042370117,311.0,15,10,,,,,,,90,50.0,311.0,288.0,146.66666666666666,96.66666666666667,36.0,2.5715790409625896,186.66666666666666,158.0,386.43333333333334,3.0,44.0,5.17578125,0.0003322556802536242,2.7047433529327503,336.6666666666667,4099.0,3075.3557670879627
0.0,20,0,0,0,1,1,375450.0,806.6666666666666,-43.33333333333337,-33.33333333333326,0.3406834980203905,332.0,15,10,,,,,,,90,50.0,332.0,172.0,,,,,203.33333333333334,174.0,406.44,5.0,59.0,4.8828125,0.000506968076507547,2.722521761868695,,4194.0,2060.514786418401
0.0,20,0,0,1,1,1,376223.3333333333,773.3333333333334,-33.33333333333326,-23.33333333333337,0.5778092874867069,376.0,15,9,,,,,,,90,50.0,376.0,199.0,156.66666666666666,110.0,17.0,4.3894540870733465,190.0,167.0,401.5733333333333,-11.0,20.0,6.48193359375,0.00020647304148273032,2.9220615915708703,240.0,4337.0,1473.8475177304965
0.0,20,0,0,1,1,1,376973.3333333333,750.0,-23.33333333333337,-16.66666666666663,0.6950006777488879,381.0,15,9,,,,,,,90,50.0,381.0,201.0,186.66666666666666,130.0,26.0,4.332835086258502,186.66666666666666,176.0,401.8333333333333,10.0,34.0,9.3505859375,0.0001619212515804451,3.039512547360641,193.33333333333334,4477.0,1574.803149606299
0.0,20,0,0,1,1,1,377706.6666666667,733.3333333333334,-16.66666666666663,-13.333333333333371,0.8117893667026614,360.0,15,10,,,,,,,90,50.0,360.0,225.0,153.33333333333334,116.66666666666667,39.0,5.276868074902332,250.0,193.0,404.4,3.0,37.0,6.72607421875,0.0001632201836300096,2.9378892247700965,210.0,4226.0,1904.7619047619048
0.0,20,0,0,1,1,1,378426.6666666667,720.0,-13.333333333333371,-16.66666666666663,0.9285844203086836,313.0,15,11,,,,,,,90,50.0,313.0,164.0,150.0,106.66666666666667,23.0,4.549438387243573,220.0,200.0,399.7866666666667,45.0,19.0,8.26416015625,0.00016019903811447395,3.111547950814402,200.0,4036.0,1437.6996805111821
0.0,20,0,0,0,1,1,379130.0,703.3333333333334,-16.66666666666663,6.666666666666629,1.0927678157877323,366.0,15,10,,,,,,,90,50.0,366.0,149.0,,,,,200.0,179.0,402.35333333333335,38.0,61.0,7.080078125,0.00032707729947236477,2.7211314339290245,,3794.0,1521.1223203026482
0.0,20,0,0,1,1,1,379840.0,710.0,6.666666666666629,-6.666666666666629,1.1656557998483699,326.0,15,10,,,,,,,90,50.0,326.0,157.0,163.33333333333334,113.33333333333333,24.0,4.555393789421245,210.0,172.0,404.66,10.0,36.0,7.99560546875,7.349174513170729e-05,3.142444376055235,186.66666666666666,3829.0,1413.2340052585453
0.0,20,0,0,1,1,1,380543.3333333333,703.3333333333334,-6.666666666666629,-6.6666666666667425,1.053517763228507,308.0,15,9,,,,,,,90,50.0,308.0,189.0,143.33333333333334,96.66666666666667,28.0,4.279543666784537,180.0,171.0,405.68666666666667,6.0,18.0,7.92236328125,0.00011302538775954466,3.116089232830019,200.0,3874.0,1574.6753246753246
0.0,20,0,0,1,1,1,381240.0,696.6666666666666,-6.6666666666667425,13.333333333333371,0.9101251422070534,360.0,15,9,,,,,,,90,50.0,360.0,172.0,156.66666666666666,100.0,17.0,4.222745189657921,196.66666666666666,179.0,396.7133333333333,14.0,17.0,8.41064453125,0.00015037637724444865,3.0654348277196624,176.66666666666666,3908.0,1257.8616352201257
0.0,20,0,0,0,1,1,381950.0,710.0,13.333333333333371,13.333333333333371,0.7123042444450518,349.0,15,9,,,,,,,90,50.0,349.0,156.0,,,,,206.66666666666666,163.0,404.66,20.0,63.0,6.67724609375,0.0003356586258966491,2.6779750052325797,,3831.0,1799.5340492193986
0.0,20,0,0,1,1,1,382673.3333333333,723.3333333333334,13.333333333333371,-23.33333333333337,0.4465123763040039,296.0,15,10,,,,,,,90,50.0,296.0,158.0,173.33333333333334,123.33333333333333,20.0,4.48667082436797,203.33333333333334,171.0,399.27333333333337,22.0,37.0,8.30078125,4.4027397198973924e-05,3.138319303183867,183.33333333333334,3924.0,1713.7592137592137
0.0,20,0,0,1,1,1,383373.3333333333,700.0,-23.33333333333337,13.333333333333371,0.14525500322788892,333.0,15,9,,,,,,,90,50.0,333.0,162.0,150.0,100.0,16.0,4.304936612306324,196.66666666666666,177.0,396.2,5.0,27.0,8.49609375,0.0001571643846278435,3.1090831285356773,193.33333333333334,3926.0,1382.416899658279
0.0,20,0,0,0,1,1,384086.6666666667,713.3333333333334,13.333333333333371,-10.0,0.0,329.0,15,10,,,,,,,90,50.0,329.0,169.0,,,,,203.33333333333334,173.0,400.81333333333333,17.0,60.0,6.35986328125,0.0002377966994488535,2.71720918131237,,4075.0,1977.104224071812
0.0,20,0,0,1,1,1,384790.0,703.3333333333334,-10.0,-20.0,0.0,288.0,15,10,,,,,,,90,50.0,288.0,191.0,140.0,90.0,14.0,4.070575964523684,186.66666666666666,169.0,402.35333333333335,3.0,31.0,6.55517578125,0.00015474887774553572,2.8985249799450274,203.33333333333334,4188.0,2646.8579234972676
0.0,20,0,0,0,1,1,385473.3333333333,683.3333333333334,-20.0,-10.0,0.002032300021677867,338.0,15,10,,,,,,,90,50.0,338.0,244.0,,,,,190.0,167.0,415.4333333333334,-7.0,67.0,7.33642578125,0.0005792166537123976,2.480253291918147,,4217.0,2918.9288110778994
0.0,20,0,0,1,1,1,386146.6666666667,673.3333333333334,-10.0,33.33333333333326,0.10874262850451002,331.0,15,9,,,,,,,90,50.0,331.0,200.0,153.33333333333334,110.0,33.0,5.081979005190647,103.33333333333333,156.0,423.64,7.0,18.0,6.14013671875,7.341000693561166e-05,3.105978832367713,153.33333333333334,4733.0,2127.939051622225
0.0,20,0,0,1,1,1,386853.3333333333,706.6666666666666,33.33333333333326,13.333333333333371,0.31899109792284863,307.0,15,10,,,,,,,90,50.0,307.0,337.0,143.33333333333334,100.0,48.0,2.933413248718164,206.66666666666666,157.0,411.84000000000003,30.0,88.0,3.80859375,4.9581630073139566e-06,3.0211018755146855,183.33333333333334,4432.0,8279.538051525022
0.0,20,0,0,1,1,1,387573.3333333333,720.0,13.333333333333371,10.0,0.35465053618580594,309.0,15,10,,,,,,,90,50.0,309.0,166.0,146.66666666666666,103.33333333333333,27.0,4.52289430404803,193.33333333333334,136.0,413.12,-9.0,25.0,6.67724609375,0.00013591117779291814,3.0005142378326632,203.33333333333334,4244.0,1336.94095177463
0.0,20,0,0,0,1,1,388303.3333333333,730.0,10.0,-13.333333333333371,0.3977069861546396,304.0,15,10,,,,,,,90,50.0,304.0,219.0,,,,,260.0,185.0,458.24666666666667,23.0,58.0,5.8837890625,0.00015663614397080916,2.9112304904253827,,4287.0,2748.401377274963
0.0,20,0,0,0,1,1,389020.0,716.6666666666666,-13.333333333333371,0.0,0.44145284644097,355.0,15,9,,,,,,,90,50.0,355.0,360.0,,,,,250.0,173.0,406.9666666666667,-7.0,63.0,4.33349609375,0.00018767600657851932,2.8348413686511553,,4344.0,3596.244131455399
0.0,20,0,0,1,1,1,389736.6666666667,716.6666666666666,0.0,-10.0,0.4983388704318937,301.0,15,10,,,,,,,90,50.0,301.0,249.0,173.33333333333334,130.0,28.0,4.547135448639462,246.66666666666666,162.0,403.63333333333327,3.0,31.0,6.72607421875,3.848777993461633e-05,3.1348860462077845,173.33333333333334,4080.0,2721.696907743419
0.0,20,0,0,1,1,1,390443.3333333333,706.6666666666666,-10.0,10.0,0.4984779805660051,329.0,15,10,,,,,,,90,50.0,329.0,171.0,136.66666666666666,96.66666666666667,24.0,3.9560379511400967,210.0,144.0,408.50666666666666,7.0,30.0,6.6650390625,7.53509404140985e-05,2.9893703643078835,206.66666666666666,3747.0,1647.2203157172275
0.0,20,0,0,1,1,1,391160.0,716.6666666666666,10.0,-13.333333333333258,0.5022163538621145,310.0,15,10,,,,,,,90,50.0,310.0,173.0,146.66666666666666,103.33333333333333,25.0,4.134475370781239,196.66666666666666,163.0,393.63333333333327,-15.0,29.0,6.65283203125,6.0726969296721996e-05,2.984846022440604,203.33333333333334,3729.0,1634.056054997356
0.0,20,0,0,1,1,1,391863.3333333333,703.3333333333334,-13.333333333333258,-6.6666666666667425,0.34198771635957564,327.0,15,10,,,,,,,90,50.0,327.0,169.0,140.0,100.0,24.0,4.143888478858809,200.0,144.0,399.02,-8.0,34.0,6.87255859375,0.00014122175654749863,3.02204667994082,210.0,3742.0,1252.366389981069
0.0,20,0,0,0,1,1,392560.0,696.6666666666666,-6.6666666666667425,26.666666666666742,0.0010157646676418007,365.0,15,9,,,,,,,90,50.0,365.0,180.0,,,,,193.33333333333334,140.0,396.7133333333333,33.0,63.0,7.18994140625,0.000401854531312515,2.5787615542640987,,3601.0,1691.7143237132598
0.0,20,0,0,1,1,1,393283.3333333333,723.3333333333334,26.666666666666742,23.333333333333258,0.05122530940086877,333.0,15,9,,,,,,,90,50.0,333.0,158.0,146.66666666666666,100.0,24.0,4.783730123384512,203.33333333333334,141.0,395.94,2.0,26.0,6.7138671875,0.00012321905197714355,2.9660799496365335,223.33333333333334,3728.0,1075.7025682398817
0.0,20,0,0,1,1,1,394030.0,746.6666666666666,23.333333333333258,33.33333333333337,0.05131646469032487,342.0,15,9,,,,,,,90,50.0,342.0,169.0,143.33333333333334,100.0,27.0,2.7478941438929727,200.0,138.0,399.0133333333333,-6.0,26.0,6.15234375,0.00010110126193829405,2.978544354731922,246.66666666666666,3804.0,1422.475106685633
0.0,20,0,0,1,1,1,394810.0,780.0,33.33333333333337,16.66666666666663,0.15005734675672233,355.0,15,9,,,,,,,90,50.0,355.0,177.0,136.66666666666666,93.33333333333333,23.0,3.017657507092144,183.33333333333334,134.0,390.5466666666667,-16.0,25.0,5.99365234375,6.692471427793599e-05,3.0431628425297457,280.0,3779.0,1177.0623742454727
0.0,20,0,0,1,1,1,395606.6666666667,796.6666666666666,16.66666666666663,3.3333333333333712,0.46225666687007994,323.0,15,9,,,,,,,90,50.0,323.0,141.0,136.66666666666666,93.33333333333333,20.0,3.741535407797965,186.66666666666666,135.0,391.31333333333333,1.0,24.0,6.09130859375,0.00016050658401948122,2.9237675177461115,300.0,3896.0,1197.110423116615
0.0,20,0,0,1,1,1,396406.6666666667,800.0,3.3333333333333712,0.0,0.6741814791350396,386.0,15,9,,,,,,,90,50.0,386.0,150.0,146.66666666666666,110.0,26.0,4.384581348064668,210.0,167.0,394.1333333333333,-6.0,30.0,6.2744140625,0.00011374157711322103,2.772906789221373,290.0,3821.0,768.268715383241
0.0,20,0,0,1,1,1,397206.6666666667,800.0,0.0,-30.0,0.7598214285714284,334.0,15,10,,,,,,,90,50.0,334.0,173.0,143.33333333333334,100.0,27.0,3.8827774443889105,183.33333333333334,149.0,387.4666666666667,-14.0,24.0,6.1279296875,0.00029979346488897093,2.848949978963569,286.6666666666667,4067.0,1211.5304275170588
0.0,20,0,0,1,1,1,397976.6666666667,770.0,-30.0,43.33333333333337,0.8032810322027236,367.0,15,10,,,,,,,90,50.0,367.0,175.0,143.33333333333334,96.66666666666667,22.0,2.966237058225973,200.0,156.0,392.0866666666667,25.0,23.0,5.87158203125,0.0001915304143932555,2.936955544392105,266.6666666666667,3995.0,1481.6076294277927
0.0,20,0,0,1,1,1,398790.0,813.3333333333334,43.33333333333337,16.66666666666663,0.7857575270876316,380.0,15,9,,,,,,,90,50.0,380.0,153.0,140.0,96.66666666666667,18.0,4.693320748797063,206.66666666666666,160.0,388.7466666666666,-12.0,31.0,6.0302734375,0.00014794890896564704,2.8318354431388135,316.6666666666667,3840.0,1354.5706371191134
0.0,20,0,0,1,1,1,399620.0,830.0,16.66666666666663,-16.66666666666663,0.6566395505354948,304.0,15,10,,,,,,,90,50.0,304.0,152.0,136.66666666666666,93.33333333333333,23.0,3.2389460773990084,196.66666666666666,147.0,382.8466666666667,-8.0,31.0,5.70068359375,8.242468813504872e-05,2.7865798524837335,326.6666666666667,3934.0,1319.1460794844254
0.0,20,0,0,1,1,1,400433.3333333333,813.3333333333334,-16.66666666666663,0.0,0.5561613958560524,347.0,15,10,,,,,,,90,50.0,347.0,199.0,170.0,126.66666666666667,35.0,4.708049099013049,216.66666666666666,161.0,388.7466666666666,1.0,49.0,7.51953125,0.00010139536544550293,3.0387504556872775,283.3333333333333,3988.0,2135.955246651975
0.0,20,0,0,0,1,1,401246.6666666667,813.3333333333334,0.0,-20.0,0.39344262295081966,369.0,14,9,,,,,,,90,46.666666666666664,369.0,173.0,,,,,206.66666666666666,170.0,388.7466666666666,-14.0,57.0,4.55322265625,0.0006593653476270276,2.7918796773433576,,4025.0,1895.0263032042085
0.0,20,0,0,1,1,1,402040.0,793.3333333333334,-20.0,-3.3333333333333712,0.3075282926029194,312.0,15,10,,,,,,,90,50.0,312.0,174.0,143.33333333333334,93.33333333333333,21.0,2.653975842958994,203.33333333333334,153.0,395.16,15.0,28.0,6.15234375,0.00010621826857217355,2.8819248925026093,283.3333333333333,4007.0,1617.6470588235293
0.0,20,0,0,1,1,1,402830.0,790.0,-3.3333333333333712,-10.0,0.315152533826372,313.0,15,10,,,,,,,90,50.0,313.0,199.0,143.33333333333334,100.0,25.0,4.46560863194718,200.0,163.0,392.34,9.0,47.0,7.03125,0.00014783687943219724,2.989318367730151,280.0,3970.0,2259.2423550890007
0.0,20,0,0,1,1,1,403610.0,780.0,-10.0,-16.66666666666663,0.319248996129219,345.0,15,10,,,,,,,90,50.0,345.0,153.0,150.0,103.33333333333333,31.0,2.9985797748502776,190.0,171.0,393.88,-15.0,41.0,5.84716796875,0.000274469810100347,2.961671500282301,266.6666666666667,4152.0,1250.0
0.0,20,0,0,1,1,1,404373.3333333333,763.3333333333334,-16.66666666666663,6.666666666666629,0.4580712148048616,346.0,15,9,,,,,,,90,50.0,346.0,163.0,150.0,100.0,25.0,4.289063318037712,210.0,197.0,399.78000000000003,-7.0,32.0,6.72607421875,0.00022039352996920718,3.0126514172742183,253.33333333333334,4265.0,1620.0182537268024
0.0,20,0,0,1,1,1,405143.3333333333,770.0,6.666666666666629,30.0,0.4687266104485804,349.0,15,10,,,,,,,90,50.0,349.0,192.0,150.0,100.0,22.0,3.3119866989289406,190.0,173.0,398.75333333333333,-4.0,24.0,6.01806640625,0.0002622230951151851,2.9456030069091383,250.0,4074.0,1421.2034383954156
0.0,20,0,0,1,1,1,405943.3333333333,800.0,30.0,16.66666666666663,0.5070260650328129,335.0,15,10,,,,,,,90,50.0,335.0,164.0,153.33333333333334,110.0,22.0,4.347217361929555,213.33333333333334,184.0,397.4666666666667,7.0,26.0,5.517578125,0.0002468400415126156,2.862329766403442,280.0,4025.0,1321.9616204690833
0.0,20,0,0,0,1,1,406760.0,816.6666666666666,16.66666666666663,13.333333333333371,0.35699410959719163,347.0,15,10,,,,,,,90,50.0,347.0,133.0,,,,,203.33333333333334,184.0,388.2333333333333,2.0,52.0,4.541015625,0.0009742134224816252,2.729094404049979,,3897.0,1374.2526560282163
0.0,20,0,0,1,1,1,407590.0,830.0,13.333333333333371,-10.0,0.35148872671314324,339.0,15,10,,,,,,,90,50.0,339.0,161.0,143.33333333333334,103.33333333333333,24.0,3.899831705402633,180.0,164.0,379.5133333333333,-19.0,31.0,5.67626953125,0.00018084964591076882,2.7829470407150545,323.3333333333333,3966.0,1587.4464008758325
0.0,20,0,0,0,1,1,408410.0,820.0,-10.0,-13.333333333333371,0.43211789415693974,355.0,15,9,,,,,,,90,50.0,355.0,136.0,,,,,206.66666666666666,186.0,387.72,-2.0,55.0,4.79736328125,0.00021375978561840532,2.851062288477168,,3775.0,1358.1488933601609
0.0,20,0,0,0,1,1,409216.6666666667,806.6666666666666,-13.333333333333371,-3.3333333333332575,0.5236894692815317,309.0,15,10,,,,,,,90,50.0,309.0,169.0,,,,,250.0,213.0,389.7733333333333,3.0,51.0,4.60205078125,0.0005642014795565693,2.8029319096725427,,3933.0,1904.9720506031185
0.0,20,0,0,1,1,1,410020.0,803.3333333333334,-3.3333333333332575,-46.66666666666674,0.5747228224292444,355.0,15,10,,,,,,,90,50.0,355.0,157.0,146.66666666666666,93.33333333333333,20.0,3.732551617305866,170.0,188.0,390.2866666666667,-6.0,32.0,6.01806640625,0.00017951084311532432,2.792193736194096,293.3333333333333,4057.0,1065.941101152369
0.0,20,0,0,1,1,1,410776.6666666667,756.6666666666666,-46.66666666666674,43.33333333333337,0.5341119498646916,350.0,15,9,,,,,,,90,50.0,350.0,166.0,150.0,103.33333333333333,21.0,4.076892639231961,176.66666666666666,174.0,390.8066666666667,0.0,22.0,5.57861328125,0.00033639253859640806,2.891767179437313,246.66666666666666,4100.0,1482.6254826254826
0.0,20,0,0,1,1,1,411576.6666666667,800.0,43.33333333333337,-10.0,0.5610314177593946,308.0,15,10,,,,,,,90,50.0,308.0,173.0,146.66666666666666,100.0,21.0,4.057205765934594,193.33333333333334,184.0,380.79999999999995,9.0,36.0,6.2744140625,0.00014542992001691948,2.9707010424694755,293.3333333333333,3965.0,1848.4356552538372
0.0,20,0,0,1,1,1,412366.6666666667,790.0,-10.0,10.0,0.3134712249490944,289.0,15,10,,,,,,,90,50.0,289.0,176.0,133.33333333333334,83.33333333333333,15.0,3.754038784700146,210.0,174.0,399.00666666666666,17.0,48.0,6.09130859375,0.0001106633944592359,2.875630342367164,303.3333333333333,3906.0,2053.3100117875206
0.0,20,0,0,1,1,1,413166.6666666667,800.0,10.0,-6.666666666666629,0.3615721155584481,264.0,15,10,,,,,,,90,50.0,264.0,296.0,160.0,110.0,41.0,3.940530172543532,220.0,206.0,387.4666666666667,34.0,37.0,6.31103515625,0.00016137121771654612,2.941944105498867,270.0,3833.0,2946.1279461279464
0.0,20,0,0,0,1,1,413960.0,793.3333333333334,-6.666666666666629,-6.6666666666667425,0.3563093848974829,275.0,17,10,,,,,,,90,56.666666666666664,275.0,200.0,,,,,193.33333333333334,184.0,398.49333333333334,-5.0,61.0,5.029296875,0.0005667915821013992,2.7240743261185223,,3948.0,3037.762237762238
0.0,20,0,0,0,1,1,414746.6666666667,786.6666666666666,-6.6666666666667425,0.0,0.31517902168431666,323.0,17,9,,,,,,,90,56.666666666666664,323.0,266.0,,,,,236.66666666666666,207.0,392.85333333333335,14.0,64.0,5.01708984375,0.000843371971535691,2.7304290088006793,,3785.0,2904.3196225858765
0.0,20,0,0,1,1,1,415533.3333333333,786.6666666666666,0.0,-20.0,0.31779661016949157,315.0,17,10,,,,,,,90,56.666666666666664,315.0,158.0,143.33333333333334,103.33333333333333,29.0,4.358945676447451,190.0,196.0,399.52000000000004,20.0,22.0,5.50537109375,0.0004001204746719866,2.87214960665625,276.6666666666667,4055.0,1422.8341939185311
0.0,20,0,0,0,1,1,416300.0,766.6666666666666,-20.0,13.333333333333371,0.3188667361127934,371.0,28,9,,,,,,,90,93.33333333333333,371.0,235.0,,,,,256.6666666666667,243.0,385.93333333333334,-17.0,71.0,4.94384765625,0.0010444648167084905,2.6331875442323094,,4174.0,2156.33423180593
0.0,20,0,0,1,1,1,417080.0,780.0,13.333333333333371,-6.666666666666629,0.36695310947744886,329.0,28,10,,,,,,,90,93.33333333333333,329.0,223.0,150.0,100.0,19.0,4.470126736247181,220.0,216.0,390.5466666666667,-10.0,47.0,5.76171875,0.0002878092304834287,2.905110250144948,273.3333333333333,4272.0,2702.201794054415
0.0,20,0,0,1,1,1,417853.3333333333,773.3333333333334,-6.666666666666629,-43.33333333333337,0.09067484063209828,332.0,28,10,,,,,,,90,93.33333333333333,332.0,158.0,143.33333333333334,93.33333333333333,12.0,4.014461747425315,170.0,209.0,398.24000000000007,6.0,27.0,5.26123046875,0.00017755366560327893,2.670558437170114,270.0,4252.0,1896.4747880410532
0.0,20,0,0,1,1,1,418583.3333333333,730.0,-43.33333333333337,13.333333333333371,0.05270685127421124,345.0,28,9,,,,,,,90,93.33333333333333,345.0,218.0,163.33333333333334,130.0,38.0,2.9449464409738635,263.3333333333333,226.0,398.24666666666667,0.0,36.0,6.7138671875,0.0003380925077611137,2.998721939049263,203.33333333333334,4196.0,2181.04062722737
0.0,20,0,0,1,1,1,419326.6666666667,743.3333333333334,13.333333333333371,-10.0,0.3932027439421999,339.0,28,9,,,,,,,90,93.33333333333333,339.0,167.0,163.33333333333334,113.33333333333333,17.0,4.163159170915719,150.0,189.0,396.1933333333333,7.0,29.0,6.54296875,0.00044645097826627277,2.90714979557783,220.0,4168.0,1434.7009922231161
0.0,20,0,0,1,1,1,420060.0,733.3333333333334,-10.0,-10.0,0.4834740929654359,351.0,28,10,,,,,,,90,93.33333333333333,351.0,176.0,136.66666666666666,83.33333333333333,14.0,3.1310762157147973,256.6666666666667,214.0,391.0666666666666,4.0,23.0,6.5185546875,0.0002530148262641426,2.89438951378858,233.33333333333334,4027.0,1245.4212454212454
0.0,20,0,0,0,1,1,420783.3333333333,723.3333333333334,-10.0,36.66666666666663,0.6342638901518596,312.0,28,10,,,,,,,90,93.33333333333333,312.0,182.0,,,,,153.33333333333334,173.0,389.27333333333337,-8.0,58.0,6.14013671875,0.0008334784602613624,2.584617211346028,,4171.0,2200.2772002772003
0.0,20,0,0,1,1,1,421543.3333333333,760.0,36.66666666666663,6.666666666666629,0.6885711655069908,403.0,16,10,,,,,,,90,53.333333333333336,403.0,150.0,143.33333333333334,93.33333333333333,16.0,3.3871488174953495,173.33333333333334,194.0,383.62666666666667,3.0,38.0,5.810546875,0.00018409576542719326,2.8754985834955837,266.6666666666667,4215.0,958.4367245657568
0.0,20,0,0,1,1,1,422310.0,766.6666666666666,6.666666666666629,0.0,0.5638108602500814,351.0,16,10,,,,,,,90,53.333333333333336,351.0,194.0,140.0,86.66666666666667,17.0,3.442261874371802,223.33333333333334,221.0,385.93333333333334,10.0,41.0,5.6884765625,0.0002709878165220986,2.8434289595458315,276.6666666666667,4355.0,1688.8065080836166
0.0,20,0,0,0,1,1,423076.6666666667,766.6666666666666,0.0,-20.0,0.5580745341614907,329.0,16,9,,,,,,,90,53.333333333333336,329.0,200.0,,,,,230.0,214.0,379.26666666666665,-1.0,50.0,5.26123046875,0.0006949652028014977,2.6367153035342064,,4140.0,2195.744680851064
0.0,20,0,0,0,1,1,423823.3333333333,746.6666666666666,-20.0,3.3333333333333712,0.509893360511074,309.0,15,9,,,,,,,90,50.0,309.0,197.0,,,,,230.0,213.0,382.3466666666667,11.0,57.0,5.2001953125,0.0005109181196124379,2.7186803470464467,,4160.0,2597.0873786407765
0.0,20,0,0,1,1,1,424573.3333333333,750.0,3.3333333333333712,10.0,0.3797492570816381,334.0,14,9,,,,,,,90,46.666666666666664,334.0,266.0,133.33333333333334,80.0,16.0,1.3633629539134375,163.33333333333334,179.0,381.8333333333333,-3.0,35.0,5.45654296875,0.00023918399638631082,2.8224478234461743,270.0,4101.0,1885.1186515857175
0.0,20,0,0,1,1,1,425333.3333333333,760.0,10.0,20.0,0.238983890010283,340.0,14,9,,,,,,,90,46.666666666666664,340.0,194.0,126.66666666666667,76.66666666666667,18.0,2.038852279669351,230.0,219.0,376.96000000000004,21.0,35.0,5.810546875,0.0003475539019364052,2.768716178308858,286.6666666666667,4174.0,1959.644322845417
0.0,20,0,0,0,1,1,426113.3333333333,780.0,20.0,23.33333333333337,0.2827459231983167,371.0,14,9,,,,,,,90,46.666666666666664,371.0,189.0,,,,,250.0,210.0,377.2133333333333,22.0,56.0,4.96826171875,0.0006135544544188384,2.5535065124675564,,4070.0,1802.4320487232774
0.0,20,0,0,1,1,1,426916.6666666667,803.3333333333334,23.33333333333337,13.333333333333258,0.32123637872335237,340.0,14,8,,,,,,,90,46.666666666666664,340.0,159.0,143.33333333333334,96.66666666666667,25.0,3.9677125557508894,203.33333333333334,201.0,363.62,8.0,37.0,5.810546875,0.00028299458328972507,2.7273533198055695,316.6666666666667,4016.0,1606.8111455108358
0.0,20,0,0,1,1,1,427733.3333333333,816.6666666666666,13.333333333333258,-13.333333333333258,0.3599872004550949,342.0,14,9,,,,,,,90,46.666666666666664,342.0,158.0,143.33333333333334,93.33333333333333,22.0,3.030227689968825,246.66666666666666,198.0,368.23333333333335,41.0,40.0,5.4931640625,0.00028829615399942737,2.7222646997140045,333.3333333333333,3960.0,1982.4561403508771
0.0,20,0,0,1,1,1,428536.6666666667,803.3333333333334,-13.333333333333258,23.333333333333258,0.5704486596206342,333.0,14,9,,,,,,,90,46.666666666666664,333.0,150.0,150.0,100.0,15.0,3.3093797208695754,206.66666666666666,194.0,413.62,-12.0,47.0,5.908203125,0.0002325432723083021,2.8225387997847906,310.0,3791.0,1520.8757144241015
0.0,20,0,0,1,1,1,429363.3333333333,826.6666666666666,23.333333333333258,-16.66666666666663,0.6673657270820744,331.0,14,9,,,,,,,90,46.666666666666664,331.0,156.0,150.0,110.0,24.0,3.8334294454222295,186.66666666666666,184.0,383.36,19.0,27.0,5.9326171875,0.00015680246427056909,2.9953730857765666,290.0,3863.0,1354.3077403896239
0.0,20,0,0,1,1,1,430173.3333333333,810.0,-16.66666666666663,-3.3333333333333712,0.689794271883824,326.0,14,9,,,,,,,90,46.666666666666664,326.0,155.0,163.33333333333334,110.0,12.0,2.2622784500378224,193.33333333333334,188.0,375.9266666666667,32.0,19.0,5.92041015625,0.00031572989074365033,2.759011193768572,286.6666666666667,3786.0,1647.8812954772434
0.0,20,0,0,1,1,1,430980.0,806.6666666666666,-3.3333333333333712,-10.0,0.6129252260621098,299.0,15,10,,,,,,,90,50.0,299.0,194.0,130.0,86.66666666666667,21.0,2.2684342222775484,170.0,178.0,376.44,-4.0,46.0,5.3955078125,0.00029372149795849165,2.7211643473866984,323.3333333333333,3885.0,1944.6264179567631
0.0,20,0,0,1,1,1,431776.6666666667,796.6666666666666,-10.0,10.0,0.3941354999468582,337.0,16,11,,,,,,,90,53.333333333333336,337.0,183.0,150.0,106.66666666666667,23.0,1.8951857669135812,190.0,198.0,381.31333333333333,8.0,45.0,5.7861328125,0.0002504265998056355,2.8285798079813724,293.3333333333333,3883.0,1284.7315888858916
0.0,20,0,0,1,1,1,432583.3333333333,806.6666666666666,10.0,13.333333333333371,0.17658447968830301,383.0,16,10,,,,,,,90,53.333333333333336,383.0,143.0,140.0,100.0,20.0,3.38840965319066,196.66666666666666,198.0,383.1066666666666,36.0,33.0,5.7861328125,0.0003243299044308692,2.6920772723477113,316.6666666666667,4052.0,1096.6057441253263
0.0,20,0,0,1,1,1,433403.3333333333,820.0,13.333333333333371,33.33333333333337,0.04425927674440563,376.0,16,10,,,,,,,90,53.333333333333336,376.0,163.0,163.33333333333334,116.66666666666667,16.0,2.2627866748026246,180.0,185.0,381.05333333333334,33.0,29.0,5.615234375,0.00029603908787850867,2.6431943679675265,300.0,3950.0,1400.709219858156
0.0,20,0,0,1,1,1,434256.6666666667,853.3333333333334,33.33333333333337,43.33333333333326,0.048740861088545896,354.0,16,11,,,,,,,90,53.333333333333336,354.0,168.0,130.0,93.33333333333333,22.0,3.6521975081285003,226.66666666666666,214.0,369.25333333333333,28.0,22.0,4.84619140625,0.0004014862530022804,2.54225478549487,363.3333333333333,3962.0,1523.8687606904057
0.0,20,0,0,1,1,1,435153.3333333333,896.6666666666666,43.33333333333326,-16.66666666666663,0.29768873131083384,375.0,16,10,,,,,,,90,53.333333333333336,375.0,168.0,146.66666666666666,106.66666666666667,20.0,2.4709708294208284,236.66666666666666,213.0,369.24666666666667,22.0,63.0,5.2978515625,0.00023903592192238497,2.648876284960216,403.3333333333333,3912.0,1170.2479338842975
0.0,20,0,0,0,1,1,436033.3333333333,880.0,-16.66666666666663,23.33333333333337,0.5203740105190459,317.0,16,11,,,,,,,90,53.333333333333336,317.0,147.0,,,,,183.33333333333334,182.0,378.47999999999996,12.0,50.0,4.74853515625,0.00041025437748057797,2.615393156972855,,3995.0,1959.475855374909
0.0,20,0,0,0,1,1,436936.6666666667,903.3333333333334,23.33333333333337,-16.666666666666742,0.6506289954461378,370.0,16,11,,,,,,,90,53.333333333333336,370.0,147.0,,,,,250.0,214.0,368.21999999999997,40.0,44.0,6.21337890625,0.0004664651968749068,2.807971555644944,,3846.0,1601.6016016016015
0.0,20,0,0,1,1,1,437823.3333333333,886.6666666666666,-16.666666666666742,20.0,0.7119126720455624,352.0,16,10,,,,,,,90,53.333333333333336,352.0,159.0,140.0,96.66666666666667,16.0,4.064811380005644,196.66666666666666,201.0,367.4533333333333,22.0,44.0,4.98046875,0.0004185831253631906,2.500709172118108,393.3333333333333,4014.0,1292.8543913713406
0.0,20,0,0,1,1,1,438730.0,906.6666666666666,20.0,-53.33333333333326,0.7230894762835242,357.0,16,11,,,,,,,90,53.333333333333336,357.0,174.0,136.66666666666666,103.33333333333333,20.0,4.228026402785787,233.33333333333334,218.0,364.37333333333333,5.0,49.0,5.1513671875,0.0002939200734412401,2.5294882446241234,413.3333333333333,4037.0,2039.8481973434536
0.0,20,0,0,0,1,1,439583.3333333333,853.3333333333334,-53.33333333333326,0.0,0.6302057041898032,311.0,16,9,,,,,,,90,53.333333333333336,311.0,214.0,,,,,226.66666666666666,209.0,385.91999999999996,-4.0,59.0,4.21142578125,0.0007009333541369998,2.659829044927821,,4012.0,2233.8805212387883
0.0,20,0,0,0,1,1,440436.6666666667,853.3333333333334,0.0,20.0,0.6252790178571428,343.0,15,8,,,,,,,90,50.0,343.0,184.0,,,,,250.0,214.0,382.58666666666664,6.0,48.0,4.11376953125,0.001103289400074094,2.5056391393723025,,3995.0,1892.0687808651157
0.0,20,0,0,1,1,1,441310.0,873.3333333333334,20.0,40.0,0.49948684768300566,389.0,15,10,,,,,,,90,50.0,389.0,137.0,146.66666666666666,93.33333333333333,13.0,2.2297795723249205,190.0,199.0,382.84000000000003,14.0,23.0,5.18798828125,0.0004157103198596786,2.6624060813955404,356.6666666666667,3931.0,1088.3405809288133
0.0,20,0,0,1,1,1,442223.3333333333,913.3333333333334,40.0,30.0,0.36934541968099016,332.0,16,9,,,,,,,90,53.333333333333336,332.0,147.0,160.0,120.0,19.0,4.50963736583817,190.0,192.0,380.0133333333334,9.0,26.0,4.84619140625,0.00037645946021011784,2.6780721869829245,390.0,3847.0,1274.3280815569972
0.0,20,0,0,1,1,1,443166.6666666667,943.3333333333334,30.0,-16.666666666666742,0.43454247991413353,317.0,16,9,,,,,,,90,53.333333333333336,317.0,211.0,163.33333333333334,116.66666666666667,19.0,1.8970081421193328,186.66666666666666,183.0,372.06,15.0,22.0,4.82177734375,0.00039527943578155435,2.6574054248061456,410.0,3652.0,1461.8758174963452
0.0,20,0,0,1,1,1,444093.3333333333,926.6666666666666,-16.666666666666742,-33.33333333333326,0.6445993031358883,296.0,16,9,,,,,,,90,53.333333333333336,296.0,180.0,136.66666666666666,100.0,22.0,4.170649408567364,183.33333333333334,186.0,371.2933333333333,-8.0,25.0,4.82177734375,0.0004198480749283266,2.57136056901882,423.3333333333333,3652.0,1747.7122792083424
0.0,20,0,0,1,1,1,444986.6666666667,893.3333333333334,-33.33333333333326,-33.33333333333337,0.6942301758716447,323.0,16,9,,,,,,,90,53.333333333333336,323.0,206.0,146.66666666666666,100.0,22.0,3.919675545638299,170.0,185.0,366.4266666666666,14.0,31.0,4.9072265625,0.0003553149764176013,2.6572528686915597,383.3333333333333,3743.0,1558.756225602369
0.0,20,0,0,1,1,1,445846.6666666667,860.0,-33.33333333333337,43.33333333333337,0.720153632774992,353.0,16,9,,,,,,,90,53.333333333333336,353.0,148.0,163.33333333333334,116.66666666666667,21.0,1.9378158495051032,173.33333333333334,182.0,368.2266666666667,28.0,41.0,5.4443359375,0.0004339490776887657,2.606392674218016,343.3333333333333,3804.0,1526.4446216892654
0.0,20,0,0,1,1,1,446750.0,903.3333333333334,43.33333333333337,36.66666666666663,0.7459260324589838,335.0,16,9,,,,,,,90,53.333333333333336,335.0,173.0,146.66666666666666,103.33333333333333,26.0,4.5771386765856406,230.0,202.0,361.55333333333334,21.0,34.0,4.6630859375,0.0004466909348013037,2.482742449383927,406.6666666666667,3735.0,2003.9148519696598
0.0,20,0,0,0,1,1,447690.0,940.0,36.66666666666663,-40.0,0.6707785982913186,317.0,16,9,,,,,,,90,53.333333333333336,317.0,166.0,,,,,180.0,185.0,369.24,5.0,44.0,4.30908203125,0.0003397632582876247,2.6413170022436727,,3720.0,1801.849970592953
0.0,20,0,0,0,1,1,448590.0,900.0,-40.0,-16.66666666666663,0.6076600146020931,324.0,15,9,,,,,,,90,50.0,324.0,177.0,,,,,180.0,188.0,372.06666666666666,2.0,45.0,6.2744140625,0.0005095084083897272,2.797623930859497,,4010.0,1961.1226132965262
0.0,20,0,0,1,1,1,449473.3333333333,883.3333333333334,-16.66666666666663,6.666666666666629,0.5962525803207536,355.0,15,8,,,,,,,90,50.0,355.0,216.0,176.66666666666666,133.33333333333334,23.0,1.3086902526898232,186.66666666666666,201.0,377.96666666666664,-4.0,37.0,5.40771484375,0.0003198339224889144,2.7069422126597695,350.0,4158.0,1923.5412474849095
0.0,20,0,0,1,1,1,450363.3333333333,890.0,6.666666666666629,-23.33333333333337,0.6451856323573799,368.0,15,8,,,,,,,90,50.0,368.0,169.0,153.33333333333334,103.33333333333333,27.0,4.239500978061486,226.66666666666666,219.0,373.6066666666667,0.0,27.0,4.8583984375,0.0005221659344938645,2.4862207980535533,373.3333333333333,4172.0,1543.0900621118014
0.0,20,0,0,1,1,1,451230.0,866.6666666666666,-23.33333333333337,-13.333333333333258,0.5612894936885043,347.0,15,9,,,,,,,90,50.0,347.0,213.0,163.33333333333334,110.0,19.0,4.648951079957527,236.66666666666666,237.0,370.5333333333333,-9.0,33.0,5.18798828125,0.000399045252292376,2.703497846264941,340.0,3961.0,1542.6343448042041
0.0,20,0,0,1,1,1,452083.3333333333,853.3333333333334,-13.333333333333258,16.66666666666663,0.5383524600976125,313.0,17,10,,,,,,,90,56.666666666666664,313.0,169.0,146.66666666666666,116.66666666666667,42.0,4.584264132614145,173.33333333333334,207.0,375.91999999999996,-3.0,41.0,5.37109375,0.0004688114991262123,2.5748957827493317,350.0,4030.0,1497.0333181195801
0.0,20,0,0,1,1,1,452953.3333333333,870.0,16.66666666666663,0.0,0.6685446533162269,329.0,17,10,,,,,,,90,56.666666666666664,329.0,281.0,143.33333333333334,110.0,49.0,4.733177523521665,200.0,212.0,383.3533333333333,-15.0,67.0,5.35888671875,0.0003911425849516769,2.531220153395458,370.0,4162.0,2883.430543005011
0.0,20,0,0,0,1,1,453823.3333333333,870.0,0.0,-66.66666666666663,0.6141215106732347,362.0,14,9,,,,,,,90,46.666666666666664,362.0,198.0,,,,,170.0,217.0,363.3533333333333,-14.0,55.0,4.06494140625,0.0007514997315105136,2.7347408099534616,,4105.0,1761.049723756906
0.0,20,0,0,1,1,1,454626.6666666667,803.3333333333334,-66.66666666666663,36.66666666666663,0.5344808683258415,322.0,14,8,,,,,,,90,46.666666666666664,322.0,202.0,150.0,93.33333333333333,22.0,3.5033642765981945,240.0,241.0,380.28666666666663,-11.0,47.0,5.18798828125,0.00036433670974588846,2.7414325758480835,310.0,4342.0,1913.4441995592065
0.0,20,0,0,1,1,1,455466.6666666667,840.0,36.66666666666663,-36.66666666666663,0.5774219147902921,361.0,14,9,,,,,,,90,46.666666666666664,361.0,239.0,166.66666666666666,110.0,26.0,1.724981278023245,170.0,228.0,367.9733333333333,14.0,32.0,5.615234375,0.0003042297677218258,2.676227317566603,316.6666666666667,4827.0,1924.4787869951886
0.0,20,0,0,0,1,1,456270.0,803.3333333333334,-36.66666666666663,33.33333333333326,0.555757293782554,412.0,14,8,,,,,,,90,46.666666666666664,412.0,376.0,,,,,256.6666666666667,250.0,376.9533333333334,2.0,68.0,4.638671875,0.0009611031427074591,2.5980826506844688,,5138.0,3086.7454622203463
0.0,20,0,0,1,1,1,457106.6666666667,836.6666666666666,33.33333333333326,-13.333333333333258,0.710732054015636,446.0,17,12,,,,,,,90,56.666666666666664,446.0,273.0,133.33333333333334,86.66666666666667,21.0,3.9177177762787174,206.66666666666666,226.0,391.82000000000005,28.0,39.0,5.46875,0.00048310352940150503,2.4760840409983436,340.0,5130.0,1780.5328409390663
0.0,20,0,0,1,1,1,457930.0,823.3333333333334,-13.333333333333258,6.666666666666629,0.6840541094486574,379.0,15,10,,,,,,,90,50.0,379.0,255.0,133.33333333333334,100.0,31.0,3.0502803209844487,176.66666666666666,200.0,383.87333333333333,107.0,40.0,5.126953125,0.0006144201917631302,2.8186501710672394,326.6666666666667,4853.0,2334.2846373377847
0.0,20,0,0,1,1,1,458760.0,830.0,6.666666666666629,0.0,0.7364336602516655,397.0,16,11,,,,,,,90,53.333333333333336,397.0,227.0,140.0,120.0,46.0,3.8361180282986638,200.0,213.0,382.8466666666667,90.0,37.0,5.38330078125,0.0005818992549338983,2.672371003821854,326.6666666666667,4887.0,2405.798591476893
0.0,20,0,0,1,1,1,459590.0,830.0,0.0,3.3333333333333712,0.6841652323580034,400.0,16,11,,,,,,,90,53.333333333333336,400.0,260.0,133.33333333333334,86.66666666666667,23.0,1.9147110526950293,190.0,226.0,379.5133333333333,43.0,45.0,5.35888671875,0.0003653246436742172,2.4879153245270915,336.6666666666667,4911.0,2643.5643564356433
0.0,20,0,0,0,1,1,460423.3333333333,833.3333333333334,3.3333333333333712,-36.66666666666674,0.46898126369654763,392.0,15,10,,,,,,,90,50.0,392.0,373.0,,,,,206.66666666666666,240.0,372.33333333333337,89.0,73.0,4.443359375,0.00036276647551844666,2.7369610699819864,,5119.0,2986.8197278911566
0.0,20,0,0,1,1,1,461220.0,796.6666666666666,-36.66666666666674,23.33333333333337,0.2590851377783878,402.0,16,11,,,,,,,90,53.333333333333336,402.0,245.0,160.0,120.0,33.0,4.6749302191026665,213.33333333333334,226.0,384.6466666666667,59.0,66.0,5.96923828125,0.00020989681249947468,2.874814224638129,283.3333333333333,5051.0,3037.7524143985956
0.0,20,0,0,1,1,1,462040.0,820.0,23.33333333333337,16.66666666666663,0.3566350852459408,423.0,16,10,,,,,,,90,53.333333333333336,423.0,221.0,140.0,106.66666666666667,36.0,4.062719581573731,246.66666666666666,246.0,394.3866666666667,44.0,53.0,5.2001953125,0.0005548733510327864,2.6684293341058978,326.6666666666667,4907.0,2323.0568823273993
0.0,20,0,0,1,1,1,462876.6666666667,836.6666666666666,16.66666666666663,3.3333333333333712,0.260347129506008,374.0,15,10,,,,,,,90,50.0,374.0,276.0,160.0,103.33333333333333,30.0,3.1558502388100216,196.66666666666666,222.0,381.82000000000005,66.0,40.0,5.65185546875,0.0002817066229926904,2.734021579287452,306.6666666666667,5014.0,2441.2927226226457
0.0,20,0,0,1,1,1,463716.6666666667,840.0,3.3333333333333712,16.66666666666663,0.213414981162571,385.0,14,10,,,,,,,90,46.666666666666664,385.0,327.0,173.33333333333334,133.33333333333334,22.0,2.686292861592113,163.33333333333334,207.0,387.97333333333336,165.0,48.0,6.103515625,0.0002615143657746244,2.7372183664816028,306.6666666666667,4995.0,2625.6352343308863
0.0,20,0,0,1,1,1,464573.3333333333,856.6666666666666,16.66666666666663,13.333333333333371,0.21420071400238003,368.0,14,9,,,,,,,90,46.666666666666664,368.0,310.0,176.66666666666666,106.66666666666667,21.0,2.4711960372569504,203.33333333333334,231.0,365.40666666666664,12.0,37.0,5.908203125,0.00027518125257348144,2.746423932183853,316.6666666666667,4926.0,2471.395881006865
0.0,20,0,0,1,1,1,465443.3333333333,870.0,13.333333333333371,-3.3333333333333712,0.295905665829425,352.0,14,9,,,,,,,90,46.666666666666664,352.0,289.0,136.66666666666666,93.33333333333333,37.0,3.002859837068341,173.33333333333334,196.0,376.68666666666667,40.0,63.0,5.17578125,0.00036579672125469653,2.88395354883954,386.6666666666667,4768.0,2483.346394984326
0.0,20,0,0,0,1,1,466310.0,866.6666666666666,-3.3333333333333712,0.0,0.49346966926858105,358.0,14,9,,,,,,,90,46.666666666666664,358.0,267.0,,,,,220.0,239.0,370.5333333333333,3.0,61.0,4.13818359375,0.00046442974720136137,2.82012107237498,,4652.0,2751.0291090855626
0.0,20,0,0,1,1,1,467176.6666666667,866.6666666666666,0.0,-3.3333333333332575,0.53489010989011,370.0,14,8,,,,,,,90,46.666666666666664,370.0,220.0,130.0,76.66666666666667,18.0,2.1859860726175686,233.33333333333334,234.0,360.53333333333336,25.0,48.0,5.18798828125,0.0004415201869651243,2.7162224473202627,386.6666666666667,4700.0,2537.278657968313
0.0,20,0,0,1,1,1,468040.0,863.3333333333334,-3.3333333333332575,6.666666666666629,0.49042234018001385,344.0,14,9,,,,,,,90,46.666666666666664,344.0,281.0,143.33333333333334,100.0,28.0,4.273496735632321,150.0,200.0,361.0466666666667,29.0,71.0,5.1025390625,0.0005366700202147135,2.7566699311820724,373.3333333333333,4852.0,3340.4277408637877
0.0,20,0,0,1,1,1,468910.0,870.0,6.666666666666629,-50.0,0.2870488837906997,415.0,14,7,,,,,,,90,46.666666666666664,415.0,228.0,156.66666666666666,110.0,26.0,2.7477360244244657,210.0,243.0,400.02,-13.0,59.0,5.21240234375,0.00044225861724543365,2.6806494523809725,376.6666666666667,4745.0,2194.263780786864
0.0,20,0,0,1,1,1,469730.0,820.0,-50.0,30.0,0.1676804208449778,338.0,15,9,,,,,,,90,50.0,338.0,244.0,140.0,86.66666666666667,24.0,2.4803367402027856,176.66666666666666,226.0,384.3866666666667,-16.0,39.0,5.72509765625,0.00041834702913045647,2.969246402829617,290.0,4813.0,2550.4998979800043
0.0,20,0,0,1,1,1,470580.0,850.0,30.0,-13.333333333333371,0.3473068486473312,368.0,15,8,,,,,,,90,50.0,368.0,188.0,150.0,103.33333333333333,20.0,3.392674447465785,193.33333333333334,204.0,373.09999999999997,4.0,42.0,5.56640625,0.000570923199329214,2.9675680939131324,343.3333333333333,4420.0,2572.2878851836217
0.0,20,0,0,0,1,1,471416.6666666667,836.6666666666666,-13.333333333333371,0.0,0.29505054807110354,341.0,15,9,,,,,,,90,50.0,341.0,171.0,,,,,170.0,187.0,371.82000000000005,-28.0,56.0,4.57763671875,0.00015078761950801397,2.8890793276313413,,4158.0,1924.4868035190616
0.0,20,0,0,1,1,1,472253.3333333333,836.6666666666666,0.0,3.3333333333333712,0.34063745019920316,359.0,15,9,,,,,,,90,50.0,359.0,173.0,146.66666666666666,93.33333333333333,15.0,3.2983596875671903,250.0,217.0,368.4866666666666,34.0,43.0,5.517578125,0.0003039232232237605,2.575504404784024,340.0,4228.0,1630.3457316074062
0.0,20,0,0,1,1,1,473093.3333333333,840.0,3.3333333333333712,30.0,0.2987809736275994,345.0,15,8,,,,,,,90,50.0,345.0,204.0,150.0,103.33333333333333,23.0,3.0880367666678623,246.66666666666666,212.0,361.3066666666667,-3.0,53.0,5.50537109375,0.0002887675489947081,2.6756416132974854,346.6666666666667,4193.0,2140.4682274247493
0.0,20,0,0,1,1,1,473963.3333333333,870.0,30.0,23.33333333333337,0.2999558138744435,336.0,15,8,,,,,,,90,50.0,336.0,205.0,150.0,100.0,22.0,4.383278376387953,176.66666666666666,168.0,366.68666666666667,2.0,56.0,5.11474609375,0.0003527154487926175,2.5870891993963534,380.0,4100.0,2239.9749373433588
0.0,20,0,0,1,1,1,474856.6666666667,893.3333333333334,23.33333333333337,20.0,0.41357126445584746,338.0,15,8,,,,,,,90,50.0,338.0,192.0,146.66666666666666,100.0,24.0,4.017888955018087,196.66666666666666,183.0,363.0933333333333,1.0,37.0,4.9072265625,0.0004309244177404983,2.6883705866497776,396.6666666666667,4045.0,1663.2688578389934
0.0,20,0,0,1,1,1,475770.0,913.3333333333334,20.0,0.0,0.5610494234990729,363.0,14,8,,,,,,,90,46.666666666666664,363.0,225.0,146.66666666666666,100.0,26.0,4.0071382285171495,170.0,183.0,373.34666666666664,-23.0,49.0,4.72412109375,0.00036861207900331706,2.6079254062537967,416.6666666666667,4014.0,1996.6942148760331
0.0,20,0,0,1,1,1,476683.3333333333,913.3333333333334,0.0,-30.0,0.6264337851929092,301.0,15,10,,,,,,,90,50.0,301.0,200.0,133.33333333333334,90.0,26.0,3.5613200696056264,236.66666666666666,201.0,370.0133333333334,-3.0,28.0,5.06591796875,0.0003143484260703575,2.647990167437826,410.0,3985.0,1871.8094157685762
0.0,20,0,0,1,1,1,477566.6666666667,883.3333333333334,-30.0,0.0,0.6651919404822771,347.0,15,10,,,,,,,90,50.0,347.0,159.0,146.66666666666666,110.0,20.0,3.7258569538144055,163.33333333333334,174.0,371.29999999999995,-14.0,38.0,5.11474609375,0.00027160433478148237,2.679621677716333,376.6666666666667,3783.0,1667.8993139680192
0.0,20,0,0,1,1,1,478450.0,883.3333333333334,0.0,-16.666666666666742,0.6849056603773584,322.0,15,10,,,,,,,90,50.0,322.0,159.0,146.66666666666666,100.0,21.0,4.073130799364968,233.33333333333334,217.0,364.6333333333333,17.0,50.0,5.126953125,0.00024596817842035184,2.684213601178151,380.0,3943.0,1691.7293233082708
0.0,20,0,0,0,1,1,479316.6666666667,866.6666666666666,-16.666666666666742,40.0,0.5630156932535187,353.0,17,9,,,,,,,90,56.666666666666664,353.0,175.0,,,,,233.33333333333334,220.0,370.5333333333333,23.0,57.0,4.28466796875,0.0006033822060425608,2.5512546565814764,,3969.0,1895.8378731749835
0.0,20,0,0,0,1,1,480223.3333333333,906.6666666666666,40.0,23.33333333333337,0.40841421105792464,333.0,16,9,,,,,,,90,53.333333333333336,333.0,140.0,,,,,183.33333333333334,185.0,371.04,8.0,50.0,3.9794921875,0.0006470304474251459,2.5952889000385726,,4064.0,2084.011722565939
0.0,20,0,0,1,1,1,481153.3333333333,930.0,23.33333333333337,23.33333333333337,0.23701036231351513,346.0,16,10,,,,,,,90,53.333333333333336,346.0,208.0,146.66666666666666,110.0,25.0,2.832802503596504,163.33333333333334,188.0,370.78,18.0,31.0,4.62646484375,0.000451378427343385,2.503209297638385,420.0,3943.0,1706.578585191302
0.0,20,0,0,1,1,1,482106.6666666667,953.3333333333334,23.33333333333337,-10.0,0.27252070133778233,334.0,17,10,,,,,,,90,56.666666666666664,334.0,249.0,140.0,96.66666666666667,23.0,3.934778820170152,226.66666666666666,209.0,367.18666666666667,18.0,27.0,4.58984375,0.0004770030834102974,2.5995393167010734,450.0,3853.0,1337.3253493013974
0.0,20,0,0,0,1,1,483050.0,943.3333333333334,-10.0,-3.3333333333333712,0.4518930045264241,327.0,17,10,,,,,,,90,56.666666666666664,327.0,215.0,,,,,240.0,214.0,365.3933333333334,8.0,47.0,3.69873046875,0.0004909787993170124,2.579152270892057,,3796.0,2008.8579563429296
0.0,20,0,0,1,1,1,483990.0,940.0,-3.3333333333333712,-50.0,0.5686923861353149,356.0,17,12,,,,,,,90,56.666666666666664,356.0,160.0,146.66666666666666,96.66666666666667,15.0,2.664610830578786,180.0,198.0,375.9066666666667,12.0,41.0,4.96826171875,0.0003922374649835459,2.624989872876111,426.6666666666667,3673.0,1501.0533707865166
0.0,20,0,0,1,1,1,484880.0,890.0,-50.0,-23.33333333333337,0.6085501293169024,294.0,17,10,,,,,,,90,56.666666666666664,294.0,144.0,146.66666666666666,106.66666666666667,24.0,3.363254261663174,170.0,202.0,383.6066666666667,4.0,26.0,4.94384765625,0.00047423775996694253,2.562684585214443,380.0,3708.0,1485.857500895095
0.0,20,0,0,1,1,1,485746.6666666667,866.6666666666666,-23.33333333333337,10.0,0.6431943983469126,324.0,17,12,,,,,,,90,56.666666666666664,324.0,170.0,140.0,93.33333333333333,21.0,3.198509011196423,206.66666666666666,210.0,387.20000000000005,13.0,30.0,5.419921875,0.00038147124600696245,2.5983851589140925,350.0,3526.0,1446.2081128747795
0.0,20,0,0,0,1,1,486623.3333333333,876.6666666666666,10.0,-6.666666666666629,0.7003878225903912,321.0,17,12,,,,,,,90,56.666666666666664,321.0,126.0,,,,,186.66666666666666,195.0,375.66,17.0,50.0,4.13818359375,0.000530965558956822,2.722021883266025,,3645.0,1291.1952779144121
0.0,20,0,0,1,1,1,487493.3333333333,870.0,-6.666666666666629,6.666666666666629,0.6918488417575732,326.0,16,12,,,,,,,90,53.333333333333336,326.0,160.0,143.33333333333334,100.0,20.0,3.068952989544579,200.0,198.0,383.3533333333333,22.0,37.0,4.8828125,0.0003798453897589402,2.4309506629414925,366.6666666666667,3789.0,1388.7339654210818
0.0,20,0,0,1,1,1,488370.0,876.6666666666666,6.666666666666629,-30.0,0.6558929118690076,341.0,16,11,,,,,,,90,53.333333333333336,341.0,137.0,140.0,100.0,23.0,3.850015123067905,203.33333333333334,212.0,382.3266666666667,7.0,34.0,4.79736328125,0.0004206266324013763,2.4598374771320834,373.3333333333333,3927.0,1201.82237117721
0.0,20,0,0,1,1,1,489216.6666666667,846.6666666666666,-30.0,36.66666666666674,0.6098687858066901,353.0,16,10,,,,,,,90,53.333333333333336,353.0,152.0,140.0,93.33333333333333,20.0,3.0449082353948533,240.0,222.0,376.94666666666666,14.0,23.0,5.23681640625,0.000505777322354561,2.628760528820023,343.3333333333333,3856.0,1089.1388652053138
0.0,20,0,0,1,1,1,490100.0,883.3333333333334,36.66666666666674,-150.0,0.5445227418321589,357.0,16,11,,,,,,,90,53.333333333333336,357.0,112.0,143.33333333333334,96.66666666666667,18.0,3.2294668906297357,186.66666666666666,197.0,377.96666666666664,13.0,44.0,4.84619140625,0.0005094821090677467,2.4403458185928617,380.0,3936.0,840.3361344537815
0.0,20,0,0,0,1,1,490833.3333333333,733.3333333333334,-150.0,-476.6666666666667,0.3651214366852383,350.0,16,11,,,,,,,90,53.333333333333336,350.0,132.0,,,,,233.33333333333334,219.0,391.0666666666666,-13.0,54.0,4.82177734375,0.0004682950061475882,2.4991584881097073,,3059.0,1436.2934362934363
3.0,20,0,0,0,0,0,491090.0,256.6666666666667,-476.6666666666667,540.0,0.4490190660403426,216.0,57,35,,,,,,,90,190.0,216.0,926.0,,,,,,,,-22.0,,,,,,3508.0,
0.0,20,0,0,1,1,0,491886.6666666667,796.6666666666666,540.0,96.66666666666674,1.8827446232730378,329.0,16,9,,,,,,,90,53.333333333333336,329.0,153.0,266.6666666666667,116.66666666666667,8.0,1.337940157697993,206.66666666666666,185.0,414.64666666666665,7.0,,,,,,3094.0,
0.0,20,0,0,1,1,1,492780.0,893.3333333333334,96.66666666666674,-36.66666666666674,0.8505956853064292,312.0,14,8,,,,,,,90,46.666666666666664,312.0,199.0,163.33333333333334,116.66666666666667,26.0,3.5479826388568103,210.0,210.0,376.4266666666666,-8.0,33.0,5.48095703125,0.00024580145015773306,2.82894611460009,346.6666666666667,3924.0,2071.005917159763
0.0,20,0,0,1,1,1,493636.6666666667,856.6666666666666,-36.66666666666674,-30.0,0.8010306968406901,333.0,16,9,,,,,,,90,53.333333333333336,333.0,186.0,150.0,110.0,34.0,4.268283638522412,180.0,206.0,388.74,0.0,25.0,5.33447265625,0.0004625259124558494,2.6631756515646123,340.0,3992.0,1660.48401342519
0.0,20,0,0,1,1,1,494463.3333333333,826.6666666666666,-30.0,20.0,0.8777687541023731,329.0,16,10,,,,,,,90,53.333333333333336,329.0,189.0,146.66666666666666,103.33333333333333,24.0,2.512391964400715,180.0,209.0,383.36,9.0,26.0,5.26123046875,0.0004140633191603219,2.8458181271715146,306.6666666666667,4064.0,1556.0988502709129
0.0,20,0,0,0,1,1,495310.0,846.6666666666666,20.0,30.0,0.9931830220400267,331.0,16,8,,,,,,,90,53.333333333333336,331.0,209.0,,,,,183.33333333333334,197.0,383.6133333333333,6.0,67.0,4.2236328125,0.0012436310478809586,2.7278424476875713,,4395.0,2823.1403609047115
0.0,20,0,0,1,1,1,496186.6666666667,876.6666666666666,30.0,3.3333333333333712,0.9686611287838764,354.0,16,9,,,,,,,90,53.333333333333336,354.0,249.0,176.66666666666666,130.0,28.0,4.644124830430965,170.0,217.0,382.3266666666667,-6.0,35.0,5.2734375,0.0004282462541231509,2.7052907410843345,333.3333333333333,4524.0,2864.406779661017
0.0,20,0,0,1,1,1,497066.6666666667,880.0,3.3333333333333712,76.66666666666663,0.8937397481994852,347.0,16,9,,,,,,,90,53.333333333333336,347.0,287.0,150.0,130.0,57.0,3.8107405178362157,183.33333333333334,217.0,378.47999999999996,13.0,43.0,4.55322265625,0.0005025898418830118,2.608076250793064,363.3333333333333,4394.0,2641.250033048674
0.0,20,0,0,1,1,1,498023.3333333333,956.6666666666666,76.66666666666663,-63.33333333333326,0.7697626430137963,374.0,16,9,,,,,,,90,53.333333333333336,374.0,186.0,153.33333333333334,100.0,20.0,2.7912131374897378,233.33333333333334,232.0,373.34000000000003,7.0,34.0,4.833984375,0.00043105627398974417,2.3706543687014126,440.0,4218.0,1464.5114244044723
0.0,20,0,0,1,1,1,498916.6666666667,893.3333333333334,-63.33333333333326,-10.0,0.7080056221776967,328.0,15,9,,,,,,,90,50.0,328.0,209.0,160.0,113.33333333333333,21.0,3.714113194379612,156.66666666666666,186.0,369.76,-4.0,41.0,4.91943359375,0.0003275193146543349,2.609897364941564,363.3333333333333,4383.0,2139.740434101589
0.0,20,0,0,1,1,1,499800.0,883.3333333333334,-10.0,-10.0,0.6390023352776207,368.0,15,9,,,,,,,90,50.0,368.0,167.0,156.66666666666666,110.0,25.0,4.147168425341668,186.66666666666666,201.0,374.6333333333333,2.0,50.0,4.9072265625,0.0004700955857057705,2.4751133121414375,370.0,4311.0,2173.913043478261
0.0,20,0,0,1,1,1,500673.3333333333,873.3333333333334,-10.0,3.3333333333332575,0.6066063475288205,381.0,15,9,,,,,,,90,50.0,381.0,165.0,153.33333333333334,100.0,17.0,2.7202683637529965,223.33333333333334,222.0,376.17333333333335,8.0,29.0,5.23681640625,0.0004075947905244068,2.6280395703893618,360.0,4093.0,1392.5342665500145
0.0,20,0,0,0,1,1,501550.0,876.6666666666666,3.3333333333332575,-10.0,0.6092773725015538,344.0,15,8,,,,,,,90,50.0,344.0,138.0,,,,,240.0,213.0,365.66,14.0,46.0,4.248046875,0.0006197154708290269,2.5396749200287796,,3995.0,1475.8497316636851
0.0,20,0,0,1,1,1,502416.6666666667,866.6666666666666,-10.0,-6.666666666666629,0.4050353692857686,344.0,15,9,,,,,,,90,50.0,344.0,189.0,143.33333333333334,103.33333333333333,29.0,4.280039644893687,180.0,189.0,373.8666666666667,4.0,42.0,4.94384765625,0.0004404072632469563,2.622249367436821,370.0,3750.0,1547.7686989314896
0.0,20,0,0,1,1,1,503276.6666666667,860.0,-6.666666666666629,-6.666666666666629,0.2893302266282725,324.0,15,10,,,,,,,90,50.0,324.0,121.0,146.66666666666666,103.33333333333333,23.0,3.647984730909318,170.0,184.0,381.56,-1.0,41.0,5.4443359375,0.0004003614994661449,2.5944247439805364,353.3333333333333,3798.0,1240.3913347309574
0.0,20,0,0,1,1,1,504130.0,853.3333333333334,-6.666666666666629,-33.33333333333337,0.3339388166493144,357.0,15,9,,,,,,,90,50.0,357.0,156.0,150.0,103.33333333333333,20.0,4.3014273456041145,170.0,182.0,379.25333333333333,-8.0,22.0,5.23681640625,0.00041707774747732425,2.658933539595594,343.3333333333333,3896.0,1076.9356286203802
0.0,20,0,0,1,1,1,504950.0,820.0,-33.33333333333337,0.0,0.4188540154138278,356.0,15,9,,,,,,,90,50.0,356.0,155.0,156.66666666666666,106.66666666666667,24.0,2.9494779232828012,120.0,207.0,424.3866666666667,-9.0,43.0,5.7373046875,0.00023036250277561293,2.7351559985498497,303.3333333333333,4723.0,1203.8523274478332
0.0,20,0,0,0,1,1,505770.0,820.0,0.0,10.0,0.4381533101045297,340.0,15,8,,,,,,,90,50.0,340.0,362.0,,,,,226.66666666666666,209.0,404.3866666666667,22.0,117.0,5.28564453125,0.0012007093239908909,2.776977807790183,,4817.0,4210.282538212136
0.0,20,0,0,1,1,1,506600.0,830.0,10.0,-3.3333333333333712,0.5669348939283102,314.0,15,9,,,,,,,90,50.0,314.0,210.0,150.0,83.33333333333333,14.0,2.6703382059808867,156.66666666666666,193.0,376.17999999999995,-1.0,42.0,5.82275390625,0.0003117136175967875,3.0525648895944237,296.6666666666667,4261.0,3080.941816360123
0.0,20,0,0,0,1,1,507426.6666666667,826.6666666666666,-3.3333333333333712,20.0,0.6024580287573299,354.0,15,9,,,,,,,90,50.0,354.0,176.0,,,,,250.0,218.0,386.6933333333333,12.0,49.0,4.52880859375,0.0009409693724504252,2.6569688735454395,,3851.0,1766.5313917402723
0.0,20,0,0,0,1,1,508273.3333333333,846.6666666666666,20.0,10.0,0.6010916376868336,317.0,15,9,,,,,,,90,50.0,317.0,178.0,,,,,246.66666666666666,215.0,383.6133333333333,9.0,51.0,4.150390625,0.0013689032625307444,2.5404392817800265,,3914.0,1768.7370825628195
0.0,20,0,0,0,1,1,509130.0,856.6666666666666,10.0,46.66666666666674,0.4200357620809482,359.0,15,8,,,,,,,90,50.0,359.0,171.0,,,,,186.66666666666666,185.0,382.0733333333333,-7.0,51.0,4.1748046875,0.0008249258264711728,2.6540979525926742,,3937.0,1385.2797666897234
0.0,20,0,0,1,1,1,510033.3333333333,903.3333333333334,46.66666666666674,10.0,0.3356543176972282,346.0,15,9,,,,,,,90,50.0,346.0,199.0,170.0,123.33333333333333,18.0,2.3287956551477205,193.33333333333334,191.0,381.55333333333334,-9.0,35.0,5.2490234375,0.00025442264006601335,2.6127505945470997,366.6666666666667,4219.0,1253.2842879663688
0.0,20,0,0,1,1,1,510946.6666666667,913.3333333333334,10.0,-20.0,0.43717258171622525,349.0,15,9,,,,,,,90,50.0,349.0,211.0,146.66666666666666,86.66666666666667,10.0,3.385343330442341,186.66666666666666,199.0,373.34666666666664,6.0,33.0,5.078125,0.00036520619228879976,2.7281969638720387,396.6666666666667,4110.0,1748.0917868580095
0.0,20,0,0,0,1,1,511840.0,893.3333333333334,-20.0,6.666666666666629,0.5492499321913664,353.0,15,9,,,,,,,90,50.0,353.0,170.0,,,,,176.66666666666666,188.0,366.4266666666666,11.0,50.0,3.7353515625,0.0007717766289904297,2.6799660134433996,,3911.0,1523.3310171575176
0.0,20,0,0,0,1,1,512740.0,900.0,6.666666666666629,20.0,0.6395633913914767,346.0,18,11,,,,,,,90,60.0,346.0,145.0,,,,,196.66666666666666,194.0,388.7333333333333,22.0,48.0,3.86962890625,0.000672310239088237,2.667734712091015,,3743.0,1525.3692999357738
0.0,20,0,0,1,1,1,513660.0,920.0,20.0,-20.0,0.6338452751158216,311.0,16,9,,,,,,,90,53.333333333333336,311.0,197.0,150.0,103.33333333333333,22.0,1.6421551301250066,190.0,179.0,378.9866666666667,7.0,18.0,4.78515625,0.00034908900789152973,2.526983147848617,400.0,3660.0,1471.0610932475884
0.0,20,0,0,1,1,1,514560.0,900.0,-20.0,-20.0,0.580221214192506,355.0,16,10,,,,,,,90,53.333333333333336,355.0,141.0,140.0,96.66666666666667,17.0,3.300477128024175,210.0,197.0,398.7333333333333,9.0,29.0,4.74853515625,0.00035780278134749517,2.6981530811118875,386.6666666666667,3747.0,896.0660514813015
0.0,20,0,0,0,1,1,515440.0,880.0,-20.0,-10.0,0.47322619576954833,331.0,16,11,,,,,,,90,53.333333333333336,331.0,136.0,,,,,210.0,201.0,385.1466666666667,13.0,47.0,4.0283203125,0.0006626734098231409,2.700472665422088,,3902.0,1633.8861828719403
0.0,20,0,0,0,1,1,516310.0,870.0,-10.0,23.33333333333337,0.32393725846783356,365.0,16,10,,,,,,,90,53.333333333333336,365.0,151.0,,,,,180.0,186.0,380.02,16.0,55.0,4.11376953125,0.0006228595768521716,2.7062902588887088,,4000.0,1339.0184160391907
0.0,20,0,0,1,1,1,517203.3333333333,893.3333333333334,23.33333333333337,-30.0,0.286381689077561,381.0,16,9,,,,,,,90,53.333333333333336,381.0,155.0,146.66666666666666,103.33333333333333,22.0,3.051955827927035,193.33333333333334,210.0,376.4266666666666,1.0,36.0,4.77294921875,0.00040184471808270354,2.538105764781844,386.6666666666667,4150.0,1099.6470268802607
0.0,20,0,0,0,1,1,518066.6666666667,863.3333333333334,-30.0,20.0,0.24243361746162131,340.0,15,10,,,,,,,90,50.0,340.0,204.0,,,,,166.66666666666666,201.0,384.38,-15.0,53.0,4.16259765625,0.0011915489288070763,2.5693041252464193,,4217.0,1942.3608369522303
0.0,20,0,0,1,1,1,518950.0,883.3333333333334,20.0,6.666666666666629,0.37213866713712346,414.0,16,10,,,,,,,90,53.333333333333336,414.0,137.0,153.33333333333334,110.0,21.0,2.967786401495813,183.33333333333334,199.0,377.96666666666664,32.0,25.0,4.69970703125,0.0004881055974776597,2.569776351521782,363.3333333333333,4121.0,897.4870362983646
0.0,20,0,0,1,1,1,519840.0,890.0,6.666666666666629,30.0,0.3630179811133629,380.0,16,9,,,,,,,90,53.333333333333336,380.0,199.0,156.66666666666666,110.0,26.0,2.025389445699595,183.33333333333334,195.0,373.6066666666667,20.0,29.0,4.74853515625,0.0005294059331149715,2.412555093375182,373.3333333333333,4027.0,1106.672932330827
0.0,20,0,0,1,1,1,520760.0,920.0,30.0,-30.0,0.3208110102338712,349.0,17,11,,,,,,,90,56.666666666666664,349.0,128.0,140.0,100.0,18.0,3.984527938861305,210.0,206.0,378.9866666666667,29.0,29.0,4.57763671875,0.0004278625226076338,2.4735918405254034,413.3333333333333,3846.0,1227.008041408633
0.0,20,0,0,1,1,1,521650.0,890.0,-30.0,16.66666666666663,0.30998477267783336,345.0,17,11,,,,,,,90,56.666666666666664,345.0,153.0,156.66666666666666,116.66666666666667,25.0,4.122252560163009,176.66666666666666,196.0,373.6066666666667,9.0,36.0,4.91943359375,0.00037240193016277744,2.6664170660515425,363.3333333333333,3898.0,1252.4930195452735
0.0,20,0,0,1,1,1,522556.6666666667,906.6666666666666,16.66666666666663,16.666666666666742,0.28159597796437935,380.0,15,9,,,,,,,90,50.0,380.0,148.0,156.66666666666666,116.66666666666667,27.0,3.1573214079974736,183.33333333333334,197.0,367.7066666666667,-5.0,44.0,4.87060546875,0.0004389416878647223,2.5430085719877162,396.6666666666667,4001.0,1061.4772224679346
0.0,20,0,0,1,1,1,523480.0,923.3333333333334,16.666666666666742,23.333333333333258,0.31658528902189326,363.0,15,8,,,,,,,90,50.0,363.0,157.0,146.66666666666666,96.66666666666667,20.0,3.803948915895255,203.33333333333334,199.0,368.47333333333336,6.0,37.0,4.6142578125,0.00046705819192747105,2.4538807604359016,423.3333333333333,3984.0,1451.1615800091104
0.0,20,0,0,1,1,1,524426.6666666666,946.6666666666666,23.333333333333258,0.0,0.38969473912102187,365.0,16,9,,,,,,,90,53.333333333333336,365.0,146.0,166.66666666666666,126.66666666666667,21.0,4.848181580041054,186.66666666666666,181.0,371.5466666666667,12.0,30.0,4.62646484375,0.0004562996245774282,2.5270087744640373,416.6666666666667,3823.0,999.4520547945204
0.0,20,0,0,0,1,1,525373.3333333334,946.6666666666666,0.0,-20.0,0.528169014084507,353.0,15,9,,,,,,,90,50.0,353.0,163.0,,,,,246.66666666666666,201.0,368.2133333333333,18.0,50.0,5.517578125,0.0005103340602839454,2.6880910882910594,,3704.0,1631.3373058513237
0.0,20,0,0,1,1,1,526300.0,926.6666666666666,-20.0,-10.0,0.526882586203426,316.0,15,10,,,,,,,90,50.0,316.0,123.0,136.66666666666666,93.33333333333333,18.0,3.747693231961252,196.66666666666666,177.0,381.2933333333333,5.0,22.0,4.9072265625,0.00038821516895582396,2.5779451963042836,423.3333333333333,3584.0,1061.4970597029803
0.0,20,0,0,0,1,1,527216.6666666666,916.6666666666666,-10.0,-43.33333333333326,0.4602740570935145,341.0,16,10,,,,,,,90,53.333333333333336,341.0,112.0,,,,,203.33333333333334,184.0,372.83333333333337,16.0,44.0,5.9326171875,0.00023290847381171657,2.874461317530057,,3644.0,1403.30676645737
0.0,20,0,0,0,1,1,528090.0,873.3333333333334,-43.33333333333326,0.0,0.3548809783795589,351.0,16,9,,,,,,,90,53.333333333333336,351.0,151.0,,,,,186.66666666666666,184.0,379.50666666666666,6.0,53.0,4.28466796875,0.00046100199965684125,2.70720153465488,,3812.0,1515.151515151515
0.0,20,0,0,1,1,1,528963.3333333334,873.3333333333334,0.0,-3.3333333333333712,0.5741548527808069,365.0,16,9,,,,,,,90,53.333333333333336,365.0,163.0,146.66666666666666,106.66666666666667,25.0,3.5396563620885004,183.33333333333334,193.0,379.50666666666666,24.0,43.0,4.91943359375,0.00046257823604722094,2.668056463197912,363.3333333333333,3967.0,1191.4037954002765
0.0,20,0,0,0,1,1,529833.3333333334,870.0,-3.3333333333333712,33.33333333333337,0.6551754223332205,365.0,16,9,,,,,,,90,53.333333333333336,365.0,138.0,,,,,183.33333333333334,191.0,376.68666666666667,15.0,48.0,4.2236328125,0.0006601844633875838,2.6400779633865046,,3976.0,1622.2062004325883
0.0,20,0,0,1,1,1,530736.6666666666,903.3333333333334,33.33333333333337,43.33333333333326,0.6973309997812294,356.0,16,9,,,,,,,90,53.333333333333336,356.0,161.0,146.66666666666666,100.0,23.0,3.748948290839163,193.33333333333334,177.0,381.55333333333334,25.0,46.0,5.3466796875,0.00015350960738816396,2.6097139037345305,396.6666666666667,3774.0,1501.274667170239
0.0,20,0,0,1,1,1,531683.3333333334,946.6666666666666,43.33333333333326,36.66666666666674,0.6714696495718393,342.0,16,9,,,,,,,90,53.333333333333336,342.0,142.0,140.0,93.33333333333333,23.0,3.9238002941580667,246.66666666666666,196.0,368.2133333333333,18.0,29.0,5.11474609375,0.00020694759727784342,2.676048879597259,436.6666666666667,3526.0,1138.3420383018615
0.0,20,0,0,1,1,1,532666.6666666666,983.3333333333334,36.66666666666674,-36.66666666666674,0.6423595403962724,347.0,16,10,,,,,,,90,53.333333333333336,347.0,151.0,136.66666666666666,93.33333333333333,22.0,3.358281987860167,193.33333333333334,164.0,369.23333333333335,8.0,40.0,4.84619140625,0.0003056191919558941,2.6706277147085267,480.0,3581.0,1008.6455331412103
0.0,20,0,0,1,1,1,533613.3333333334,946.6666666666666,-36.66666666666674,-3.3333333333332575,0.6920415224913495,315.0,15,10,,,,,,,90,50.0,315.0,167.0,130.0,93.33333333333333,18.0,3.5907952902319877,186.66666666666666,157.0,371.5466666666667,0.0,27.0,4.79736328125,0.00034835897753258434,2.803211246584707,446.6666666666667,3657.0,1542.2885572139305
0.0,20,0,0,1,1,1,534556.6666666666,943.3333333333334,-3.3333333333332575,-3.3333333333333712,0.7915547372551387,305.0,16,10,,,,,,,90,53.333333333333336,305.0,141.0,163.33333333333334,143.33333333333334,19.0,1.5252576870511412,183.33333333333334,153.0,375.3933333333334,-10.0,38.0,4.9560546875,0.0002103212532551145,2.806912586752966,413.3333333333333,3443.0,1879.9576943416182
0.0,20,0,0,0,1,1,535496.6666666666,940.0,-3.3333333333333712,-26.66666666666663,0.7572468523772503,282.0,15,10,,,,,,,90,50.0,282.0,147.0,,,,,190.0,159.0,372.5733333333334,-18.0,43.0,5.72509765625,0.00032915968081503286,2.7660770802652026,,3434.0,1741.9435112604206
0.0,20,0,0,0,1,1,536410.0,913.3333333333334,-26.66666666666663,-13.333333333333371,0.760309800900207,339.0,16,9,,,,,,,90,53.333333333333336,339.0,149.0,,,,,180.0,177.0,380.0133333333334,-1.0,48.0,5.029296875,0.0001900659834227781,2.7817207096197274,,3656.0,1539.2866720300349
0.0,20,0,0,0,1,1,537310.0,900.0,-13.333333333333371,-46.66666666666663,0.7807284712950601,323.0,16,9,,,,,,,90,53.333333333333336,323.0,203.0,,,,,176.66666666666666,185.0,378.73333333333335,0.0,53.0,6.35986328125,0.000659246424838538,2.7420973723651647,,3903.0,2021.1460949821835
0.0,20,0,0,0,1,1,538163.3333333334,853.3333333333334,-46.66666666666663,-20.0,0.7166161733861571,344.0,16,9,,,,,,,90,53.333333333333336,344.0,158.0,,,,,233.33333333333334,219.0,369.25333333333333,-4.0,46.0,4.1259765625,0.0010751285151256974,2.5692932382341063,,3983.0,1708.3466071997452
0.0,20,0,0,1,1,1,538996.6666666666,833.3333333333334,-20.0,16.66666666666663,0.8391210165479354,357.0,16,9,,,,,,,90,53.333333333333336,357.0,146.0,150.0,103.33333333333333,22.0,3.468515093144587,180.0,183.0,382.33333333333337,10.0,54.0,5.46875,0.00048464454623236447,2.6520900815348307,333.3333333333333,4023.0,1739.4957983193278
0.0,20,0,0,1,1,1,539846.6666666666,850.0,16.66666666666663,10.0,0.940766550522648,356.0,16,8,,,,,,,90,53.333333333333336,356.0,150.0,143.33333333333334,100.0,23.0,3.6567935687507624,240.0,213.0,379.7666666666667,12.0,36.0,5.2734375,0.00041560318087612464,2.5624726499761192,350.0,3824.0,1685.3932584269662
0.0,20,0,0,1,1,1,540706.6666666666,860.0,10.0,23.33333333333337,0.8392983163625367,329.0,16,10,,,,,,,90,53.333333333333336,329.0,147.0,140.0,96.66666666666667,15.0,2.8560314875515562,186.66666666666666,200.0,384.8933333333334,5.0,44.0,5.26123046875,0.00031748593189068826,2.5992557972735946,353.3333333333333,3926.0,1075.2996501691807
0.0,20,0,0,0,1,1,541590.0,883.3333333333334,23.33333333333337,23.333333333333258,0.7869483890247817,369.0,15,10,,,,,,,90,50.0,369.0,192.0,,,,,186.66666666666666,177.0,377.96666666666664,25.0,75.0,4.67529296875,0.001056481552706439,2.573945201327808,,3897.0,2171.518489378442
0.0,20,0,0,1,1,1,542496.6666666666,906.6666666666666,23.333333333333258,0.0,0.6853522128471211,351.0,15,10,,,,,,,90,50.0,351.0,140.0,163.33333333333334,110.0,11.0,3.167575705069231,250.0,208.0,377.7066666666667,12.0,24.0,4.82177734375,0.0004279531103371974,2.4805091989856143,380.0,3744.0,1034.63787674314
0.0,20,0,0,1,1,1,543403.3333333334,906.6666666666666,0.0,23.33333333333337,0.5908613445378151,324.0,16,9,,,,,,,90,53.333333333333336,324.0,161.0,140.0,106.66666666666667,32.0,3.78737285484625,226.66666666666666,204.0,374.37333333333333,13.0,64.0,5.55419921875,0.00048470784903402046,2.6618158238281864,403.3333333333333,3781.0,1760.0244872972146
0.0,20,0,0,1,1,1,544333.3333333334,930.0,23.33333333333337,23.33333333333337,0.591344791021428,368.0,15,8,,,,,,,90,50.0,368.0,170.0,153.33333333333334,103.33333333333333,31.0,3.148912525696897,183.33333333333334,176.0,367.4466666666667,7.0,38.0,4.9072265625,0.00033440843863027356,2.604664551500526,416.6666666666667,3611.0,1043.478260869565
0.0,20,0,0,1,1,1,545286.6666666666,953.3333333333334,23.33333333333337,6.666666666666629,0.6156664858391591,333.0,14,8,,,,,,,90,46.666666666666664,333.0,144.0,153.33333333333334,100.0,19.0,4.5020200200824085,190.0,179.0,363.85333333333335,16.0,29.0,4.78515625,0.00034042027631378687,2.596604073106234,440.0,3708.0,982.8009828009828
0.0,20,0,0,1,1,1,546246.6666666666,960.0,6.666666666666629,-30.0,0.6742313762310966,365.0,14,9,,,,,,,90,46.666666666666664,365.0,129.0,143.33333333333334,96.66666666666667,14.0,2.1330734808141756,190.0,179.0,366.15999999999997,2.0,31.0,4.6875,0.00039229643632438926,2.5425637138607002,453.3333333333333,3786.0,1027.3972602739727
0.0,20,0,0,0,1,1,547176.6666666666,930.0,-30.0,16.66666666666663,0.6670835939128623,336.0,15,8,,,,,,,90,50.0,336.0,144.0,,,,,190.0,185.0,370.78,-5.0,47.0,5.712890625,0.000664274730865066,2.6651785931723575,,3866.0,1519.423558897243
0.0,20,0,0,1,1,1,548123.3333333334,946.6666666666666,16.66666666666663,-3.3333333333332575,0.5351384552387777,333.0,15,9,,,,,,,90,50.0,333.0,175.0,136.66666666666666,86.66666666666667,19.0,2.9875774258333383,246.66666666666666,208.0,368.2133333333333,6.0,27.0,4.79736328125,0.0004077046722819124,2.4821340650150274,443.3333333333333,3807.0,1253.1328320802004
0.0,20,0,0,1,1,1,549066.6666666666,943.3333333333334,-3.3333333333332575,-3.3333333333333712,0.4127554254323745,369.0,14,8,,,,,,,90,46.666666666666664,369.0,141.0,163.33333333333334,113.33333333333333,16.0,4.0500446525613825,186.66666666666666,191.0,365.3933333333334,-20.0,39.0,4.79736328125,0.00040426036083119254,2.5533011356442454,420.0,3817.0,1058.2010582010582
0.0,20,0,0,1,1,1,550006.6666666666,940.0,-3.3333333333333712,-13.333333333333371,0.30062700039376833,330.0,14,8,,,,,,,90,46.666666666666664,330.0,169.0,150.0,96.66666666666667,20.0,3.9000542039448796,180.0,190.0,362.5733333333334,12.0,34.0,5.126953125,0.00026480835503094014,2.501985830728225,430.0,3942.0,1190.9795630725864
0.0,20,0,0,1,1,1,550933.3333333334,926.6666666666666,-13.333333333333371,-36.66666666666663,0.1869831360467002,368.0,15,9,,,,,,,90,50.0,368.0,162.0,146.66666666666666,93.33333333333333,18.0,3.840157536755374,186.66666666666666,202.0,367.96000000000004,-13.0,33.0,4.6875,0.0007323817431674458,2.552938328956111,420.0,3862.0,1035.1966873706003
0.0,20,0,0,0,1,1,551823.3333333334,890.0,-36.66666666666663,26.66666666666663,0.043971076802814146,335.0,15,9,,,,,,,90,50.0,335.0,129.0,,,,,243.33333333333334,228.0,370.27333333333337,9.0,54.0,3.80859375,0.0011613550964209509,2.6184659884505055,,4088.0,1616.4460715291466
0.0,20,0,0,1,1,1,552740.0,916.6666666666666,26.66666666666663,20.0,0.3216371141958804,365.0,14,8,,,,,,,90,46.666666666666664,365.0,163.0,146.66666666666666,96.66666666666667,21.0,3.120702097171609,186.66666666666666,186.0,372.83333333333337,14.0,47.0,4.833984375,0.0002469697589129945,2.6307583704891733,416.6666666666667,3971.0,1578.0821917808219
0.0,20,0,0,0,1,1,553676.6666666666,936.6666666666666,20.0,16.666666666666742,0.3489386449549288,364.0,14,8,,,,,,,90,46.666666666666664,364.0,141.0,,,,,206.66666666666666,193.0,366.42,6.0,50.0,5.712890625,0.000568767439356851,2.716148322670967,,3875.0,1370.4318936877075
0.0,20,0,0,1,1,1,554630.0,953.3333333333334,16.666666666666742,-10.0,0.267571276109163,336.0,15,8,,,,,,,90,50.0,336.0,157.0,163.33333333333334,126.66666666666667,22.0,2.0346266317960477,170.0,168.0,367.18666666666667,-9.0,37.0,4.7119140625,0.0003164311902197884,2.625256155384105,430.0,3737.0,1052.048726467331
0.0,20,0,0,1,1,1,555573.3333333334,943.3333333333334,-10.0,-16.666666666666742,0.2990137791144995,335.0,14,9,,,,,,,90,46.666666666666664,335.0,147.0,140.0,90.0,9.0,2.918492415684062,186.66666666666666,188.0,365.3933333333334,-6.0,39.0,4.931640625,0.00025931080319229334,2.5495391999649177,436.6666666666667,3748.0,1148.4561923208385
0.0,20,0,0,0,1,1,556500.0,926.6666666666666,-16.666666666666742,-3.3333333333332575,0.2651113467656416,323.0,14,8,,,,,,,90,46.666666666666664,323.0,135.0,,,,,190.0,187.0,367.96000000000004,-12.0,42.0,5.62744140625,0.0004793206883929027,2.718575813268041,,3921.0,1607.7345065450004
0.0,20,0,0,0,1,1,557423.3333333334,923.3333333333334,-3.3333333333332575,-3.3333333333333712,0.2705744503715581,393.0,14,8,,,,,,,90,46.666666666666664,393.0,113.0,,,,,186.66666666666666,182.0,368.47333333333336,-2.0,35.0,5.72509765625,0.0004721915841663164,2.5772439883262486,,3770.0,1102.1274673652829
0.0,20,0,0,1,1,1,558343.3333333334,920.0,-3.3333333333333712,0.0,0.31023384875648574,312.0,14,8,,,,,,,90,46.666666666666664,312.0,162.0,133.33333333333334,80.0,8.0,2.0601835013383845,246.66666666666666,204.0,368.9866666666667,6.0,37.0,4.78515625,0.00032982461373026197,2.5430339021043,426.6666666666667,3746.0,1359.675480769231
0.0,20,0,0,1,1,1,559263.3333333334,920.0,0.0,6.666666666666629,0.3454968944099379,329.0,15,8,,,,,,,90,50.0,329.0,146.0,166.66666666666666,120.0,6.0,1.8412665206769123,230.0,196.0,372.32,5.0,32.0,4.84619140625,0.00030287396184065866,2.549181242255809,393.3333333333333,3551.0,1050.9504919890783
0.0,20,0,0,1,1,1,560190.0,926.6666666666666,6.666666666666629,-10.0,0.1544807170803403,351.0,15,9,,,,,,,90,50.0,351.0,123.0,166.66666666666666,126.66666666666667,12.0,2.297039800705045,250.0,197.0,371.2933333333333,1.0,32.0,4.84619140625,0.00032379739919464345,2.5128764879300354,393.3333333333333,3578.0,912.6466753585398
0.0,20,0,0,1,1,1,561106.6666666666,916.6666666666666,-10.0,3.3333333333333712,0.11641772633353549,324.0,15,8,,,,,,,90,50.0,324.0,134.0,130.0,86.66666666666667,12.0,2.3283260716317447,186.66666666666666,164.0,372.83333333333337,-3.0,30.0,4.87060546875,0.00024920937103245575,2.578055665495378,426.6666666666667,3670.0,1056.1342592592594
0.0,20,0,0,1,1,1,562026.6666666666,920.0,3.3333333333333712,-10.0,0.1527161660970111,333.0,14,8,,,,,,,90,46.666666666666664,333.0,164.0,170.0,126.66666666666667,13.0,2.245793730899994,193.33333333333334,167.0,375.65333333333336,-4.0,26.0,5.0048828125,0.0002543419328676539,2.7506750574970313,386.6666666666667,3558.0,1374.650512581547
0.0,20,0,0,1,1,1,562936.6666666666,910.0,-10.0,3.3333333333333712,0.0,309.0,14,8,,,,,,,90,46.666666666666664,309.0,149.0,170.0,123.33333333333333,7.0,2.1739540610722283,180.0,164.0,373.85999999999996,-4.0,22.0,4.931640625,0.00026824296614809813,2.689903634228447,373.3333333333333,3649.0,1161.5811373092927
0.0,20,0,0,1,1,1,563850.0,913.3333333333334,3.3333333333333712,-10.0,0.0,342.0,14,8,,,,,,,90,46.666666666666664,342.0,148.0,173.33333333333334,133.33333333333334,14.0,1.8219436743765538,206.66666666666666,187.0,370.0133333333334,0.0,30.0,5.0048828125,0.0002351836232862955,2.5760815666331114,376.6666666666667,3746.0,939.2951405061326
0.0,20,0,0,1,1,1,564753.3333333334,903.3333333333334,-10.0,3.3333333333332575,0.0,354.0,14,9,,,,,,,90,46.666666666666664,354.0,146.0,173.33333333333334,126.66666666666667,8.0,0.7911702681234214,183.33333333333334,176.0,374.88666666666666,-20.0,41.0,4.98046875,0.0003316093038490099,2.6410706750777675,366.6666666666667,3829.0,1425.2696456086287
0.0,20,0,0,1,1,1,565660.0,906.6666666666666,3.3333333333332575,-6.666666666666629,0.0,327.0,15,8,,,,,,,90,50.0,327.0,133.0,176.66666666666666,133.33333333333334,13.0,1.120224799693899,190.0,181.0,377.7066666666667,1.0,34.0,5.13916015625,0.00025260557533870716,2.628365479026292,370.0,3821.0,1074.4689643772213
0.0,20,0,0,1,1,1,566560.0,900.0,-6.666666666666629,-3.3333333333333712,0.0,364.0,14,8,,,,,,,90,46.666666666666664,364.0,154.0,123.33333333333333,80.0,15.0,2.089687661007991,170.0,186.0,375.4,-16.0,36.0,4.89501953125,0.0002929675088746545,2.626245460234786,410.0,3942.0,964.8887697668184
0.0,20,0,0,0,1,1,567456.6666666666,896.6666666666666,-3.3333333333333712,3.3333333333333712,0.0,366.0,14,8,,,,,,,90,46.666666666666664,366.0,155.0,,,,,186.66666666666666,191.0,372.58000000000004,16.0,34.0,3.89404296875,0.000554891645617964,2.64876067168363,,4076.0,1372.950819672131
0.0,20,0,0,0,1,1,568356.6666666666,900.0,3.3333333333333712,10.0,0.0,348.0,14,8,,,,,,,90,46.666666666666664,348.0,147.0,,,,,186.66666666666666,192.0,372.06666666666666,7.0,41.0,3.9306640625,0.0004586897946143254,2.6274948946275387,,3844.0,1468.7100893997444
0.0,20,0,0,0,1,1,569266.6666666666,910.0,10.0,6.666666666666629,0.0,309.0,15,9,,,,,,,90,50.0,309.0,123.0,,,,,173.33333333333334,183.0,373.85999999999996,-4.0,39.0,4.0771484375,0.0003586906213115286,2.6723469206556913,,3797.0,1598.3897703054702
0.0,20,0,0,1,1,1,570183.3333333334,916.6666666666666,6.666666666666629,3.3333333333333712,0.0,348.0,14,8,,,,,,,90,46.666666666666664,348.0,135.0,160.0,116.66666666666667,13.0,2.3139098241116756,250.0,226.0,376.1666666666667,4.0,46.0,4.89501953125,0.0004436474547610191,2.524060865710762,396.6666666666667,3926.0,1166.3286004056795
0.0,20,0,0,1,1,1,571103.3333333334,920.0,3.3333333333333712,3.3333333333333712,0.0,384.0,14,8,,,,,,,90,46.666666666666664,384.0,141.0,180.0,76.66666666666667,7.0,-0.8401640496825404,230.0,226.0,372.32,2.0,27.0,4.833984375,0.0004996901271336244,2.5552800728412914,373.3333333333333,4065.0,1130.0223214285716
0.0,20,0,0,1,1,1,572026.6666666666,923.3333333333334,3.3333333333333712,13.333333333333258,0.0,331.0,15,8,,,,,,,90,50.0,331.0,162.0,183.33333333333334,80.0,7.0,0.8914876625697055,253.33333333333334,216.0,375.14000000000004,12.0,31.0,4.87060546875,0.00035203241502485965,2.388680304087445,376.6666666666667,3798.0,1195.0913028366708
0.0,20,0,0,1,1,1,572963.3333333334,936.6666666666666,13.333333333333258,-13.333333333333258,0.0023201138402524283,311.0,14,8,,,,,,,90,46.666666666666664,311.0,127.0,140.0,90.0,10.0,2.7603016668555185,180.0,188.0,366.42,1.0,29.0,4.87060546875,0.00033108966438413214,2.5106254130319328,430.0,3522.0,994.5412398115607
0.0,20,0,0,1,1,1,573886.6666666666,923.3333333333334,-13.333333333333258,6.666666666666629,0.11365716726673583,315.0,14,9,,,,,,,90,46.666666666666664,315.0,137.0,183.33333333333334,73.33333333333333,7.0,1.1558471472844793,190.0,195.0,368.47333333333336,-12.0,28.0,4.78515625,0.0003929083129269781,2.5701269419419237,376.6666666666667,3654.0,1095.6595027391486
0.0,20,0,0,0,1,1,574816.6666666666,930.0,6.666666666666629,-6.666666666666629,0.07734829421228497,360.0,14,9,,,,,,,90,46.666666666666664,360.0,143.0,,,,,173.33333333333334,181.0,370.78,-3.0,40.0,5.65185546875,0.0003616139751860323,2.686333456172441,,3780.0,1335.2826510721247
0.0,20,0,0,1,1,1,575740.0,923.3333333333334,-6.666666666666629,0.0,0.07527960997992543,337.0,18,12,,,,,,,90,60.0,337.0,183.0,120.0,100.0,24.0,1.470574493472144,246.66666666666666,202.0,378.47333333333336,32.0,32.0,4.8095703125,0.00035556524475402864,2.619929717439113,430.0,3775.0,1525.0845352287627
0.0,20,0,0,1,1,1,576663.3333333334,923.3333333333334,0.0,-13.333333333333371,0.0,351.0,17,12,,,,,,,90,56.666666666666664,351.0,155.0,186.66666666666666,90.0,6.0,0.9837999181008801,183.33333333333334,166.0,378.47333333333336,27.0,32.0,4.89501953125,0.0003020851619539187,2.6508465037436832,366.6666666666667,3535.0,994.5609945609945
0.0,20,0,0,0,1,1,577573.3333333334,910.0,-13.333333333333371,-3.3333333333333712,0.0,361.0,18,11,,,,,,,90,60.0,361.0,127.0,,,,,246.66666666666666,185.0,380.5266666666667,29.0,48.0,4.2724609375,0.0001754256053774837,2.6756189781852933,,3710.0,1177.7101779311047
0.0,20,0,0,0,1,1,578480.0,906.6666666666666,-3.3333333333333712,13.333333333333371,0.0007849868645531331,370.0,14,9,,,,,,,90,46.666666666666664,370.0,157.0,,,,,190.0,174.0,377.7066666666667,-13.0,52.0,4.08935546875,0.00020107939660557765,2.7849747315242945,,3832.0,1387.8295473387498
0.0,20,0,0,0,1,1,579400.0,920.0,13.333333333333371,-30.0,0.0393791741924644,333.0,14,9,,,,,,,90,46.666666666666664,333.0,152.0,,,,,186.66666666666666,168.0,372.32,27.0,47.0,4.4677734375,0.00024400509219089686,2.762469083904988,,3886.0,1541.3003364810593
0.0,20,0,0,0,1,1,580290.0,890.0,-30.0,-10.0,0.04195282637745113,347.0,14,9,,,,,,,90,46.666666666666664,347.0,146.0,,,,,210.0,176.0,380.27333333333337,45.0,37.0,3.80859375,0.0004638108394039777,2.7248170650735437,,3883.0,1400.7952431328204
0.0,20,0,0,1,1,1,581170.0,880.0,-10.0,3.3333333333333712,0.20389814725620525,349.0,14,8,,,,,,,90,46.666666666666664,349.0,138.0,190.0,146.66666666666666,9.0,0.9056230314932101,186.66666666666666,170.0,378.47999999999996,5.0,20.0,5.26123046875,0.00035671140804945545,2.707250880399089,326.6666666666667,3892.0,938.5416057540494
0.0,20,0,0,1,1,1,582053.3333333334,883.3333333333334,3.3333333333333712,-33.33333333333337,0.3660436979882477,333.0,14,8,,,,,,,90,46.666666666666664,333.0,111.0,130.0,90.0,11.0,3.202103154380156,190.0,178.0,377.96666666666664,20.0,20.0,4.84619140625,0.00030649211705592686,2.7231350051178103,390.0,3939.0,1185.8011858011857
0.0,20,0,0,0,1,1,582903.3333333334,850.0,-33.33333333333337,10.0,0.4078549848942598,332.0,16,9,,,,,,,90,53.333333333333336,332.0,165.0,,,,,183.33333333333334,190.0,386.43333333333334,-13.0,47.0,4.1015625,0.0007485855885036967,2.6678618235763163,,3723.0,1994.1836310760284
0.0,20,0,0,0,1,1,583763.3333333334,860.0,10.0,-6.666666666666629,0.5880969183721477,328.0,16,10,,,,,,,90,53.333333333333336,328.0,131.0,,,,,200.0,209.0,404.8933333333333,15.0,50.0,4.1015625,0.0008036091248567413,2.6896249387014146,,3566.0,1418.6162269785964
0.0,20,0,0,1,1,1,584616.6666666666,853.3333333333334,-6.666666666666629,30.0,0.5823161952019139,331.0,16,9,,,,,,,90,53.333333333333336,331.0,126.0,143.33333333333334,106.66666666666667,22.0,4.468175099209628,180.0,192.0,385.91999999999996,13.0,16.0,5.224609375,0.0004085904317347004,2.723192506618775,326.6666666666667,3650.0,804.6118749614649
0.0,20,0,0,1,1,1,585500.0,883.3333333333334,30.0,26.66666666666663,0.6273490737539452,359.0,16,9,,,,,,,90,53.333333333333336,359.0,144.0,136.66666666666666,100.0,27.0,3.2975643801771177,170.0,190.0,384.6333333333333,14.0,34.0,4.72412109375,0.00047172695979083145,2.551008407582816,380.0,3765.0,835.6545961002785
0.0,20,0,0,0,1,1,586410.0,910.0,26.66666666666663,13.333333333333371,0.6036786414671464,354.0,16,9,,,,,,,90,53.333333333333336,354.0,155.0,,,,,193.33333333333334,185.0,380.5266666666667,13.0,50.0,3.74755859375,0.00065006146988804,2.7239656524057168,,3729.0,1626.9093952709773
0.0,20,0,0,1,1,1,587333.3333333334,923.3333333333334,13.333333333333371,0.0,0.4731737429115487,324.0,16,9,,,,,,,90,53.333333333333336,324.0,151.0,150.0,130.0,22.0,2.481286289668164,190.0,185.0,378.47333333333336,11.0,23.0,4.6142578125,0.0004238017933103589,2.6207192339784178,403.3333333333333,3624.0,925.925925925926
0.0,20,0,0,0,1,1,588256.6666666666,923.3333333333334,0.0,0.0,0.5817431665807117,343.0,14,8,,,,,,,90,46.666666666666664,343.0,147.0,,,,,206.66666666666666,203.0,388.4733333333334,-8.0,34.0,4.0771484375,0.0004977084951782444,2.6419667902093598,,3892.0,1314.5720221364852
0.0,20,0,0,0,1,1,589180.0,923.3333333333334,0.0,-6.6666666666667425,0.6575554409489427,377.0,14,8,,,,,,,90,46.666666666666664,377.0,170.0,,,,,210.0,195.0,391.8066666666667,-27.0,42.0,3.89404296875,0.00042223969289054435,2.7918595400756256,,4053.0,1445.0537826886462
0.0,20,0,0,1,1,1,590096.6666666666,916.6666666666666,-6.6666666666667425,-3.3333333333332575,0.6561029957910373,315.0,16,9,,,,,,,90,53.333333333333336,315.0,196.0,100.0,80.0,24.0,2.180462909966332,186.66666666666666,177.0,379.50000000000006,13.0,31.0,4.78515625,0.0004079516158054235,2.773950779016781,430.0,4308.0,1816.168327796235
0.0,20,0,0,1,1,1,591010.0,913.3333333333334,-3.3333333333332575,-26.666666666666742,0.581340980642748,353.0,16,8,,,,,,,90,53.333333333333336,353.0,261.0,230.0,103.33333333333333,35.0,2.8742280155525233,163.33333333333334,213.0,386.67999999999995,-22.0,59.0,6.6650390625,3.526553670096959e-05,2.8423915545093603,316.6666666666667,4592.0,3140.002981959147
0.0,20,0,0,0,1,1,591896.6666666666,886.6666666666666,-26.666666666666742,26.666666666666742,0.4280393138850632,339.0,16,8,,,,,,,90,53.333333333333336,339.0,317.0,,,,,180.0,201.0,387.4533333333333,-11.0,57.0,4.57763671875,0.0007690946331229448,2.7610486278321584,,4657.0,3609.2313031407257
0.0,20,0,0,1,1,1,592810.0,913.3333333333334,26.666666666666742,-76.66666666666674,0.31882004379750095,394.0,19,12,,,,,,,90,63.333333333333336,394.0,183.0,300.0,113.33333333333333,26.0,1.925922584118723,186.66666666666666,190.0,386.67999999999995,50.0,26.0,6.4697265625,0.0003338018926477095,2.876361632107367,226.66666666666666,4167.0,1657.2111077933712
0.0,20,0,0,1,1,1,593646.6666666666,836.6666666666666,-76.66666666666674,6.6666666666667425,0.16215962147087395,351.0,18,12,,,,,,,90,60.0,351.0,160.0,143.33333333333334,90.0,18.0,3.4517300302304523,243.33333333333334,230.0,391.82000000000005,21.0,25.0,5.74951171875,0.0004011663324017377,2.794054515356536,316.6666666666667,4086.0,1250.5623031938821
0.0,20,0,0,1,1,1,594490.0,843.3333333333334,6.6666666666667425,10.0,0.4728899207866703,382.0,18,12,,,,,,,90,60.0,382.0,177.0,140.0,100.0,21.0,2.7792505824367595,210.0,210.0,397.46,37.0,48.0,5.50537109375,0.00046280884863872715,2.6954320534478615,333.3333333333333,4421.0,1727.7486910994764
0.0,20,0,0,0,1,1,595343.3333333334,853.3333333333334,10.0,33.33333333333326,0.6367772747287487,358.0,18,11,,,,,,,90,60.0,358.0,346.0,,,,,230.0,255.0,435.91999999999996,6.0,67.0,4.30908203125,0.00011904268823006974,2.96680226197261,,5286.0,2973.6964618249535
0.0,20,0,0,0,1,1,596230.0,886.6666666666666,33.33333333333326,23.33333333333337,0.7109401137504181,402.0,19,12,,,,,,,90,63.333333333333336,402.0,448.0,,,,,203.33333333333334,204.0,394.12,2.0,85.0,7.40966796875,0.00022834230274874646,2.8886910603840708,,5434.0,4472.28144989339
0.0,20,0,0,0,1,1,597140.0,910.0,23.33333333333337,-3.3333333333333712,0.6827770561143974,332.0,18,11,,,,,,,90,60.0,332.0,319.0,,,,,183.33333333333334,211.0,383.85999999999996,2.0,63.0,3.82080078125,0.00048241978117835046,3.022629155497045,,4989.0,3868.599397590361
0.0,20,0,0,1,1,1,598046.6666666666,906.6666666666666,-3.3333333333333712,-40.0,0.5887401484148498,348.0,18,12,,,,,,,90,60.0,348.0,276.0,156.66666666666666,116.66666666666667,22.0,2.373855240062502,166.66666666666666,214.0,387.70666666666665,15.0,34.0,4.87060546875,0.0007920457471936391,2.5704262560627225,373.3333333333333,4457.0,2209.0517241379307
0.0,20,0,0,1,1,1,598913.3333333334,866.6666666666666,-40.0,26.666666666666742,0.5913831532024055,336.0,18,12,,,,,,,90,60.0,336.0,240.0,253.33333333333334,73.33333333333333,20.0,1.8835425118339426,186.66666666666666,218.0,387.20000000000005,15.0,37.0,6.591796875,0.00027182054320582503,2.9064354877838046,236.66666666666666,4421.0,2603.118712273642
0.0,20,0,0,1,1,1,599806.6666666666,893.3333333333334,26.666666666666742,13.333333333333258,0.6169280442804429,361.0,18,12,,,,,,,90,60.0,361.0,235.0,136.66666666666666,100.0,26.0,3.2209411975029933,250.0,239.0,386.4266666666666,29.0,52.0,4.99267578125,0.000597373882412935,2.6290721157489,386.6666666666667,4458.0,2235.1705033909634
0.0,20,0,0,1,1,1,600713.3333333334,906.6666666666666,13.333333333333258,26.666666666666742,0.5587351323698683,400.0,19,12,,,,,,,90,63.333333333333336,400.0,217.0,153.33333333333334,116.66666666666667,22.0,2.5626953482480648,173.33333333333334,202.0,384.37333333333333,33.0,41.0,4.84619140625,0.0005749951508695321,2.4176931463918123,380.0,4449.0,2434.2105263157896
0.0,20,0,0,1,1,1,601646.6666666666,933.3333333333334,26.666666666666742,16.66666666666663,0.5109914336104813,363.0,18,12,,,,,,,90,60.0,363.0,229.0,153.33333333333334,113.33333333333333,23.0,4.204970347184471,256.6666666666667,243.0,366.93333333333334,26.0,36.0,4.78515625,0.0005505017287290596,2.5184407418149437,406.6666666666667,4458.0,2093.212301856117
0.0,20,0,0,1,1,1,602596.6666666666,950.0,16.66666666666663,-26.66666666666663,0.45901973784872746,372.0,19,12,,,,,,,90,63.333333333333336,372.0,213.0,146.66666666666666,103.33333333333333,19.0,3.3563880246433655,180.0,208.0,384.3666666666667,25.0,65.0,4.77294921875,0.0006943508564008178,2.598184417824794,443.3333333333333,4434.0,2134.368178510793
0.0,20,0,0,1,1,1,603520.0,923.3333333333334,-26.66666666666663,3.3333333333332575,0.45062892450899755,404.0,19,12,,,,,,,90,63.333333333333336,404.0,223.0,280.0,150.0,16.0,0.6765397857385036,183.33333333333334,193.0,375.14000000000004,25.0,30.0,5.419921875,0.00021440674759749456,2.872942595117008,263.3333333333333,4366.0,1513.3475372853743
0.0,20,0,0,1,1,1,604446.6666666666,926.6666666666666,3.3333333333332575,-6.666666666666629,0.42544633187908043,389.0,17,11,,,,,,,90,56.666666666666664,389.0,217.0,140.0,120.0,21.0,2.6359216471005897,220.0,201.0,394.6266666666666,27.0,56.0,4.9560546875,0.00019860515317789154,2.6724156273721276,423.3333333333333,4390.0,1797.4616926097606
0.0,20,0,0,1,1,1,605366.6666666666,920.0,-6.666666666666629,0.0,0.4232366424768209,377.0,17,12,,,,,,,90,56.666666666666664,377.0,162.0,120.0,86.66666666666667,11.0,1.1379187955428716,190.0,192.0,388.9866666666667,58.0,34.0,5.56640625,0.0001656106846037677,2.7335176164655186,410.0,4166.0,1183.9296111794008
0.0,20,0,0,1,1,1,606286.6666666666,920.0,0.0,-13.333333333333371,0.38354037267080743,356.0,17,11,,,,,,,90,56.666666666666664,356.0,159.0,120.0,100.0,25.0,2.0675748800202047,173.33333333333334,179.0,385.6533333333333,55.0,44.0,5.38330078125,0.00023690988553311132,2.645867485917667,423.3333333333333,3988.0,1433.2478103158455
0.0,20,0,0,0,1,1,607193.3333333334,906.6666666666666,-13.333333333333371,0.0,0.15377127945988484,348.0,18,11,,,,,,,90,60.0,348.0,126.0,,,,,186.66666666666666,187.0,387.70666666666665,20.0,47.0,4.01611328125,0.0003459464197658023,2.672841388420912,,3726.0,1263.283452613316
0.0,20,0,0,0,1,1,608100.0,906.6666666666666,0.0,0.0,0.07878151260504201,340.0,18,12,,,,,,,90,60.0,340.0,145.0,,,,,190.0,187.0,387.70666666666665,15.0,39.0,3.91845703125,0.00029306097359013276,2.7876291732830616,,3758.0,1502.233804914371
0.0,20,0,0,1,1,1,609006.6666666666,906.6666666666666,0.0,10.0,0.07956932773109243,334.0,17,11,,,,,,,90,56.666666666666664,334.0,180.0,120.0,100.0,16.0,2.228739700718677,246.66666666666666,218.0,384.37333333333333,33.0,40.0,5.11474609375,0.0003870571211766339,2.575989703659338,413.3333333333333,3849.0,1600.8305968707748
0.0,20,0,0,0,1,1,609923.3333333334,916.6666666666666,10.0,-16.66666666666663,0.11578328309931633,386.0,18,11,,,,,,,90,60.0,386.0,136.0,,,,,193.33333333333334,200.0,386.1666666666667,24.0,49.0,4.74853515625,0.0002545201130557904,2.7357138206472458,,3905.0,1296.9261578562573
0.0,20,0,0,1,1,1,610823.3333333334,900.0,-16.66666666666663,-6.666666666666629,0.0,364.0,18,12,,,,,,,90,60.0,364.0,114.0,136.66666666666666,100.0,18.0,2.6350623129160358,166.66666666666666,193.0,385.4,16.0,38.0,4.91943359375,0.00041318521377407683,2.629040006030907,383.3333333333333,3977.0,946.0105112279026
0.0,20,0,0,1,1,1,611716.6666666666,893.3333333333334,-6.666666666666629,3.3333333333332575,0.0,385.0,18,13,,,,,,,90,60.0,385.0,135.0,130.0,93.33333333333333,21.0,4.277544192922189,243.33333333333334,224.0,386.4266666666666,31.0,39.0,4.98046875,0.0003758435850452998,2.5867789005259088,386.6666666666667,3862.0,873.2646663681146
0.0,20,0,0,1,1,1,612613.3333333334,896.6666666666666,3.3333333333332575,40.0,0.0,360.0,18,11,,,,,,,90,60.0,360.0,147.0,143.33333333333334,103.33333333333333,24.0,2.3445271290217544,246.66666666666666,232.0,385.91333333333336,27.0,42.0,4.91943359375,0.00044119295688373525,2.416384829001004,386.6666666666667,3967.0,1070.4022988505749
0.0,20,0,0,0,1,1,613550.0,936.6666666666666,40.0,-10.0,0.004775346477916676,388.0,18,12,,,,,,,90,60.0,388.0,154.0,,,,,170.0,201.0,379.75333333333333,18.0,52.0,4.69970703125,0.0003774013313406006,2.4837116847804026,,3912.0,1399.116347569956
0.0,20,0,0,1,1,1,614476.6666666666,926.6666666666666,-10.0,-6.666666666666629,0.22958638855271588,339.0,18,12,,,,,,,90,60.0,339.0,115.0,110.0,90.0,16.0,1.1768508735023087,186.66666666666666,206.0,381.2933333333333,22.0,30.0,4.69970703125,0.0006920227060892268,2.4983950840763414,443.3333333333333,3847.0,1257.5687005123427
0.0,20,0,0,1,1,1,615396.6666666666,920.0,-6.666666666666629,-10.0,0.2690520732685073,340.0,18,12,,,,,,,90,60.0,340.0,128.0,123.33333333333333,90.0,6.0,3.0708286154519033,186.66666666666666,200.0,385.6533333333333,27.0,37.0,4.62646484375,0.00034875390263414087,2.502147367189925,423.3333333333333,3745.0,1069.9397869383977
0.0,20,0,0,1,1,1,616306.6666666666,910.0,-10.0,-26.66666666666663,0.23219333395458636,340.0,18,13,,,,,,,90,60.0,340.0,143.0,143.33333333333334,110.0,23.0,4.352225981350724,193.33333333333334,202.0,387.19333333333327,33.0,37.0,4.9560546875,0.0004308216139855418,2.4932710512805243,386.6666666666667,3833.0,1102.941176470588
0.0,20,0,0,1,1,1,617190.0,883.3333333333334,-26.66666666666663,13.333333333333258,0.19870358347121286,340.0,19,13,,,,,,,90,63.333333333333336,340.0,126.0,136.66666666666666,103.33333333333333,19.0,3.9588464673185797,173.33333333333334,186.0,391.2999999999999,14.0,31.0,4.8583984375,0.00033420207236920646,2.5786451440947675,370.0,3770.0,842.6073131955485
0.0,20,0,0,0,1,1,618086.6666666666,896.6666666666666,13.333333333333258,43.33333333333337,0.32416090021341265,324.0,17,10,,,,,,,90,56.666666666666664,324.0,150.0,,,,,193.33333333333334,192.0,389.2466666666666,37.0,50.0,3.759765625,0.00043785227558231117,2.8504638177684978,,3766.0,1508.269275564873
0.0,20,0,0,1,1,1,619026.6666666666,940.0,43.33333333333337,-10.0,0.3589202151929628,366.0,18,12,,,,,,,90,60.0,366.0,136.0,133.33333333333334,96.66666666666667,23.0,3.9357844187592086,193.33333333333334,184.0,382.5733333333333,16.0,30.0,4.833984375,0.0002863562551063318,2.523692573795295,423.3333333333333,3755.0,987.4790241383762
0.0,20,0,0,0,1,1,619956.6666666666,930.0,-10.0,-6.666666666666629,0.37926002492931626,340.0,17,11,,,,,,,90,56.666666666666664,340.0,138.0,,,,,193.33333333333334,191.0,384.1133333333333,39.0,52.0,4.47998046875,0.0004118479464256378,2.4847790697485403,,3934.0,1463.5435012328285
0.0,20,0,0,1,1,1,620880.0,923.3333333333334,-6.666666666666629,3.3333333333332575,0.34490351919374,363.0,19,12,,,,,,,90,63.333333333333336,363.0,148.0,140.0,100.0,18.0,3.589624739009345,190.0,191.0,385.14,6.0,35.0,4.77294921875,0.00038030598935552014,2.6508337650794944,403.3333333333333,3978.0,1215.7639505498257
0.0,20,0,0,1,1,1,621806.6666666666,926.6666666666666,3.3333333333332575,-3.3333333333332575,0.30941551409387663,352.0,18,12,,,,,,,90,60.0,352.0,124.0,136.66666666666666,103.33333333333333,22.0,3.010963665115659,170.0,182.0,384.6266666666666,7.0,29.0,4.79736328125,0.00040830177834739713,2.5558487598845847,413.3333333333333,3912.0,845.3995601173021
0.0,20,0,0,0,1,1,622730.0,923.3333333333334,-3.3333333333332575,10.0,0.3083469519903796,341.0,17,11,,,,,,,90,56.666666666666664,341.0,130.0,,,,,190.0,190.0,385.14,33.0,50.0,4.30908203125,0.00043797787711761285,2.6226687606564187,,3887.0,1343.641695547854
0.0,20,0,0,1,1,1,623663.3333333334,933.3333333333334,10.0,10.0,0.31091769704344596,349.0,18,11,,,,,,,90,60.0,349.0,136.0,146.66666666666666,110.0,18.0,3.785326187214036,173.33333333333334,185.0,386.93333333333334,16.0,33.0,4.87060546875,0.00046118417768492846,2.46119439486859,410.0,3748.0,1104.2001537493886
0.0,20,0,0,1,1,1,624606.6666666666,943.3333333333334,10.0,-26.666666666666742,0.3787453708899114,350.0,18,12,,,,,,,90,60.0,350.0,124.0,140.0,103.33333333333333,24.0,3.3809213225026493,193.33333333333334,189.0,382.05999999999995,20.0,28.0,4.7119140625,0.00046397803255303626,2.4834797752923343,420.0,3684.0,925.170068027211
0.0,20,0,0,1,1,1,625523.3333333334,916.6666666666666,-26.666666666666742,10.0,0.1856173101400085,349.0,17,11,,,,,,,90,56.666666666666664,349.0,127.0,130.0,93.33333333333333,12.0,3.7081519256678117,246.66666666666666,233.0,382.83333333333337,25.0,34.0,4.6142578125,0.000421849762327959,2.539466518952848,413.3333333333333,3815.0,1025.9728255846198
0.0,20,0,0,0,1,1,626450.0,926.6666666666666,10.0,0.0,0.0,377.0,18,12,,,,,,,90,60.0,377.0,136.0,,,,,246.66666666666666,222.0,381.2933333333333,33.0,40.0,4.52880859375,0.0004861749576787954,2.609881752920241,,3918.0,1364.8420544972269
0.0,20,0,0,0,1,1,627376.6666666666,926.6666666666666,0.0,13.333333333333371,0.0,351.0,18,12,,,,,,,90,60.0,351.0,157.0,,,,,170.0,195.0,384.6266666666666,11.0,41.0,4.4677734375,0.0005596900625183961,2.377939961611423,,3922.0,1385.0272886417465
0.0,20,0,0,1,1,1,628316.6666666666,940.0,13.333333333333371,16.66666666666663,0.0,374.0,18,12,,,,,,,90,60.0,374.0,135.0,123.33333333333333,83.33333333333333,7.0,2.7338421720354926,173.33333333333334,184.0,379.24,18.0,32.0,4.74853515625,0.00044408410825507236,2.498255692967234,440.0,3802.0,966.2129314535731
0.0,20,0,0,0,1,1,629273.3333333334,956.6666666666666,16.66666666666663,16.666666666666742,0.0030384362181597206,342.0,17,12,,,,,,,90,56.666666666666664,342.0,133.0,,,,,210.0,204.0,380.0066666666666,62.0,41.0,4.58984375,0.00043624756053250096,2.471721865580753,,3670.0,1288.220551378446
0.0,20,0,0,1,1,1,630246.6666666666,973.3333333333334,16.666666666666742,-23.33333333333337,0.15300791162860128,356.0,18,12,,,,,,,90,60.0,356.0,121.0,130.0,110.0,18.0,2.7682349048433075,183.33333333333334,183.0,374.1066666666666,21.0,33.0,4.736328125,0.0003976590570993393,2.48494699668984,466.6666666666667,3558.0,1173.756019261637
0.0,20,0,0,0,1,1,631196.6666666666,950.0,-23.33333333333337,10.0,0.33039324137796006,338.0,17,12,,,,,,,90,56.666666666666664,338.0,118.0,,,,,190.0,194.0,377.7,59.0,38.0,4.5166015625,0.00038194853802605455,2.544776293318304,,3610.0,1205.6640558196805
0.0,20,0,0,0,1,1,632156.6666666666,960.0,10.0,-10.0,0.33977809183029145,379.0,18,12,,,,,,,90,60.0,379.0,115.0,,,,,186.66666666666666,191.0,376.15999999999997,19.0,46.0,4.4677734375,0.00042293135152764665,2.5045091448050507,,3762.0,1061.4056128568002
0.0,20,0,0,1,1,1,633106.6666666666,950.0,-10.0,0.0,0.4063346530527193,359.0,19,12,,,,,,,90,63.333333333333336,359.0,141.0,133.33333333333334,113.33333333333333,19.0,3.0604692993278544,176.66666666666666,181.0,381.0333333333333,26.0,43.0,4.72412109375,0.0005184162051828318,2.4101392105828663,443.3333333333333,3743.0,1187.5091628793432
0.0,20,0,0,1,1,1,634056.6666666666,950.0,0.0,-10.0,0.26090225563909775,331.0,18,12,,,,,,,90,60.0,331.0,126.0,123.33333333333333,103.33333333333333,17.0,2.2805757726942026,166.66666666666666,174.0,377.7,18.0,33.0,4.7119140625,0.00047736678372081547,2.483948122051422,450.0,3580.0,1027.190332326284
0.0,20,0,0,0,1,1,634996.6666666666,940.0,-10.0,-20.0,0.14890352856240413,346.0,18,11,,,,,,,90,60.0,346.0,143.0,,,,,246.66666666666666,216.0,375.9066666666667,15.0,44.0,3.662109375,0.00042780437035470876,2.65359519272784,,3563.0,1500.861981543454
0.0,20,0,0,1,1,1,635916.6666666666,920.0,-20.0,3.3333333333333712,0.07754059478197409,300.0,16,10,,,,,,,90,53.333333333333336,300.0,136.0,130.0,86.66666666666667,8.0,2.325804434124091,186.66666666666666,198.0,375.65333333333336,4.0,44.0,4.5654296875,0.00047171918209296197,2.573107026032444,423.3333333333333,3596.0,1598.4251968503936
0.0,20,0,0,0,1,1,636840.0,923.3333333333334,3.3333333333333712,-3.3333333333333712,0.15604459304191207,321.0,16,9,,,,,,,90,53.333333333333336,321.0,140.0,,,,,183.33333333333334,193.0,371.8066666666667,17.0,40.0,4.296875,0.0005713971208821225,2.459866160338585,,3563.0,1513.1286159323543
0.0,20,0,0,0,1,1,637760.0,920.0,-3.3333333333333712,3.3333333333333712,0.1918653229217169,323.0,15,9,,,,,,,90,50.0,323.0,125.0,,,,,166.66666666666666,184.0,372.32,-8.0,53.0,4.23583984375,0.0006091841316826919,2.418454449598644,,3724.0,1529.4488422535735
0.0,20,0,0,1,1,1,638683.3333333334,923.3333333333334,3.3333333333333712,6.666666666666629,0.11722753009616278,342.0,15,9,,,,,,,90,50.0,342.0,158.0,133.33333333333334,83.33333333333333,9.0,2.487680536453519,170.0,183.0,371.8066666666667,-5.0,37.0,4.541015625,0.000457681531314753,2.4387535339977027,426.6666666666667,3810.0,1377.467105263158
0.0,20,0,0,1,1,1,639613.3333333334,930.0,6.666666666666629,-6.666666666666629,0.15160265665607853,354.0,15,9,,,,,,,90,50.0,354.0,135.0,136.66666666666666,96.66666666666667,15.0,2.766698059395095,246.66666666666666,233.0,370.78,-10.0,44.0,4.7607421875,0.0004021576153495468,2.532226355721269,430.0,3770.0,985.4158454867954
0.0,20,0,0,1,1,1,640536.6666666666,923.3333333333334,-6.666666666666629,13.333333333333258,0.0,319.0,15,9,,,,,,,90,50.0,319.0,151.0,210.0,76.66666666666667,8.0,0.73863570993759,250.0,230.0,368.47333333333336,1.0,41.0,5.419921875,0.00030406432679077407,2.6352408781279486,350.0,4183.0,1191.2225705329154
0.0,20,0,0,0,1,1,641473.3333333334,936.6666666666666,13.333333333333258,3.3333333333333712,0.0,350.0,15,8,,,,,,,90,50.0,350.0,446.0,,,,,140.0,245.0,409.75333333333333,28.0,87.0,3.60107421875,0.0004877518965788794,2.84804834505281,,4700.0,3384.23645320197
0.0,20,0,0,0,1,1,642413.3333333334,940.0,3.3333333333333712,-6.666666666666629,0.0,303.0,15,9,,,,,,,90,50.0,303.0,146.0,,,,,176.66666666666666,197.0,379.24,0.0,67.0,3.77197265625,0.0007010131340076531,2.945692050080384,,4498.0,3353.960396039604
0.0,20,0,0,0,1,1,643346.6666666666,933.3333333333334,-6.666666666666629,13.333333333333258,0.0,346.0,15,9,,,,,,,90,50.0,346.0,127.0,,,,,170.0,186.0,370.26666666666665,-2.0,34.0,4.4189453125,0.00035955193030903125,2.6021284099306516,,3834.0,1274.7729149463255
0.0,20,0,0,1,1,1,644293.3333333334,946.6666666666666,13.333333333333258,0.0,0.0,388.0,15,10,,,,,,,90,50.0,388.0,119.0,130.0,93.33333333333333,15.0,0.9240525993047406,173.33333333333334,174.0,371.5466666666667,0.0,41.0,4.87060546875,0.00042496663356986696,2.566797959895124,450.0,3986.0,904.9255441008019
0.0,20,0,0,0,1,1,645240.0,946.6666666666666,0.0,6.6666666666667425,0.0,341.0,16,10,,,,,,,90,53.333333333333336,341.0,166.0,,,,,183.33333333333334,181.0,368.2133333333333,14.0,58.0,5.46875,0.0002705360601120057,2.6826600666270357,,3975.0,1612.9032258064515
0.0,20,0,0,1,1,1,646193.3333333334,953.3333333333334,6.6666666666667425,3.3333333333332575,0.0007544209065121612,337.0,15,10,,,,,,,90,50.0,337.0,154.0,140.0,120.0,23.0,2.4271628708182647,190.0,181.0,373.85333333333335,3.0,56.0,4.87060546875,0.0003205503401611425,2.6561311626460253,450.0,3629.0,1312.232113419057
0.0,20,0,0,1,1,1,647150.0,956.6666666666666,3.3333333333332575,-6.666666666666629,0.03820911624561719,311.0,16,10,,,,,,,90,53.333333333333336,311.0,108.0,130.0,93.33333333333333,11.0,2.6831080956226803,246.66666666666666,219.0,370.00666666666666,-4.0,42.0,4.78515625,0.00038955392962174563,2.5443040872582072,456.6666666666667,3634.0,1182.9042176168234
0.0,20,0,0,0,1,1,648100.0,950.0,-6.666666666666629,10.0,0.0731809311402286,348.0,15,10,,,,,,,90,50.0,348.0,123.0,,,,,246.66666666666666,213.0,371.0333333333333,13.0,42.0,4.99267578125,0.00042388894778253673,2.625872445633007,,3688.0,1167.4876847290639
0.0,20,0,0,1,1,1,649060.0,960.0,10.0,-10.0,0.0,364.0,15,10,,,,,,,90,50.0,364.0,127.0,130.0,86.66666666666667,9.0,2.208103533581143,170.0,171.0,366.15999999999997,0.0,46.0,4.9072265625,0.00038314722329094256,2.569881072742714,463.3333333333333,3708.0,1049.4900782670568
0.0,20,0,0,1,1,1,650010.0,950.0,-10.0,3.3333333333333712,0.0,317.0,15,10,,,,,,,90,50.0,317.0,125.0,103.33333333333333,83.33333333333333,17.0,2.221106935850651,226.66666666666666,203.0,371.0333333333333,20.0,49.0,4.62646484375,0.0003217104636999114,2.5680471901962467,483.3333333333333,3622.0,1200.9137387142391
0.0,20,0,0,1,1,1,650963.3333333334,953.3333333333334,3.3333333333333712,-6.6666666666667425,0.0,318.0,15,10,,,,,,,90,50.0,318.0,136.0,166.66666666666666,106.66666666666667,8.0,1.216866423743122,173.33333333333334,188.0,373.85333333333335,-2.0,50.0,4.99267578125,0.00030263940016715186,2.5910319590010396,420.0,3714.0,1227.9125486672656
0.0,20,0,0,0,1,1,651910.0,946.6666666666666,-6.6666666666667425,-6.666666666666629,0.0,370.0,15,10,,,,,,,90,50.0,370.0,131.0,,,,,166.66666666666666,176.0,368.2133333333333,-12.0,34.0,5.46875,0.000481198166061936,2.6670424215604105,,3862.0,1279.4875800656148
0.0,20,0,0,0,1,1,652850.0,940.0,-6.666666666666629,3.3333333333333712,0.0,324.0,15,10,,,,,,,90,50.0,324.0,128.0,,,,,250.0,211.0,375.9066666666667,21.0,55.0,5.56640625,0.00039601492881862914,2.588004779497001,,3844.0,1514.6649539713123
0.0,20,0,0,1,1,1,653793.3333333334,943.3333333333334,3.3333333333333712,10.0,0.0,352.0,15,10,,,,,,,90,50.0,352.0,155.0,130.0,93.33333333333333,16.0,2.565042115800935,250.0,216.0,375.3933333333334,25.0,35.0,4.736328125,0.000611387929854755,2.6076837000427586,443.3333333333333,3767.0,993.2501708817499
0.0,20,0,0,0,1,1,654746.6666666666,953.3333333333334,10.0,0.0,0.0,379.0,15,10,,,,,,,90,50.0,379.0,156.0,,,,,250.0,217.0,370.52000000000004,14.0,53.0,4.65087890625,0.0005217170703867703,2.510868194311903,,3984.0,1352.4312099509987
0.0,20,0,0,1,1,1,655700.0,953.3333333333334,0.0,3.3333333333332575,0.0,392.0,15,10,,,,,,,90,50.0,392.0,140.0,170.0,70.0,6.0,-0.10494920093792892,170.0,177.0,370.52000000000004,-3.0,48.0,4.82177734375,0.000363934891094151,2.559104834460323,416.6666666666667,3966.0,1138.7755102040817
0.0,20,0,0,1,1,1,656656.6666666666,956.6666666666666,3.3333333333332575,3.3333333333333712,0.0,319.0,15,10,,,,,,,90,50.0,319.0,141.0,126.66666666666667,86.66666666666667,13.0,1.2909492332763506,190.0,190.0,373.34000000000003,22.0,44.0,4.87060546875,0.00044355312515264586,2.496800651192591,463.3333333333333,3879.0,1386.978191741278
0.0,20,0,0,0,1,1,657616.6666666666,960.0,3.3333333333333712,-3.3333333333333712,0.0,350.0,15,10,,,,,,,90,50.0,350.0,140.0,,,,,190.0,184.0,372.8266666666667,7.0,47.0,4.74853515625,0.00032215435796554637,2.501547972132784,,3821.0,1375.3026634382568
0.0,20,0,0,0,1,1,658573.3333333334,956.6666666666666,-3.3333333333333712,-3.3333333333332575,0.0,358.0,15,10,,,,,,,90,50.0,358.0,137.0,,,,,170.0,181.0,373.34000000000003,3.0,47.0,4.60205078125,0.0004980065920007969,2.5616195961584904,,4014.0,1323.641442356526
0.0,20,0,0,0,1,1,659526.6666666666,953.3333333333334,-3.3333333333332575,-6.6666666666667425,0.0,349.0,17,10,,,,,,,90,56.666666666666664,349.0,199.0,,,,,180.0,226.0,400.52,37.0,76.0,7.1044921875,0.00043283591333306013,2.9648244357083606,,4468.0,2136.7171510437984
0.0,20,0,0,1,1,1,660473.3333333334,946.6666666666666,-6.6666666666667425,-10.0,0.0,329.0,17,10,,,,,,,90,56.666666666666664,329.0,169.0,173.33333333333334,126.66666666666667,16.0,2.1302418109647796,180.0,197.0,384.88000000000005,7.0,56.0,4.931640625,0.000718923428512375,2.9202813251150816,376.6666666666667,4302.0,3364.9837264975654
0.0,20,0,0,0,1,1,661410.0,936.6666666666666,-10.0,-30.0,0.0,372.0,16,11,,,,,,,90,53.333333333333336,372.0,135.0,,,,,186.66666666666666,218.0,393.08666666666664,11.0,37.0,4.345703125,0.0004964833619988594,2.5399299439035934,,3840.0,1224.2518460940537
0.0,20,0,0,0,1,1,662316.6666666666,906.6666666666666,-30.0,-6.666666666666629,0.005341499893170003,337.0,16,10,,,,,,,90,53.333333333333336,337.0,156.0,,,,,196.66666666666666,208.0,391.0400000000001,29.0,50.0,3.69873046875,0.0008701493155243943,2.6931813421937747,,3945.0,1615.982158044945
0.0,20,0,0,1,1,1,663216.6666666666,900.0,-6.666666666666629,20.0,0.2797155043808963,349.0,16,10,,,,,,,90,53.333333333333336,349.0,129.0,143.33333333333334,103.33333333333333,20.0,3.486858050729401,230.0,225.0,382.06666666666666,17.0,25.0,4.8095703125,0.0004737301865230592,2.504320013381818,376.6666666666667,3806.0,1004.1331744301035
0.0,20,0,0,1,1,1,664136.6666666666,920.0,20.0,-3.3333333333333712,0.476772228216031,350.0,16,10,,,,,,,90,53.333333333333336,350.0,150.0,143.33333333333334,103.33333333333333,24.0,3.4768931937875482,190.0,201.0,375.65333333333336,18.0,34.0,4.5166015625,0.0004799499822477534,2.4373591629999884,406.6666666666667,3778.0,1159.2505854800936
0.0,20,0,0,0,1,1,665053.3333333334,916.6666666666666,-3.3333333333333712,33.33333333333337,0.5046949571915149,314.0,17,10,,,,,,,90,56.666666666666664,314.0,162.0,,,,,170.0,193.0,379.50000000000006,5.0,49.0,4.00390625,0.0005464297825661559,2.603450857241736,,3723.0,1713.9548349739434
0.0,20,0,0,0,1,1,666003.3333333334,950.0,33.33333333333337,-3.3333333333333712,0.5053467607973422,347.0,15,8,,,,,,,90,50.0,347.0,164.0,,,,,183.33333333333334,195.0,364.3666666666667,9.0,48.0,5.6640625,0.00046029972572786117,2.635032306928077,,3697.0,1390.1624312287138
0.0,20,0,0,1,1,1,666950.0,946.6666666666666,-3.3333333333333712,6.6666666666667425,0.45040754739680977,332.0,15,8,,,,,,,90,50.0,332.0,145.0,146.66666666666666,96.66666666666667,8.0,3.3314942831341927,186.66666666666666,184.0,368.2133333333333,-3.0,38.0,4.6142578125,0.00042224586359206913,2.452991230855273,440.0,3835.0,1136.3636363636365
0.0,20,0,0,1,1,1,667903.3333333334,953.3333333333334,6.6666666666667425,-23.33333333333337,0.4156859194882009,334.0,14,8,,,,,,,90,46.666666666666664,334.0,158.0,130.0,86.66666666666667,17.0,1.439520214317339,163.33333333333334,182.0,363.85333333333335,1.0,35.0,4.72412109375,0.00047364874912516464,2.5254656390463497,460.0,3778.0,1256.1832856027077
0.0,20,0,0,0,1,1,668833.3333333334,930.0,-23.33333333333337,-3.3333333333333712,0.4490209992903618,318.0,16,9,,,,,,,90,53.333333333333336,318.0,150.0,,,,,166.66666666666666,171.0,377.4466666666667,1.0,42.0,5.6396484375,0.0004884622377818275,2.605229274728403,,3614.0,1531.6315205327414
0.0,20,0,0,1,1,1,669760.0,926.6666666666666,-3.3333333333333712,-3.3333333333332575,0.4201530063599028,335.0,16,9,,,,,,,90,53.333333333333336,335.0,129.0,146.66666666666666,110.0,19.0,2.976083130949128,196.66666666666666,169.0,381.2933333333333,18.0,31.0,4.72412109375,0.00028839308518498457,2.624955099242495,410.0,3640.0,910.0837277029486
0.0,20,0,0,1,1,1,670683.3333333334,923.3333333333334,-3.3333333333332575,-6.6666666666667425,0.3060343498504517,374.0,15,9,,,,,,,90,50.0,374.0,171.0,133.33333333333334,93.33333333333333,15.0,2.757058811948305,190.0,159.0,375.14000000000004,-16.0,29.0,4.79736328125,0.00026830115197562336,2.6776797127287804,416.6666666666667,3683.0,1026.7379679144383
0.0,20,0,0,0,1,1,671600.0,916.6666666666666,-6.6666666666667425,-3.3333333333332575,0.1949740034662045,311.0,17,10,,,,,,,90,56.666666666666664,311.0,140.0,,,,,166.66666666666666,152.0,382.83333333333337,-8.0,42.0,4.150390625,0.00026568370403769876,2.7452264728419813,,3647.0,1670.4572190416438
0.0,20,0,0,0,1,1,672513.3333333334,913.3333333333334,-3.3333333333332575,-6.6666666666667425,0.27274710888064585,337.0,17,10,,,,,,,90,56.666666666666664,337.0,116.0,,,,,176.66666666666666,180.0,386.67999999999995,3.0,40.0,4.0771484375,0.0004959017126371244,2.6406858468437777,,3490.0,1159.468073414661
0.0,20,0,0,0,1,1,673420.0,906.6666666666666,-6.6666666666667425,-23.333333333333258,0.27376259307928164,318.0,17,10,,,,,,,90,56.666666666666664,318.0,158.0,,,,,196.66666666666666,182.0,387.70666666666665,12.0,38.0,3.84521484375,0.0004329396879978174,2.7727323889749647,,3604.0,1690.993236027056
0.0,20,0,0,1,1,1,674303.3333333334,883.3333333333334,-23.333333333333258,-10.0,0.27745373143739954,313.0,17,10,,,,,,,90,56.666666666666664,313.0,155.0,140.0,93.33333333333333,19.0,4.107910238030037,190.0,179.0,384.6333333333333,16.0,21.0,4.9072265625,0.00042585558439699954,2.627332572694897,366.6666666666667,3590.0,1211.153064188208
0.0,20,0,0,0,1,1,675176.6666666666,873.3333333333334,-10.0,33.33333333333326,0.3647726169806641,352.0,16,9,,,,,,,90,53.333333333333336,352.0,119.0,,,,,173.33333333333334,169.0,386.17333333333335,-2.0,51.0,4.1748046875,0.0005748754785948396,2.6565947007989994,,3617.0,1087.7691387559807
0.0,20,0,0,0,1,1,676083.3333333334,906.6666666666666,33.33333333333326,-23.333333333333258,0.4078130107878391,333.0,16,9,,,,,,,90,53.333333333333336,333.0,154.0,,,,,180.0,184.0,387.70666666666665,-10.0,51.0,3.7109375,0.0006387109468230393,2.783999788155616,,3697.0,1365.3404957752782
0.0,20,0,0,1,1,1,676966.6666666666,883.3333333333334,-23.333333333333258,6.666666666666629,0.354699372576221,325.0,16,9,,,,,,,90,53.333333333333336,325.0,123.0,150.0,110.0,23.0,2.9032455770123065,190.0,192.0,384.6333333333333,-17.0,25.0,5.31005859375,0.000448431861117499,2.629008532801958,356.6666666666667,3704.0,1095.6146657081235
0.0,20,0,0,0,1,1,677856.6666666666,890.0,6.666666666666629,0.0,0.36140097451597597,337.0,16,9,,,,,,,90,53.333333333333336,337.0,141.0,,,,,193.33333333333334,198.0,380.27333333333337,-8.0,46.0,4.30908203125,0.0005101435173685613,2.649165488436082,,3786.0,1403.7890892490298
0.0,20,0,0,1,1,1,678746.6666666666,890.0,0.0,13.333333333333371,0.23836276083467092,347.0,16,9,,,,,,,90,53.333333333333336,347.0,161.0,156.66666666666666,110.0,21.0,3.231806200482106,186.66666666666666,198.0,380.27333333333337,4.0,35.0,4.91943359375,0.00041724579867769587,2.5744091555871793,366.6666666666667,3928.0,1100.340581608593
0.0,20,0,0,0,1,1,679650.0,903.3333333333334,13.333333333333371,20.0,0.11954684524701,363.0,16,9,,,,,,,90,53.333333333333336,363.0,145.0,,,,,190.0,193.0,378.22,9.0,52.0,3.77197265625,0.0008533382670704903,2.6825022939717797,,3854.0,1437.2978799856269
0.0,20,0,0,1,1,1,680573.3333333334,923.3333333333334,20.0,0.0,0.082198710112549,333.0,16,9,,,,,,,90,53.333333333333336,333.0,137.0,140.0,93.33333333333333,19.0,3.1846789639958892,166.66666666666666,167.0,375.14000000000004,16.0,34.0,4.9072265625,0.0003957035068951945,2.432464717385032,416.6666666666667,3719.0,1189.1891891891892
0.0,20,0,0,1,1,1,681496.6666666666,923.3333333333334,0.0,-13.333333333333371,0.2343991748323878,343.0,16,10,,,,,,,90,53.333333333333336,343.0,142.0,133.33333333333334,113.33333333333333,19.0,2.8846817509105733,173.33333333333334,177.0,375.14000000000004,2.0,41.0,4.84619140625,0.00037547719652457904,2.5424723390003123,420.0,3715.0,923.2264334305152
0.0,20,0,0,1,1,1,682406.6666666666,910.0,-13.333333333333371,0.0,0.3458967004395287,363.0,16,9,,,,,,,90,53.333333333333336,363.0,177.0,130.0,110.0,22.0,2.988529833859518,173.33333333333334,169.0,377.1933333333333,13.0,41.0,5.04150390625,0.00026927316678594085,2.6569318409534306,416.6666666666667,3816.0,1249.5867768595042
0.0,20,0,0,1,1,1,683316.6666666666,910.0,0.0,3.3333333333333712,0.23547880690737832,361.0,16,9,,,,,,,90,53.333333333333336,361.0,126.0,163.33333333333334,123.33333333333333,16.0,2.478279590232816,250.0,198.0,373.85999999999996,15.0,37.0,4.9560546875,0.0002578913526789845,2.5181367795577696,380.0,3748.0,1064.2950867473394
0.0,20,0,0,1,1,1,684230.0,913.3333333333334,3.3333333333333712,0.0,0.23389181326328787,338.0,16,10,,,,,,,90,53.333333333333336,338.0,146.0,166.66666666666666,130.0,15.0,1.9572150058840538,190.0,175.0,376.68,6.0,34.0,4.82177734375,0.0003105628773676152,2.639068836192022,380.0,3677.0,1214.5748987854251
0.0,20,0,0,0,1,1,685143.3333333334,913.3333333333334,0.0,-3.3333333333333712,0.1548488008342023,330.0,16,9,,,,,,,90,53.333333333333336,330.0,144.0,,,,,186.66666666666666,166.0,376.68,0.0,41.0,4.23583984375,0.0004229647980333932,2.6323371086699368,,3587.0,1559.2286501377412
0.0,20,0,0,1,1,1,686053.3333333334,910.0,-3.3333333333333712,-3.3333333333333712,0.07664793050587633,309.0,15,8,,,,,,,90,50.0,309.0,148.0,133.33333333333334,93.33333333333333,18.0,3.1465241806493527,173.33333333333334,161.0,367.1933333333333,-10.0,34.0,4.8828125,0.0003709195858452214,2.670694903004418,413.3333333333333,3578.0,1354.5255245850296
0.0,20,0,0,1,1,1,686960.0,906.6666666666666,-3.3333333333333712,3.3333333333333712,0.0,342.0,15,8,,,,,,,90,50.0,342.0,144.0,170.0,126.66666666666667,15.0,0.6114563275611378,166.66666666666666,175.0,374.37333333333333,-18.0,58.0,4.99267578125,0.00039645706954928253,2.65980434452036,380.0,3648.0,1246.5373961218838
0.0,20,0,0,1,1,1,687870.0,910.0,3.3333333333333712,-23.33333333333337,0.0,363.0,15,9,,,,,,,90,50.0,363.0,119.0,140.0,100.0,21.0,3.6126406736050196,166.66666666666666,174.0,377.1933333333333,12.0,35.0,4.9560546875,0.0004321359006099744,2.6063065630264948,403.3333333333333,3936.0,853.7668192063383
0.0,20,0,0,1,1,1,688756.6666666666,886.6666666666666,-23.33333333333337,16.666666666666742,0.0,340.0,15,9,,,,,,,90,50.0,340.0,161.0,136.66666666666666,96.66666666666667,22.0,3.490959472821091,170.0,175.0,380.7866666666667,1.0,38.0,4.833984375,0.0004285919943198651,2.468988514245682,383.3333333333333,3965.0,1235.2941176470588
0.0,20,0,0,1,1,1,689660.0,903.3333333333334,16.666666666666742,20.0,0.0,314.0,15,9,,,,,,,90,50.0,314.0,137.0,133.33333333333334,86.66666666666667,14.0,2.8210421603830476,250.0,213.0,381.55333333333334,8.0,33.0,4.7607421875,0.00042385316737083255,2.489440210733303,403.3333333333333,3949.0,1176.5015528767701
0.0,20,0,0,0,1,1,690583.3333333334,923.3333333333334,20.0,6.666666666666629,0.0007903722126206635,322.0,14,9,,,,,,,90,46.666666666666664,322.0,166.0,,,,,190.0,186.0,375.14000000000004,9.0,53.0,4.00390625,0.00046481774423893287,2.6720392732307547,,3709.0,1582.7284292449299
0.0,20,0,0,1,1,1,691513.3333333334,930.0,6.666666666666629,6.666666666666629,0.039447630048265334,314.0,16,9,,,,,,,90,53.333333333333336,314.0,141.0,140.0,93.33333333333333,24.0,2.584519083954259,170.0,173.0,367.4466666666667,8.0,34.0,4.6630859375,0.00039059537759413926,2.4871559942211254,423.3333333333333,3580.0,1188.62530718692
0.0,20,0,0,0,1,1,692450.0,936.6666666666666,6.666666666666629,0.0,0.0790977228047182,329.0,15,9,,,,,,,90,50.0,329.0,147.0,,,,,226.66666666666666,208.0,369.75333333333333,8.0,51.0,3.55224609375,0.000476917600171789,2.6713026866901934,,3565.0,1465.2915649103081
0.0,20,0,0,1,1,1,693386.6666666666,936.6666666666666,0.0,0.0,0.1929334011184545,362.0,16,10,,,,,,,90,53.333333333333336,362.0,132.0,130.0,93.33333333333333,13.0,2.5752413658119515,170.0,175.0,373.0866666666667,-1.0,41.0,4.833984375,0.00046406337641506575,2.491282233794292,440.0,3675.0,985.6855851330989
0.0,20,0,0,1,1,1,694323.3333333334,936.6666666666666,0.0,-13.333333333333258,0.3050330452465684,332.0,16,10,,,,,,,90,53.333333333333336,332.0,126.0,130.0,100.0,17.0,2.6593772975229673,170.0,193.0,379.75333333333333,5.0,35.0,4.6630859375,0.0004033364150639519,2.5639949059350187,440.0,3862.0,1286.9660460021908
0.0,20,0,0,1,1,1,695246.6666666666,923.3333333333334,-13.333333333333258,-10.0,0.305882711905779,354.0,16,10,,,,,,,90,53.333333333333336,354.0,171.0,123.33333333333333,103.33333333333333,28.0,1.1136263775488082,253.33333333333334,202.0,381.8066666666667,-7.0,23.0,4.78515625,0.000482462897660155,2.5728267853554967,426.6666666666667,3818.0,1185.1165254237287
0.0,20,0,0,1,1,1,696160.0,913.3333333333334,-10.0,-26.666666666666742,0.34355043382269496,328.0,16,10,,,,,,,90,53.333333333333336,328.0,160.0,170.0,130.0,13.0,1.191082853840987,170.0,179.0,376.68,5.0,31.0,4.74853515625,0.0004122032835918614,2.5828960197000197,370.0,3823.0,1656.2294001318392
0.0,20,0,0,1,1,1,697046.6666666666,886.6666666666666,-26.666666666666742,6.6666666666667425,0.11972580443220232,325.0,16,10,,,,,,,90,53.333333333333336,325.0,130.0,133.33333333333334,93.33333333333333,17.0,3.2073197794400823,170.0,187.0,384.12,-10.0,38.0,4.833984375,0.00040004182397735706,2.636595006169303,386.6666666666667,3640.0,1233.4217506631298
0.0,20,0,0,1,1,1,697940.0,893.3333333333334,6.6666666666667425,-30.0,0.2440556736903151,291.0,16,10,,,,,,,90,53.333333333333336,291.0,148.0,140.0,100.0,23.0,3.67655487762282,190.0,195.0,379.76,3.0,47.0,5.33447265625,0.00021782062044203068,2.611688684880401,383.3333333333333,3619.0,1667.4137158225012
0.0,20,0,0,0,1,1,698803.3333333334,863.3333333333334,-30.0,10.0,0.36325037071807287,311.0,16,10,,,,,,,90,53.333333333333336,311.0,141.0,,,,,230.0,213.0,384.38,11.0,52.0,4.16259765625,0.0007012767645725676,2.7691085364613555,,3397.0,1683.247372623492
0.0,20,0,0,1,1,1,699676.6666666666,873.3333333333334,10.0,26.66666666666663,0.5384852929823207,289.0,16,9,,,,,,,90,53.333333333333336,289.0,120.0,140.0,96.66666666666667,18.0,4.084808533764139,193.33333333333334,189.0,386.17333333333335,-2.0,40.0,4.98046875,0.00035508261298003874,2.6512223585691945,370.0,3389.0,1271.8600953895073
0.0,20,0,0,1,1,1,700576.6666666666,900.0,26.66666666666663,-3.3333333333333712,0.5705348969004751,317.0,16,10,,,,,,,90,53.333333333333336,317.0,126.0,140.0,93.33333333333333,13.0,3.3773793977761386,180.0,188.0,388.7333333333333,8.0,42.0,5.11474609375,0.00026097629230400755,2.5494222107347526,386.6666666666667,3771.0,881.1051887305558
0.0,20,0,0,0,1,1,701473.3333333334,896.6666666666666,-3.3333333333333712,10.0,0.4730509138243044,380.0,14,9,,,,,,,90,46.666666666666664,380.0,255.0,,,,,160.0,174.0,375.9133333333333,-15.0,57.0,6.33544921875,0.0009767326431590038,2.8114818307030456,,4060.0,1961.1129735165937
0.0,20,0,0,1,1,1,702380.0,906.6666666666666,10.0,10.0,0.31777298743774623,316.0,17,12,,,,,,,90,56.666666666666664,316.0,163.0,133.33333333333334,96.66666666666667,26.0,4.519545209316675,190.0,194.0,381.04,11.0,42.0,5.0537109375,0.0005719661840611705,2.433966110387851,400.0,3979.0,1851.2658227848099
0.0,20,0,0,1,1,1,703296.6666666666,916.6666666666666,10.0,6.6666666666667425,0.2764621249514288,352.0,17,12,,,,,,,90,56.666666666666664,352.0,132.0,140.0,100.0,21.0,3.028862461075132,253.33333333333334,217.0,382.83333333333337,23.0,48.0,4.89501953125,0.00031746439070984295,2.52033088717544,406.6666666666667,3916.0,1369.2250372578237
0.0,20,0,0,0,1,1,704220.0,923.3333333333334,6.6666666666667425,3.3333333333332575,0.31242208925455,330.0,17,12,,,,,,,90,56.666666666666664,330.0,389.0,,,,,186.66666666666666,198.0,381.8066666666667,19.0,95.0,3.82080078125,0.0003720819493963304,2.8583643941525056,,3807.0,2887.0523415977964
0.0,20,0,0,0,1,1,705146.6666666666,926.6666666666666,3.3333333333332575,-3.3333333333332575,0.3496395309260807,317.0,17,12,,,,,,,90,56.666666666666664,317.0,126.0,,,,,180.0,193.0,371.2933333333333,24.0,48.0,5.615234375,0.00030830031836806066,2.717442782601905,,3520.0,1425.259397210292
0.0,20,0,0,1,1,1,706070.0,923.3333333333334,-3.3333333333332575,-3.3333333333333712,0.42012272208689216,329.0,17,12,,,,,,,90,56.666666666666664,329.0,148.0,140.0,100.0,21.0,3.2950297040897514,186.66666666666666,192.0,381.8066666666667,16.0,59.0,5.13916015625,0.000372338023821205,2.5821952537953097,420.0,3541.0,1454.6244029526704
0.0,20,0,0,1,1,1,706990.0,920.0,-3.3333333333333712,-23.33333333333337,0.22822689621736483,334.0,17,12,,,,,,,90,56.666666666666664,334.0,143.0,133.33333333333334,86.66666666666667,12.0,2.988966249449561,186.66666666666666,201.0,378.9866666666667,18.0,41.0,5.029296875,0.00031218536481443835,2.535386609079256,413.3333333333333,3772.0,1260.3824608846826
0.0,20,0,0,1,1,1,707886.6666666666,896.6666666666666,-23.33333333333337,13.333333333333371,0.03961636855133556,371.0,15,9,,,,,,,90,50.0,371.0,155.0,150.0,103.33333333333333,22.0,3.9887098510822057,170.0,186.0,375.9133333333333,-13.0,46.0,4.9560546875,0.0005598680228162882,2.538777210298579,386.6666666666667,3968.0,1038.6653034668648
0.0,20,0,0,1,1,1,708796.6666666666,910.0,13.333333333333371,0.0,0.07884006880587824,350.0,15,9,,,,,,,90,50.0,350.0,178.0,140.0,96.66666666666667,25.0,3.2165876959901336,170.0,189.0,377.1933333333333,-7.0,46.0,4.91943359375,0.00043616839512997167,2.5729165133366623,406.6666666666667,4101.0,1264.6370023419204
0.0,20,0,0,1,1,1,709706.6666666666,910.0,0.0,20.0,0.03924646781789638,342.0,15,9,,,,,,,90,50.0,342.0,158.0,133.33333333333334,93.33333333333333,29.0,2.8903288633354194,173.33333333333334,191.0,377.1933333333333,14.0,39.0,5.0537109375,0.00028073833469608887,2.4345187740063925,410.0,3874.0,1576.094708315504
0.0,20,0,0,0,1,1,710636.6666666666,930.0,20.0,-6.666666666666629,0.04001380868691941,323.0,16,9,,,,,,,90,53.333333333333336,323.0,147.0,,,,,250.0,220.0,370.78,8.0,55.0,5.99365234375,0.00047100247644613535,2.6598074969092123,,3633.0,1533.3321120413284
0.0,20,0,0,1,1,1,711560.0,923.3333333333334,-6.666666666666629,3.3333333333332575,0.07681592855094431,320.0,16,10,,,,,,,90,53.333333333333336,320.0,147.0,133.33333333333334,86.66666666666667,16.0,3.6038672961326714,170.0,193.0,378.47333333333336,6.0,41.0,4.91943359375,0.00044532777734846286,2.4949754169874465,423.3333333333333,3553.0,1181.1023622047246
0.0,20,0,0,1,1,1,712486.6666666666,926.6666666666666,3.3333333333332575,3.3333333333333712,0.07735387852346916,326.0,16,9,,,,,,,90,53.333333333333336,326.0,133.0,163.33333333333334,123.33333333333333,12.0,2.425475339669889,243.33333333333334,219.0,371.2933333333333,12.0,35.0,4.9560546875,0.00027477779490297003,2.631529751789263,396.6666666666667,3577.0,904.7790895499304
0.0,20,0,0,0,1,1,713416.6666666666,930.0,3.3333333333333712,16.66666666666663,0.07784640365030264,336.0,16,9,,,,,,,90,53.333333333333336,336.0,125.0,,,,,170.0,180.0,374.11333333333334,14.0,58.0,5.77392578125,0.0004308820359379039,2.6548167364576702,,3732.0,1391.8067226890755
0.0,20,0,0,1,1,1,714363.3333333334,946.6666666666666,16.66666666666663,-13.333333333333258,0.11746941700363411,365.0,16,11,,,,,,,90,53.333333333333336,365.0,184.0,133.33333333333334,90.0,11.0,2.8191610406629017,250.0,224.0,374.88000000000005,-8.0,45.0,4.833984375,0.0004272497424902995,2.5065099101893673,440.0,3902.0,1189.2901618929018
0.0,20,0,0,0,1,1,715296.6666666666,933.3333333333334,-13.333333333333258,16.66666666666663,0.22340297065571788,334.0,16,10,,,,,,,90,53.333333333333336,334.0,155.0,,,,,190.0,196.0,376.93333333333334,0.0,44.0,5.5908203125,0.0005407462448756035,2.6182640312856362,,3940.0,1653.7513208876364
0.0,20,0,0,1,1,1,716246.6666666666,950.0,16.66666666666663,-6.666666666666629,0.07650328964145459,368.0,16,10,,,,,,,90,53.333333333333336,368.0,135.0,130.0,90.0,14.0,2.567664813281363,250.0,213.0,374.3666666666667,11.0,38.0,4.8095703125,0.0004363471451221518,2.6210592181195893,450.0,3689.0,1014.4927536231884
0.0,20,0,0,0,1,1,717190.0,943.3333333333334,-6.666666666666629,-3.3333333333333712,0.07369455362156091,309.0,16,11,,,,,,,90,53.333333333333336,309.0,117.0,,,,,170.0,179.0,375.3933333333334,5.0,39.0,5.40771484375,0.0004908629415871825,2.60933272762616,,3915.0,1413.7284959972746
0.0,20,0,0,1,1,1,718130.0,940.0,-3.3333333333333712,-26.66666666666663,0.0,327.0,17,10,,,,,,,90,56.666666666666664,327.0,243.0,130.0,110.0,23.0,2.2700541783368546,170.0,185.0,375.9066666666667,0.0,43.0,4.7607421875,0.00040806177414585043,2.573357506384567,443.3333333333333,4095.0,2131.4754776850386
0.0,20,0,0,1,1,1,719043.3333333334,913.3333333333334,-26.66666666666663,-6.6666666666667425,0.002280929402700621,379.0,15,9,,,,,,,90,50.0,379.0,170.0,163.33333333333334,123.33333333333333,14.0,1.9006613531735486,170.0,176.0,373.34666666666664,-15.0,33.0,4.833984375,0.0005801488097870354,2.62636436050561,383.3333333333333,3979.0,1507.399334633475
0.0,20,0,0,1,1,1,719950.0,906.6666666666666,-6.6666666666667425,-23.333333333333258,0.12045554095488392,327.0,16,9,,,,,,,90,53.333333333333336,327.0,147.0,143.33333333333334,93.33333333333333,17.0,2.9144428710190944,246.66666666666666,214.0,374.37333333333333,-1.0,51.0,5.04150390625,0.00039343241106684076,2.672529458385693,400.0,3870.0,1475.5351681957186
0.0,20,0,0,0,1,1,720833.3333333334,883.3333333333334,-23.333333333333258,3.3333333333332575,0.27981839392124097,307.0,16,9,,,,,,,90,53.333333333333336,307.0,151.0,,,,,160.0,186.0,377.96666666666664,-3.0,55.0,4.28466796875,0.0006745275999481379,2.4883452588102646,,3670.0,1885.4923578050614
0.0,20,0,0,1,1,1,721720.0,886.6666666666666,3.3333333333332575,16.666666666666742,0.4859471522364888,314.0,15,9,,,,,,,90,50.0,314.0,134.0,146.66666666666666,100.0,18.0,4.34661712057736,170.0,198.0,377.4533333333333,-8.0,47.0,4.9560546875,0.00043041054032717167,2.4973020745666323,376.6666666666667,3685.0,1209.0637506341243
0.0,20,0,0,1,1,1,722623.3333333334,903.3333333333334,16.666666666666742,23.333333333333258,0.5242390078917701,316.0,15,9,,,,,,,90,50.0,316.0,144.0,150.0,100.0,20.0,4.681103914600765,170.0,200.0,378.22,-7.0,33.0,4.82177734375,0.0005080590420424847,2.6017534095757195,390.0,3746.0,1306.3940279130152
0.0,20,0,0,0,1,1,723550.0,926.6666666666666,23.333333333333258,26.666666666666742,0.5508487971422249,318.0,16,9,,,,,,,90,53.333333333333336,318.0,168.0,,,,,186.66666666666666,196.0,374.62666666666667,1.0,50.0,4.248046875,0.00044570500478249945,2.624162481267291,,3734.0,1808.176100628931
0.0,20,0,0,0,1,1,724503.3333333334,953.3333333333334,26.666666666666742,-16.666666666666742,0.4237026993713792,298.0,15,8,,,,,,,90,50.0,298.0,168.0,,,,,166.66666666666666,175.0,363.85333333333335,-1.0,59.0,5.5419921875,0.00039287733572166637,2.795645977341374,,3587.0,2144.2384256626096
0.0,20,0,0,1,1,1,725440.0,936.6666666666666,-16.666666666666742,10.0,0.41223204916804074,323.0,16,9,,,,,,,90,53.333333333333336,323.0,133.0,163.33333333333334,126.66666666666667,13.0,3.2495669454720915,250.0,224.0,376.42,11.0,58.0,4.9072265625,0.0003379245267414147,2.6140828847080484,410.0,3859.0,1042.0599562032774
0.0,20,0,0,0,1,1,726386.6666666666,946.6666666666666,10.0,-23.333333333333258,0.42161815982352524,344.0,15,9,,,,,,,90,50.0,344.0,400.0,,,,,250.0,217.0,371.5466666666667,-2.0,71.0,3.40576171875,0.0004663413837349085,2.909853785839152,,3985.0,3004.4360801182956
0.0,20,0,0,1,1,1,727310.0,923.3333333333334,-23.333333333333258,-10.0,0.528429507503699,309.0,15,9,,,,,,,90,50.0,309.0,152.0,140.0,90.0,15.0,2.757262546734381,250.0,213.0,375.14000000000004,1.0,36.0,4.72412109375,0.0004200805763403056,2.6675168215721063,416.6666666666667,3672.0,1421.3592233009708
0.0,20,0,0,1,1,1,728223.3333333334,913.3333333333334,-10.0,-30.0,0.5393122801225639,306.0,16,10,,,,,,,90,53.333333333333336,306.0,134.0,140.0,86.66666666666667,10.0,2.5346331647400984,226.66666666666666,215.0,373.34666666666664,4.0,32.0,4.82177734375,0.00040966574061511435,2.546363665295834,403.3333333333333,3684.0,1239.6694214876034
0.0,20,0,0,0,1,1,729106.6666666666,883.3333333333334,-30.0,-3.3333333333333712,0.4304183144297088,355.0,15,10,,,,,,,90,50.0,355.0,147.0,,,,,186.66666666666666,198.0,381.29999999999995,-2.0,50.0,4.38232421875,0.0005608586159891309,2.549010585103434,,3855.0,1473.4561213434454
0.0,20,0,0,1,1,1,729986.6666666666,880.0,-3.3333333333333712,6.666666666666629,0.44720356253302135,334.0,15,10,,,,,,,90,50.0,334.0,173.0,136.66666666666666,93.33333333333333,21.0,4.199542309297154,193.33333333333334,196.0,388.48,37.0,44.0,4.98046875,0.0004818927860253446,2.4926885601301185,376.6666666666667,3990.0,1542.0486460706904
0.0,20,0,0,1,1,1,730873.3333333334,886.6666666666666,6.666666666666629,20.0,0.5697188737637154,327.0,15,10,,,,,,,90,50.0,327.0,140.0,140.0,100.0,23.0,3.452270557052273,186.66666666666666,192.0,384.12,22.0,31.0,4.89501953125,0.0004546681324505051,2.5427156988859845,373.3333333333333,3787.0,1171.3630406290956
0.0,20,0,0,1,1,1,731780.0,906.6666666666666,20.0,-3.3333333333332575,0.6417620407549763,314.0,15,10,,,,,,,90,50.0,314.0,129.0,133.33333333333334,96.66666666666667,24.0,3.0516199197977905,210.0,207.0,381.04,46.0,31.0,4.736328125,0.00041964304054391716,2.481078758422949,403.3333333333333,3768.0,1358.1091751329159
0.0,20,0,0,0,1,1,732683.3333333334,903.3333333333334,-3.3333333333332575,10.0,0.5097538684567142,337.0,17,11,,,,,,,90,56.666666666666664,337.0,166.0,,,,,190.0,213.0,398.21999999999997,6.0,51.0,3.74755859375,0.0006524807479753662,2.7518439606989684,,3618.0,1651.6432450590673
0.0,20,0,0,1,1,1,733596.6666666666,913.3333333333334,10.0,10.0,0.39132084620168445,306.0,16,11,,,,,,,90,53.333333333333336,306.0,150.0,143.33333333333334,103.33333333333333,26.0,3.9784673416187815,183.33333333333334,205.0,396.67999999999995,10.0,19.0,5.06591796875,0.000435302324295083,2.7646660229949793,383.3333333333333,3572.0,1193.5208866155158
0.0,20,0,0,1,1,1,734520.0,923.3333333333334,10.0,6.666666666666629,0.19547335828442156,314.0,16,11,,,,,,,90,53.333333333333336,314.0,138.0,136.66666666666666,96.66666666666667,24.0,3.9747946271156103,186.66666666666666,198.0,391.8066666666667,6.0,20.0,4.833984375,0.0004051452184075452,2.657145911453503,400.0,3510.0,1011.1464968152867
0.0,20,0,0,1,1,1,735450.0,930.0,6.666666666666629,-13.333333333333371,0.19491770141495812,311.0,15,11,,,,,,,90,50.0,311.0,140.0,143.33333333333334,103.33333333333333,24.0,3.0883583916345643,203.33333333333334,204.0,390.78000000000003,18.0,20.0,4.96826171875,0.00048702191224472006,2.6124261404250007,403.3333333333333,3617.0,1235.6833461773538
0.0,20,0,0,0,1,1,736366.6666666666,916.6666666666666,-13.333333333333371,-30.0,0.26889430661121466,345.0,16,11,,,,,,,90,53.333333333333336,345.0,137.0,,,,,176.66666666666666,189.0,379.50000000000006,11.0,49.0,3.6865234375,0.000581454151911552,2.7502862028575628,,3675.0,1293.4782608695652
0.0,20,0,0,1,1,1,737253.3333333334,886.6666666666666,-30.0,-10.0,0.272126170896275,331.0,16,11,,,,,,,90,53.333333333333336,331.0,157.0,150.0,110.0,23.0,2.692226854889279,186.66666666666666,191.0,377.4533333333333,0.0,45.0,5.09033203125,0.00029762048079921594,2.6169328143479937,366.6666666666667,3851.0,1161.7687448503157
0.0,20,0,0,1,1,1,738130.0,876.6666666666666,-10.0,20.0,0.24334167749975827,367.0,15,9,,,,,,,90,50.0,367.0,141.0,146.66666666666666,103.33333333333333,24.0,3.5564506017454356,166.66666666666666,169.0,378.99333333333334,-16.0,50.0,5.0048828125,0.00041865892638871376,2.570192388089466,373.3333333333333,3822.0,1050.9926041261192
0.0,20,0,0,1,1,1,739026.6666666666,896.6666666666666,20.0,10.0,0.32576119532641273,323.0,15,9,,,,,,,90,50.0,323.0,169.0,143.33333333333334,96.66666666666667,16.0,2.9629050446020564,186.66666666666666,184.0,375.9133333333333,5.0,45.0,4.931640625,0.0002851382983669617,2.597904628550344,390.0,3830.0,1389.2196554735256
0.0,20,0,0,1,1,1,739933.3333333334,906.6666666666666,10.0,-23.333333333333258,0.31936583449257205,321.0,15,9,,,,,,,90,50.0,321.0,163.0,143.33333333333334,96.66666666666667,14.0,3.4704506320204818,226.66666666666666,220.0,374.37333333333333,3.0,49.0,5.078125,0.0002646333190433252,2.604898433522563,400.0,3681.0,1417.4454828660437
0.0,20,0,0,1,1,1,740816.6666666666,883.3333333333334,-23.333333333333258,0.0,0.3562758142321153,321.0,14,9,,,,,,,90,46.666666666666664,321.0,178.0,143.33333333333334,96.66666666666667,16.0,3.307588568405974,240.0,221.0,371.29999999999995,-14.0,38.0,4.99267578125,0.0004461923229919718,2.6696984958028045,376.6666666666667,3802.0,1306.7570920519395
0.0,20,0,0,1,1,1,741700.0,883.3333333333334,0.0,10.0,0.44393530997304576,371.0,14,9,,,,,,,90,46.666666666666664,371.0,151.0,146.66666666666666,100.0,22.0,4.382108785201947,170.0,178.0,374.6333333333333,-12.0,43.0,4.8828125,0.0004914288140176392,2.5090241936200686,380.0,3893.0,1063.9807064831891
0.0,20,0,0,1,1,1,742593.3333333334,893.3333333333334,10.0,3.3333333333332575,0.40017893522760345,333.0,14,9,,,,,,,90,46.666666666666664,333.0,146.0,160.0,116.66666666666667,26.0,4.247609670947821,246.66666666666666,218.0,376.4266666666666,-8.0,37.0,4.87060546875,0.00046912150856190317,2.4986630234602227,373.3333333333333,3892.0,1391.5701415701415
0.0,20,0,0,1,1,1,743490.0,896.6666666666666,3.3333333333332575,-16.66666666666663,0.19668041830567012,325.0,17,10,,,,,,,90,56.666666666666664,325.0,134.0,133.33333333333334,86.66666666666667,15.0,2.5371590635489643,190.0,195.0,382.58000000000004,9.0,32.0,4.833984375,0.00045778004120017535,2.5334844609121943,396.6666666666667,3763.0,1085.9728506787328
0.0,20,0,0,0,1,1,744370.0,880.0,-16.66666666666663,-3.3333333333333712,0.03984487063698666,322.0,17,10,,,,,,,90,56.666666666666664,322.0,152.0,,,,,166.66666666666666,184.0,385.1466666666667,6.0,46.0,4.23583984375,0.0006486471311122453,2.6027281094078947,,3650.0,1558.8844233345512
0.0,20,0,0,1,1,1,745246.6666666666,876.6666666666666,-3.3333333333333712,23.33333333333337,0.040587490394293935,319.0,17,9,,,,,,,90,56.666666666666664,319.0,122.0,136.66666666666666,103.33333333333333,25.0,3.6003254330034284,183.33333333333334,184.0,382.3266666666667,8.0,37.0,4.9072265625,0.0004979202663446257,2.5535333040386243,373.3333333333333,3577.0,1091.5808329601434
0.0,20,0,0,0,1,1,746146.6666666666,900.0,23.33333333333337,20.0,0.04071705447398995,326.0,16,10,,,,,,,90,53.333333333333336,326.0,142.0,,,,,183.33333333333334,183.0,375.4,12.0,52.0,3.79638671875,0.0009062633314122285,2.699776703387432,,3636.0,1429.5636068989468
0.0,20,0,0,1,1,1,747066.6666666666,920.0,20.0,-6.666666666666629,0.04204480548327727,341.0,16,10,,,,,,,90,53.333333333333336,341.0,166.0,136.66666666666666,93.33333333333333,24.0,4.103534920470324,246.66666666666666,215.0,375.65333333333336,11.0,44.0,4.638671875,0.0004441125180408082,2.588186096315373,420.0,3765.0,1361.5416841223293
0.0,25,1,0,1,1,1,747980.0,913.3333333333334,-6.666666666666629,3.3333333333332575,0.15607852069658126,341.0,15,11,-64.0,5.0,1.0,,,,68,66.66666666666667,362.0,133.0,140.0,100.0,19.0,3.172802724728731,190.0,197.0,380.0133333333334,43.0,39.0,4.77294921875,0.0005268824327009005,2.4898441303820147,403.3333333333333,3810.0,862.9742934112599
0.0,20,0,0,1,1,1,748896.6666666666,916.6666666666666,3.3333333333332575,6.6666666666667425,0.1962839000281523,324.0,16,10,,,,,,,90,53.333333333333336,324.0,143.0,133.33333333333334,93.33333333333333,19.0,3.576728828498311,203.33333333333334,206.0,372.83333333333337,9.0,30.0,4.931640625,0.0004129361703420735,2.5855264995060208,416.6666666666667,3854.0,1200.0
0.0,20,0,0,1,1,1,749820.0,923.3333333333334,6.6666666666667425,0.0,0.23529045125903764,340.0,17,10,,,,,,,90,56.666666666666664,340.0,136.0,133.33333333333334,93.33333333333333,21.0,3.431162752554524,180.0,177.0,378.47333333333336,3.0,39.0,4.736328125,0.00043138009855321066,2.4906966985008863,426.6666666666667,3730.0,1164.9816176470588
0.0,20,0,0,1,1,1,750743.3333333334,923.3333333333334,0.0,0.0,0.3109850438370294,346.0,16,10,,,,,,,90,53.333333333333336,346.0,128.0,153.33333333333334,110.0,6.0,2.862115157328189,190.0,181.0,378.47333333333336,-5.0,31.0,4.931640625,0.0003696239186850729,2.5706964016287954,400.0,3688.0,1372.8323699421967
0.0,20,0,0,1,1,1,751666.6666666666,923.3333333333334,0.0,6.666666666666629,0.3837029396596184,328.0,17,10,,,,,,,90,56.666666666666664,328.0,131.0,156.66666666666666,120.0,12.0,2.631436387202605,250.0,207.0,381.8066666666667,5.0,43.0,5.04150390625,0.0002615455403211827,2.6159794007569075,396.6666666666667,3615.0,1129.8421807747488
0.0,20,0,0,0,1,1,752596.6666666666,930.0,6.666666666666629,0.0,0.22817746792624066,330.0,17,10,,,,,,,90,56.666666666666664,330.0,139.0,,,,,253.33333333333334,203.0,384.1133333333333,3.0,50.0,4.9560546875,0.000310945983183358,2.632123649642935,,3557.0,1497.005988023952
0.0,20,0,0,1,1,1,753526.6666666666,930.0,0.0,0.0,0.03763440860215053,313.0,17,11,,,,,,,90,56.666666666666664,313.0,152.0,156.66666666666666,136.66666666666666,24.0,2.1879938970483686,166.66666666666666,170.0,377.4466666666667,1.0,33.0,5.13916015625,0.00025599713835831634,2.6338068736994016,393.3333333333333,3590.0,1210.2669626902043
0.0,20,0,0,0,1,1,754456.6666666666,930.0,0.0,-20.0,0.0,347.0,16,11,,,,,,,90,53.333333333333336,347.0,122.0,,,,,170.0,188.0,377.4466666666667,-7.0,59.0,5.0537109375,0.00029246353257436446,2.5660572134242816,,3667.0,1363.729930012351
0.0,20,0,0,0,1,1,755366.6666666666,910.0,-20.0,3.3333333333333712,0.0,326.0,16,10,,,,,,,90,53.333333333333336,326.0,155.0,,,,,180.0,186.0,380.5266666666667,-8.0,48.0,4.52880859375,0.0004028312179675131,2.7690106085744945,,3874.0,1710.6402198050357
0.0,20,0,0,0,1,1,756280.0,913.3333333333334,3.3333333333333712,-10.0,0.0,352.0,15,10,,,,,,,90,50.0,352.0,129.0,,,,,170.0,182.0,380.0133333333334,-4.0,52.0,5.33447265625,0.00033120450118584113,2.793924891535312,,3802.0,1406.511433351924
0.0,20,0,0,0,1,1,757183.3333333334,903.3333333333334,-10.0,6.666666666666629,0.0,328.0,16,11,,,,,,,90,53.333333333333336,328.0,149.0,,,,,253.33333333333334,222.0,384.88666666666666,-2.0,48.0,6.2744140625,0.00042539937790156743,2.7544546932590297,,3890.0,1512.8854118729867
0.0,20,0,0,0,1,1,758093.3333333334,910.0,6.666666666666629,3.3333333333333712,0.0,365.0,16,11,,,,,,,90,53.333333333333336,365.0,158.0,,,,,170.0,186.0,380.5266666666667,2.0,45.0,4.19921875,0.0003179212014838995,2.7046333834080865,,3900.0,1388.581638730537
0.0,20,0,0,1,1,1,759006.6666666666,913.3333333333334,3.3333333333333712,6.666666666666629,0.0,364.0,15,11,,,,,,,90,50.0,364.0,141.0,140.0,120.0,20.0,2.6568866618452045,173.33333333333334,212.0,383.3466666666667,-14.0,39.0,4.94384765625,0.00047314247343534943,2.6105225719551646,403.3333333333333,3944.0,1137.498864771592
0.0,20,0,0,1,1,1,759926.6666666666,920.0,6.666666666666629,-3.3333333333333712,0.0,342.0,16,11,,,,,,,90,53.333333333333336,342.0,123.0,126.66666666666667,106.66666666666667,17.0,1.5097818634739397,190.0,196.0,378.9866666666667,-1.0,27.0,5.0537109375,0.000467068598296903,2.692653928236499,420.0,3990.0,1093.0103035366194
0.0,20,0,0,1,1,1,760843.3333333334,916.6666666666666,-3.3333333333333712,0.0,0.0,379.0,16,11,,,,,,,90,53.333333333333336,379.0,153.0,160.0,60.0,6.0,-0.4335823759202171,163.33333333333334,182.0,376.1666666666667,3.0,33.0,4.94384765625,0.00037621615598747507,2.502322514282888,386.6666666666667,3893.0,1003.0934400873441
0.0,20,0,0,0,1,1,761760.0,916.6666666666666,0.0,13.333333333333371,0.0,326.0,16,11,,,,,,,90,53.333333333333336,326.0,124.0,,,,,250.0,220.0,379.50000000000006,18.0,49.0,4.82177734375,0.0003723404034043777,2.569787860279499,,3811.0,1500.2788622420526
0.0,20,0,0,1,1,1,762690.0,930.0,13.333333333333371,0.0,0.0,319.0,16,11,,,,,,,90,53.333333333333336,319.0,138.0,160.0,120.0,9.0,1.5187934601227013,186.66666666666666,196.0,377.4466666666667,4.0,44.0,5.029296875,0.00026250125619368416,2.61096114121219,400.0,3768.0,1449.843260188088
0.0,20,0,0,1,1,1,763620.0,930.0,0.0,0.0,0.0,355.0,15,11,,,,,,,90,50.0,355.0,146.0,163.33333333333334,106.66666666666667,9.0,1.373614194144297,193.33333333333334,197.0,377.4466666666667,6.0,37.0,4.94384765625,0.00044824607675860443,2.673834721912178,396.6666666666667,3745.0,1107.8234110545627
0.0,20,0,0,0,1,1,764550.0,930.0,0.0,-3.3333333333333712,0.0,328.0,16,11,,,,,,,90,53.333333333333336,328.0,138.0,,,,,180.0,184.0,377.4466666666667,8.0,48.0,4.74853515625,0.000399399140259168,2.5710448024685744,,3739.0,1426.3937282229965
0.0,20,0,0,1,1,1,765476.6666666666,926.6666666666666,-3.3333333333333712,6.6666666666667425,0.0,325.0,16,10,,,,,,,90,53.333333333333336,325.0,138.0,163.33333333333334,123.33333333333333,12.0,1.7496213809140269,173.33333333333334,179.0,371.2933333333333,4.0,38.0,5.0537109375,0.0003022283488289992,2.6046757432296763,396.6666666666667,3821.0,1334.1952165481575
0.0,20,0,0,0,1,1,766410.0,933.3333333333334,6.6666666666667425,-3.3333333333333712,0.0,386.0,16,11,,,,,,,90,53.333333333333336,386.0,187.0,,,,,186.66666666666666,197.0,376.93333333333334,3.0,60.0,5.67626953125,0.00041413608528666175,2.6920810577165852,,4025.0,1458.3968302346848
0.0,20,0,0,1,1,1,767340.0,930.0,-3.3333333333333712,3.3333333333333712,0.0,333.0,16,10,,,,,,,90,53.333333333333336,333.0,164.0,166.66666666666666,130.0,18.0,1.3966961773584323,183.33333333333334,189.0,374.11333333333334,2.0,38.0,4.96826171875,0.00047596540842262934,2.6870807971628157,396.6666666666667,4170.0,1862.366568248921
0.0,20,0,0,0,1,1,768273.3333333334,933.3333333333334,3.3333333333333712,6.666666666666629,0.0,384.0,16,11,,,,,,,90,53.333333333333336,384.0,130.0,,,,,170.0,175.0,376.93333333333334,-6.0,48.0,5.70068359375,0.00043722326620754937,2.641519666268984,,3763.0,1206.5458579881656
0.0,20,0,0,1,1,1,769213.3333333334,940.0,6.666666666666629,0.0,0.0,317.0,16,11,,,,,,,90,53.333333333333336,317.0,142.0,166.66666666666666,123.33333333333333,8.0,0.709060288209356,170.0,180.0,375.9066666666667,7.0,43.0,5.1025390625,0.00025628693829595395,2.6165903643274007,403.3333333333333,3759.0,1094.976145162552
0.0,20,0,0,0,1,1,770153.3333333334,940.0,0.0,-3.3333333333333712,0.0,332.0,16,11,,,,,,,90,53.333333333333336,332.0,129.0,,,,,170.0,200.0,375.9066666666667,4.0,50.0,5.615234375,0.00028353529411800313,2.6726391511675223,,3736.0,1368.6324244345806
0.0,20,0,0,0,1,1,771090.0,936.6666666666666,-3.3333333333333712,0.0,0.0,362.0,16,11,,,,,,,90,53.333333333333336,362.0,112.0,,,,,170.0,194.0,376.42,-7.0,40.0,5.57861328125,0.0004874287058064169,2.6243721232806347,,3840.0,1204.0948976275595
0.0,20,0,0,1,1,1,772026.6666666666,936.6666666666666,0.0,10.0,0.0,343.0,16,11,,,,,,,90,53.333333333333336,343.0,119.0,170.0,130.0,9.0,1.6338038100930188,186.66666666666666,191.0,376.42,9.0,38.0,4.9560546875,0.0005019961765443258,2.6159733449304827,396.6666666666667,3949.0,1131.8813239581546
0.0,20,0,0,0,1,1,772973.3333333334,946.6666666666666,10.0,-3.3333333333332575,0.0,343.0,15,11,,,,,,,90,50.0,343.0,156.0,,,,,186.66666666666666,197.0,371.5466666666667,-3.0,48.0,3.94287109375,0.0005236589148136107,2.612801011771057,,3888.0,1435.8179275013063
0.0,20,0,0,0,1,1,773916.6666666666,943.3333333333334,-3.3333333333332575,-20.0,0.0,325.0,16,11,,,,,,,90,53.333333333333336,325.0,117.0,,,,,190.0,191.0,375.3933333333334,0.0,45.0,5.2978515625,0.0004924743512171645,2.6261440376644907,,3929.0,1456.647398843931
0.0,20,0,0,0,1,1,774840.0,923.3333333333334,-20.0,-16.666666666666742,0.0,341.0,16,11,,,,,,,90,53.333333333333336,341.0,152.0,,,,,253.33333333333334,216.0,378.47333333333336,-11.0,53.0,4.67529296875,0.0003620466171381439,2.673422131006199,,3793.0,1605.8368370844078
0.0,20,0,0,0,1,1,775746.6666666666,906.6666666666666,-16.666666666666742,-10.0,0.004643244079863798,347.0,16,10,,,,,,,90,53.333333333333336,347.0,137.0,,,,,250.0,229.0,377.7066666666667,11.0,50.0,3.91845703125,0.0003272656683735577,2.8422614453285844,,3820.0,1462.269185612125
0.0,20,0,0,0,1,1,776643.3333333334,896.6666666666666,-10.0,-10.0,0.23954863993107722,347.0,16,11,,,,,,,90,53.333333333333336,347.0,151.0,,,,,250.0,232.0,382.58000000000004,27.0,52.0,3.7353515625,0.0007051352035301897,2.7237147629994487,,3965.0,1482.873089410134
0.0,20,0,0,1,1,1,777530.0,886.6666666666666,-10.0,50.0,0.4007797809389243,372.0,16,11,,,,,,,90,53.333333333333336,372.0,173.0,146.66666666666666,103.33333333333333,27.0,4.2058566680432214,250.0,236.0,384.12,8.0,24.0,4.7607421875,0.0006757172007520348,2.555364891941064,370.0,4005.0,1235.1060738157512
0.0,20,0,0,0,1,1,778466.6666666666,936.6666666666666,50.0,-6.666666666666629,0.5230406094093665,360.0,16,11,,,,,,,90,53.333333333333336,360.0,114.0,,,,,250.0,247.0,373.0866666666667,0.0,45.0,5.6640625,0.0007667454569680423,2.6819524965217005,,3960.0,1142.1568627450981
0.0,20,0,0,1,1,1,779396.6666666666,930.0,-6.666666666666629,13.333333333333371,0.4949865766352099,351.0,16,11,,,,,,,90,53.333333333333336,351.0,132.0,136.66666666666666,93.33333333333333,16.0,4.277770461220111,193.33333333333334,207.0,380.78000000000003,24.0,38.0,4.60205078125,0.000571862273286175,2.5709161601927013,426.6666666666667,3885.0,1021.6346153846154
0.0,20,0,0,1,1,1,780340.0,943.3333333333334,13.333333333333371,3.3333333333332575,0.4606973934765249,356.0,16,11,,,,,,,90,53.333333333333336,356.0,141.0,136.66666666666666,90.0,21.0,3.5557209712101407,233.33333333333334,219.0,378.72666666666663,12.0,31.0,4.55322265625,0.00047645906665167787,2.540723067678913,433.3333333333333,3715.0,1043.647363872083
0.0,20,0,0,0,1,1,781286.6666666666,946.6666666666666,3.3333333333332575,-3.3333333333332575,0.4542838971501256,341.0,16,11,,,,,,,90,53.333333333333336,341.0,133.0,,,,,186.66666666666666,196.0,371.5466666666667,2.0,41.0,3.64990234375,0.00045452662260870897,2.6084190678143773,,3781.0,1263.384027825138
0.0,20,0,0,1,1,1,782230.0,943.3333333333334,-3.3333333333332575,13.333333333333258,0.4542573420663427,338.0,16,11,,,,,,,90,53.333333333333336,338.0,132.0,170.0,110.0,6.0,0.694359165348736,250.0,226.0,375.3933333333334,-16.0,39.0,4.58984375,0.00047929333394113136,2.581989505381927,406.6666666666667,3884.0,1396.8377146182945
0.0,20,0,0,1,1,1,783186.6666666666,956.6666666666666,13.333333333333258,0.0,0.5283715860231333,358.0,15,10,,,,,,,90,50.0,358.0,155.0,173.33333333333334,130.0,10.0,2.1199193628576953,186.66666666666666,195.0,370.00666666666666,6.0,34.0,4.79736328125,0.00037409918791890767,2.6292333469580758,416.6666666666667,3915.0,1126.2569832402232
0.0,20,0,0,1,1,1,784143.3333333334,956.6666666666666,0.0,0.0,0.4442508710801394,352.0,16,11,,,,,,,90,53.333333333333336,352.0,164.0,126.66666666666667,86.66666666666667,13.0,2.2354624664902545,190.0,196.0,373.34000000000003,7.0,44.0,4.82177734375,0.00044380075824798155,2.5252960146400323,460.0,3941.0,1290.7608695652173
0.0,20,0,0,1,1,1,785100.0,956.6666666666666,0.0,3.3333333333333712,0.25609756097560976,330.0,16,10,,,,,,,90,53.333333333333336,330.0,124.0,126.66666666666667,86.66666666666667,9.0,2.9638384120023336,250.0,211.0,373.34000000000003,9.0,39.0,4.74853515625,0.0003939046456758456,2.5872028709046297,463.3333333333333,3864.0,1458.4695879659907
0.0,20,0,0,1,1,1,786060.0,960.0,3.3333333333333712,-20.0,0.0,352.0,16,11,,,,,,,90,53.333333333333336,352.0,150.0,126.66666666666667,83.33333333333333,7.0,1.6342694842929237,166.66666666666666,197.0,369.49333333333334,-14.0,45.0,4.78515625,0.0003841689469342283,2.6194371127980807,460.0,3762.0,1241.3537549407115
0.0,20,0,0,0,1,1,787000.0,940.0,-20.0,3.3333333333333712,0.0,334.0,16,10,,,,,,,90,53.333333333333336,334.0,128.0,,,,,173.33333333333334,189.0,372.5733333333334,-3.0,42.0,5.52978515625,0.00045579278875603233,2.6309176633087956,,3833.0,1313.5578553874911
0.0,20,0,0,1,1,1,787943.3333333334,943.3333333333334,3.3333333333333712,-3.3333333333333712,0.0,358.0,16,11,,,,,,,90,53.333333333333336,358.0,158.0,123.33333333333333,103.33333333333333,26.0,1.4056218936176634,166.66666666666666,187.0,375.3933333333334,-2.0,37.0,4.94384765625,0.000369058329211766,2.4829428738108605,450.0,3886.0,968.342644320298
0.0,20,0,0,1,1,1,788883.3333333334,940.0,-3.3333333333333712,-6.666666666666629,0.0,360.0,16,11,,,,,,,90,53.333333333333336,360.0,127.0,123.33333333333333,86.66666666666667,12.0,3.100816353513009,170.0,194.0,375.9066666666667,4.0,35.0,4.78515625,0.00034868149977871276,2.434920193353536,446.6666666666667,4085.0,976.3681592039801
0.0,20,0,0,0,1,1,789816.6666666666,933.3333333333334,-6.666666666666629,6.666666666666629,0.0,382.0,15,10,,,,,,,90,50.0,382.0,125.0,,,,,170.0,194.0,376.93333333333334,-15.0,44.0,3.60107421875,0.0005001957453882094,2.6268278156983484,,4075.0,1233.4462580843856
0.0,20,0,0,1,1,1,790756.6666666666,940.0,6.666666666666629,-13.333333333333371,0.0,330.0,16,11,,,,,,,90,53.333333333333336,330.0,185.0,176.66666666666666,140.0,26.0,2.9875942955073036,156.66666666666666,185.0,365.9066666666667,6.0,38.0,4.98046875,0.00038733102670300665,2.595073745055726,390.0,4019.0,1515.151515151515
0.0,20,0,0,1,1,1,791683.3333333334,926.6666666666666,-13.333333333333371,-6.666666666666629,0.001520188097940652,334.0,16,11,,,,,,,90,53.333333333333336,334.0,134.0,126.66666666666667,93.33333333333333,19.0,2.52904530690134,166.66666666666666,185.0,374.62666666666667,9.0,57.0,4.7607421875,0.0004117722489789484,2.663503552500443,440.0,3837.0,1619.4882961350027
0.0,20,0,0,1,1,1,792603.3333333334,920.0,-6.666666666666629,-3.3333333333333712,0.07709228460415682,313.0,16,11,,,,,,,90,53.333333333333336,313.0,155.0,140.0,93.33333333333333,19.0,3.5897951732600113,173.33333333333334,191.0,378.9866666666667,19.0,53.0,4.35791015625,0.000503052697883713,2.614357886829283,413.3333333333333,3574.0,1708.2345666288775
0.0,20,0,0,1,1,1,793520.0,916.6666666666666,-3.3333333333333712,3.3333333333333712,0.07609247046887455,293.0,15,10,,,,,,,90,50.0,293.0,141.0,143.33333333333334,100.0,23.0,3.2228999033169234,250.0,219.0,376.1666666666667,1.0,38.0,4.91943359375,0.0002954950552358525,2.606367854163014,406.6666666666667,3440.0,1183.3491859229002
0.0,20,0,0,1,1,1,794440.0,920.0,3.3333333333333712,16.66666666666663,0.0,298.0,14,9,,,,,,,90,46.666666666666664,298.0,153.0,146.66666666666666,100.0,24.0,4.2744596337066625,243.33333333333334,221.0,365.6533333333333,6.0,36.0,4.931640625,0.00029643588086614495,2.479976038509787,410.0,3504.0,1129.481093468653
0.0,20,0,0,0,1,1,795376.6666666666,936.6666666666666,16.66666666666663,3.3333333333333712,0.0,325.0,15,10,,,,,,,90,50.0,325.0,144.0,,,,,170.0,183.0,373.0866666666667,-7.0,69.0,5.8837890625,0.0005093987300386951,2.7590204390047353,,3558.0,1488.6616273899513
0.0,20,0,0,0,1,1,796316.6666666666,940.0,3.3333333333333712,-6.666666666666629,0.0,319.0,15,10,,,,,,,90,50.0,319.0,140.0,,,,,173.33333333333334,184.0,372.5733333333334,-8.0,49.0,5.712890625,0.0006238447620609273,2.723455071588732,,3680.0,1350.5139607785957
0.0,20,0,0,1,1,1,797250.0,933.3333333333334,-6.666666666666629,-6.6666666666667425,0.0,332.0,14,10,,,,,,,90,46.666666666666664,332.0,169.0,150.0,103.33333333333333,26.0,4.864226395157743,170.0,191.0,373.59999999999997,-6.0,36.0,4.89501953125,0.00041070924180858687,2.511840551991985,416.6666666666667,3805.0,1293.9759036144578
0.0,20,0,0,1,1,1,798176.6666666666,926.6666666666666,-6.6666666666667425,13.333333333333371,0.0,347.0,16,9,,,,,,,90,53.333333333333336,347.0,187.0,136.66666666666666,96.66666666666667,25.0,3.1851887058465795,186.66666666666666,193.0,374.62666666666667,3.0,29.0,4.72412109375,0.0003966303110835952,2.5742759212752944,426.6666666666667,3871.0,1202.2694524495676
0.0,20,0,0,1,1,1,799116.6666666666,940.0,13.333333333333371,10.0,0.0,332.0,16,9,,,,,,,90,53.333333333333336,332.0,128.0,146.66666666666666,103.33333333333333,17.0,2.3256445768621887,186.66666666666666,202.0,372.5733333333334,-14.0,41.0,4.7607421875,0.00040270449414850444,2.5812424365842026,426.6666666666667,3898.0,1242.469879518072
0.0,20,0,0,1,1,1,800066.6666666666,950.0,10.0,-6.666666666666629,0.0007597167775853162,356.0,16,10,,,,,,,90,53.333333333333336,356.0,149.0,140.0,86.66666666666667,12.0,3.2668935198289777,186.66666666666666,197.0,371.0333333333333,-2.0,36.0,4.91943359375,0.00047601570389273304,2.5402111002850534,440.0,3916.0,1168.2839632277835
0.0,20,0,0,1,1,1,801010.0,943.3333333333334,-6.666666666666629,16.66666666666663,0.036847276810780455,375.0,16,9,,,,,,,90,53.333333333333336,375.0,140.0,180.0,160.0,17.0,0.03352342137792519,246.66666666666666,223.0,368.72666666666663,-11.0,40.0,4.84619140625,0.0003593559359943333,2.5273521588716488,400.0,3986.0,953.3333333333334
0.0,20,0,0,0,1,1,801970.0,960.0,16.66666666666663,10.0,0.0007569258717262956,376.0,15,9,,,,,,,90,50.0,376.0,136.0,,,,,190.0,200.0,369.49333333333334,-28.0,53.0,4.6142578125,0.0004659798354198921,2.5045756377914423,,4131.0,1323.844050873648
0.0,20,0,0,0,1,1,802940.0,970.0,10.0,-6.666666666666629,0.04017020263635552,353.0,16,10,,,,,,,90,53.333333333333336,353.0,147.0,,,,,170.0,196.0,367.9533333333334,-12.0,45.0,4.43115234375,0.0004320658916718928,2.5452014589751233,,4085.0,1473.087818696884
0.0,20,0,0,0,1,1,803903.3333333334,963.3333333333334,-6.666666666666629,0.0,0.1848560430496092,344.0,16,10,,,,,,,90,53.333333333333336,344.0,160.0,,,,,173.33333333333334,185.0,372.31333333333333,6.0,46.0,4.3701171875,0.0006283392213716993,2.4869428872494477,,3855.0,1485.968559178901
0.0,20,0,0,0,1,1,804866.6666666666,963.3333333333334,0.0,-3.3333333333333712,0.22170044488383586,309.0,16,9,,,,,,,90,53.333333333333336,309.0,147.0,,,,,186.66666666666666,192.0,368.97999999999996,-9.0,52.0,4.6630859375,0.0005245085811957861,2.3929130086904014,,3619.0,1806.1506752725497
0.0,20,0,0,0,1,1,805826.6666666666,960.0,-3.3333333333333712,-3.3333333333333712,0.18241499658898785,313.0,17,10,,,,,,,90,56.666666666666664,313.0,147.0,,,,,206.66666666666666,205.0,392.82666666666665,3.0,49.0,4.47998046875,0.00045488396830950555,2.542264934752162,,3480.0,1532.4633129365895
0.0,20,0,0,1,1,1,806783.3333333334,956.6666666666666,-3.3333333333333712,-23.333333333333258,0.036460865337870685,314.0,15,9,,,,,,,90,50.0,314.0,119.0,140.0,93.33333333333333,10.0,2.507002885195867,186.66666666666666,221.0,383.34000000000003,-13.0,22.0,4.96826171875,0.00039791736885366475,2.684208272653306,430.0,3578.0,1051.696045030366
0.0,20,0,0,0,1,1,807716.6666666666,933.3333333333334,-23.333333333333258,-3.3333333333333712,0.0022410135357217556,331.0,17,10,,,,,,,90,56.666666666666664,331.0,132.0,,,,,186.66666666666666,211.0,393.59999999999997,6.0,38.0,4.52880859375,0.0003746297276282976,2.772969099710991,,3659.0,1472.123043120022
0.0,20,0,0,1,1,1,808646.6666666666,930.0,-3.3333333333333712,-3.3333333333333712,0.11710020103476777,328.0,17,10,,,,,,,90,56.666666666666664,328.0,143.0,126.66666666666667,106.66666666666667,19.0,1.8379756432156658,203.33333333333334,211.0,394.11333333333334,7.0,19.0,4.8583984375,0.00037333683785796697,2.6158364565623518,416.6666666666667,3755.0,1236.5853658536585
0.0,20,0,0,0,1,1,809573.3333333334,926.6666666666666,-3.3333333333333712,3.3333333333333712,0.23427178599592388,341.0,17,10,,,,,,,90,56.666666666666664,341.0,152.0,,,,,253.33333333333334,223.0,381.2933333333333,0.0,39.0,4.248046875,0.0004627969569029902,2.6340082019736664,,3648.0,1547.7354187031606
0.0,20,0,0,1,1,1,810503.3333333334,930.0,3.3333333333333712,0.0,0.4231453030100609,333.0,17,9,,,,,,,90,56.666666666666664,333.0,94.0,133.33333333333334,86.66666666666667,5.0,2.2120502642604247,250.0,238.0,377.4466666666667,7.0,45.0,4.82177734375,0.0003953570241718783,2.593322421210005,426.6666666666667,3598.0,795.3265765765765
0.0,20,0,0,0,1,1,811433.3333333334,930.0,0.0,0.0,0.3817204301075268,318.0,17,9,,,,,,,90,56.666666666666664,318.0,115.0,,,,,166.66666666666666,187.0,374.11333333333334,8.0,43.0,4.40673828125,0.0006545290957170271,2.54271782868448,,3641.0,1398.2479784366578
0.0,20,0,0,1,1,1,812363.3333333334,930.0,0.0,0.0,0.26497695852534564,328.0,17,10,,,,,,,90,56.666666666666664,328.0,157.0,130.0,93.33333333333333,11.0,3.3188438424097946,246.66666666666666,227.0,377.4466666666667,3.0,46.0,4.8828125,0.0003164480572172997,2.543784422058002,430.0,3691.0,1219.5121951219512
0.0,20,0,0,1,1,1,813293.3333333334,930.0,0.0,13.333333333333371,0.07603686635944701,343.0,17,10,,,,,,,90,56.666666666666664,343.0,158.0,123.33333333333333,80.0,7.0,1.7344309226176318,186.66666666666666,194.0,377.4466666666667,7.0,39.0,4.74853515625,0.000297252611334587,2.5314895915225435,436.6666666666667,3785.0,1201.7893307813854
0.0,20,0,0,1,1,1,814236.6666666666,943.3333333333334,13.333333333333371,3.3333333333332575,0.03762362046724953,361.0,17,10,,,,,,,90,56.666666666666664,361.0,112.0,130.0,100.0,14.0,2.8462026589425147,173.33333333333334,189.0,378.72666666666663,6.0,39.0,4.79736328125,0.000368302109942796,2.5266473552357622,443.3333333333333,3803.0,999.7292399975008
0.0,20,0,0,0,1,1,815183.3333333334,946.6666666666666,3.3333333333332575,0.0,0.0,352.0,16,10,,,,,,,90,53.333333333333336,352.0,149.0,,,,,173.33333333333334,195.0,378.21333333333337,5.0,40.0,4.01611328125,0.00039474047927552755,2.535376202632649,,3743.0,1298.2293868921774
0.0,20,0,0,0,1,1,816130.0,946.6666666666666,0.0,0.0,0.0,310.0,17,9,,,,,,,90,56.666666666666664,310.0,126.0,,,,,186.66666666666666,185.0,374.88000000000005,11.0,47.0,5.52978515625,0.0003046860408445635,2.6197995274068195,,3762.0,1325.750512772702
0.0,20,0,0,0,1,1,817076.6666666666,946.6666666666666,0.0,-3.3333333333332575,0.0,302.0,17,10,,,,,,,90,56.666666666666664,302.0,304.0,,,,,170.0,180.0,374.88000000000005,8.0,60.0,5.4931640625,0.0003833662917755033,2.8455750954977894,,3784.0,2633.605421222855
0.0,25,1,0,0,1,1,818020.0,943.3333333333334,-3.3333333333332575,-13.333333333333371,0.0,356.0,15,11,-59.0,4.0,1.0,,,,71,63.333333333333336,373.0,149.0,,,,,190.0,199.0,375.3933333333334,42.0,48.0,5.7861328125,0.0003638649062357525,2.686412077368273,,3915.0,1284.0412022012135
0.0,20,0,0,1,1,1,818950.0,930.0,-13.333333333333371,-6.666666666666629,0.0,368.0,15,10,,,,,,,90,50.0,368.0,120.0,133.33333333333334,96.66666666666667,14.0,2.7303491607965817,250.0,217.0,374.11333333333334,-3.0,34.0,4.89501953125,0.00033954415185813235,2.6861713813591965,430.0,4043.0,1105.9150657229525
0.0,20,0,0,1,1,1,819873.3333333334,923.3333333333334,-6.666666666666629,-10.0,0.0,327.0,15,10,,,,,,,90,50.0,327.0,143.0,133.33333333333334,113.33333333333333,17.0,1.8159612476657738,250.0,219.0,378.47333333333336,1.0,50.0,5.078125,0.00021150657160226693,2.663061278816616,423.3333333333333,3792.0,1163.0426930578633
0.0,20,0,0,0,1,1,820786.6666666666,913.3333333333334,-10.0,0.0,0.0038688111916970157,337.0,15,10,,,,,,,90,50.0,337.0,121.0,,,,,170.0,186.0,380.0133333333334,13.0,48.0,5.06591796875,0.00027386706708128043,2.7368241155287363,,3695.0,1234.2757277311537
0.0,20,0,0,1,1,1,821700.0,913.3333333333334,0.0,-16.666666666666742,0.19786235662148072,332.0,15,11,,,,,,,90,50.0,332.0,144.0,300.0,166.66666666666666,14.0,0.8716897660590934,170.0,192.0,380.0133333333334,17.0,33.0,6.77490234375,0.00018161288626586568,2.929154468351105,240.0,3742.0,1016.566265060241
0.0,20,0,0,0,1,1,822596.6666666666,896.6666666666666,-16.666666666666742,16.666666666666742,0.31450477233609764,315.0,16,9,,,,,,,90,53.333333333333336,315.0,145.0,,,,,186.66666666666666,201.0,375.9133333333333,-3.0,57.0,6.4208984375,0.0005606487357345433,2.8198584614250013,,3855.0,1666.6666666666665
0.0,20,0,0,1,1,1,823510.0,913.3333333333334,16.666666666666742,16.66666666666663,0.39735626692148435,344.0,17,11,,,,,,,90,56.666666666666664,344.0,141.0,153.33333333333334,113.33333333333333,21.0,4.3012440999142605,170.0,195.0,380.0133333333334,0.0,51.0,5.126953125,0.0002560019958755071,2.7180745184772164,390.0,3769.0,1214.9672033392962
0.0,20,0,0,1,1,1,824440.0,930.0,16.66666666666663,6.666666666666629,0.34945536040027103,314.0,15,9,,,,,,,90,50.0,314.0,140.0,140.0,100.0,23.0,4.003722934786431,226.66666666666666,226.0,370.78,10.0,40.0,4.79736328125,0.0002870983888794144,2.553460698758046,426.6666666666667,3777.0,1388.3359872611466
0.0,20,0,0,1,1,1,825376.6666666666,936.6666666666666,6.666666666666629,10.0,0.2280778997378768,333.0,15,9,,,,,,,90,50.0,333.0,134.0,143.33333333333334,100.0,17.0,3.4322244025382833,183.33333333333334,206.0,373.0866666666667,8.0,49.0,4.91943359375,0.0003196121187599891,2.45077946680415,430.0,3738.0,1089.4615545778336
0.0,20,0,0,1,1,1,826323.3333333334,946.6666666666666,10.0,0.0,0.11665023228390481,377.0,15,9,,,,,,,90,50.0,377.0,138.0,133.33333333333334,86.66666666666667,15.0,3.277674249638453,166.66666666666666,183.0,368.2133333333333,-20.0,48.0,4.91943359375,0.0003993398258828905,2.5604342651031256,446.6666666666667,4057.0,944.2179025297913
0.0,20,0,0,1,1,1,827270.0,946.6666666666666,0.0,0.0,0.22937625754527163,393.0,15,9,,,,,,,90,50.0,393.0,167.0,143.33333333333334,103.33333333333333,20.0,3.425319719584877,250.0,226.0,368.2133333333333,-23.0,50.0,4.94384765625,0.0003285771079016114,2.565266216370377,440.0,4013.0,1231.7834836918807
0.0,20,0,0,0,1,1,828216.6666666666,946.6666666666666,0.0,0.0,0.3780181086519115,300.0,16,9,,,,,,,90,53.333333333333336,300.0,133.0,,,,,190.0,197.0,374.88000000000005,3.0,45.0,5.4931640625,0.0002812565597801281,2.592259827173787,,3806.0,1617.1428571428573
0.0,20,0,0,1,1,1,829163.3333333334,946.6666666666666,0.0,-16.66666666666663,0.4142354124748491,316.0,16,9,,,,,,,90,53.333333333333336,316.0,190.0,233.33333333333334,96.66666666666667,13.0,1.1125556014674416,173.33333333333334,186.0,364.88000000000005,-5.0,54.0,6.2744140625,6.215121161228918e-05,2.6784837967798554,343.3333333333333,4018.0,1622.2194912129778
0.0,20,0,0,0,1,1,830093.3333333334,930.0,-16.66666666666663,-3.3333333333333712,0.3728677099582348,342.0,16,9,,,,,,,90,53.333333333333336,342.0,442.0,,,,,256.6666666666667,222.0,380.78000000000003,20.0,66.0,3.86962890625,0.0005682038190031561,2.723693364661632,,4139.0,3647.276084949215
0.0,20,0,0,0,1,1,831020.0,926.6666666666666,-3.3333333333333712,3.3333333333333712,0.15054842641049535,337.0,15,9,,,,,,,90,50.0,337.0,149.0,,,,,176.66666666666666,185.0,374.62666666666667,11.0,37.0,4.62646484375,0.0003543154651190213,2.66848092468509,,3855.0,1533.73136462765
0.0,20,0,0,0,1,1,831950.0,930.0,3.3333333333333712,-6.666666666666629,0.0,342.0,16,9,,,,,,,90,53.333333333333336,342.0,183.0,,,,,190.0,189.0,374.11333333333334,-3.0,58.0,5.9326171875,0.00038193123433572445,2.651602033549531,,3915.0,1650.57614450327
0.0,20,0,0,0,1,1,832873.3333333334,923.3333333333334,-6.666666666666629,-13.333333333333371,0.0,348.0,16,9,,,,,,,90,53.333333333333336,348.0,138.0,,,,,170.0,188.0,375.14000000000004,-23.0,53.0,4.23583984375,0.0004691325754930867,2.65049850503754,,3897.0,1429.898823043568
0.0,20,0,0,1,1,1,833783.3333333334,910.0,-13.333333333333371,-6.666666666666629,0.0023214543653659646,314.0,16,9,,,,,,,90,53.333333333333336,314.0,170.0,146.66666666666666,100.0,26.0,3.850743015096331,173.33333333333334,190.0,380.5266666666667,-1.0,41.0,4.8828125,0.000511235136332596,2.699859050183844,396.6666666666667,3944.0,1605.737836535888
0.0,20,0,0,0,1,1,834686.6666666666,903.3333333333334,-6.666666666666629,30.0,0.11854170155752804,335.0,16,9,,,,,,,90,53.333333333333336,335.0,144.0,,,,,190.0,197.0,378.22,-19.0,49.0,3.7353515625,0.0006170545647188634,2.772242605056376,,3783.0,1326.4925373134326
0.0,20,0,0,1,1,1,835620.0,933.3333333333334,30.0,-3.3333333333333712,0.15724927038445732,318.0,16,9,,,,,,,90,53.333333333333336,318.0,148.0,140.0,100.0,20.0,3.495008384077316,246.66666666666666,225.0,370.26666666666665,2.0,37.0,4.8583984375,0.00045093051865421804,2.5837760686543167,426.6666666666667,3951.0,1260.3183962264152
0.0,20,0,0,1,1,1,836550.0,930.0,-3.3333333333333712,6.666666666666629,0.1132733970793832,357.0,16,9,,,,,,,90,53.333333333333336,357.0,138.0,126.66666666666667,90.0,17.0,1.7346757302751747,250.0,235.0,377.4466666666667,-14.0,51.0,4.89501953125,0.00045726203680000076,2.604490664549224,440.0,3907.0,1292.3351158645276
0.0,20,0,0,1,1,1,837486.6666666666,936.6666666666666,6.666666666666629,-3.3333333333332575,0.03916489187418086,314.0,16,9,,,,,,,90,53.333333333333336,314.0,218.0,140.0,93.33333333333333,27.0,3.2089000815813584,173.33333333333334,184.0,373.0866666666667,6.0,44.0,4.833984375,0.000315359646548906,2.6886594601407294,426.6666666666667,4064.0,1507.7627388535032
0.0,20,0,0,1,1,1,838420.0,933.3333333333334,-3.3333333333332575,6.666666666666629,0.07702632622555748,339.0,16,9,,,,,,,90,53.333333333333336,339.0,189.0,150.0,106.66666666666667,14.0,0.9251718867740824,190.0,205.0,376.93333333333334,-14.0,50.0,4.47998046875,0.000498326965026231,2.620994734447815,416.6666666666667,3994.0,1904.424778761062
0.0,20,0,0,1,1,1,839360.0,940.0,6.666666666666629,-6.666666666666629,0.11554471810149569,333.0,16,9,,,,,,,90,53.333333333333336,333.0,167.0,130.0,100.0,21.0,1.5302853256785074,173.33333333333334,187.0,372.5733333333334,3.0,37.0,4.7119140625,0.000574146488459541,2.6617411329406853,440.0,4060.0,1699.4266994266993
0.0,20,0,0,1,1,1,840293.3333333334,933.3333333333334,-6.666666666666629,-3.3333333333333712,0.1527572300022293,351.0,16,10,,,,,,,90,53.333333333333336,351.0,137.0,106.66666666666667,70.0,16.0,-0.010300508731525326,190.0,202.0,373.59999999999997,-12.0,36.0,4.82177734375,0.0004115155744649763,2.590582362307155,456.6666666666667,3969.0,1416.1831680079856
0.0,20,0,0,1,1,1,841223.3333333334,930.0,-3.3333333333333712,3.3333333333333712,0.19134019776922842,360.0,16,9,,,,,,,90,53.333333333333336,360.0,134.0,103.33333333333333,63.333333333333336,13.0,-0.2566001442152288,193.33333333333334,194.0,377.4466666666667,-13.0,32.0,4.82177734375,0.0003646651174198993,2.5798347296113144,463.3333333333333,3957.0,1217.0263788968825
0.0,20,0,0,0,1,1,842156.6666666666,933.3333333333334,3.3333333333333712,0.0,0.18815855494229805,348.0,16,9,,,,,,,90,53.333333333333336,348.0,138.0,,,,,170.0,175.0,373.59999999999997,-5.0,42.0,5.712890625,0.00041499624831025717,2.589924645470366,,3889.0,1326.2599469496022
0.0,20,0,0,1,1,1,843090.0,933.3333333333334,0.0,-10.0,0.0,350.0,16,9,,,,,,,90,53.333333333333336,350.0,157.0,133.33333333333334,93.33333333333333,14.0,2.5530165780659804,150.0,176.0,370.26666666666665,-7.0,40.0,4.6875,0.00038353993463424545,2.4906708324505433,433.3333333333333,3778.0,956.0439560439562
0.0,20,0,0,1,1,1,844013.3333333334,923.3333333333334,-10.0,13.333333333333258,0.0,338.0,16,9,,,,,,,90,53.333333333333336,338.0,127.0,133.33333333333334,100.0,17.0,1.9420903207726283,170.0,182.0,375.14000000000004,-14.0,50.0,4.79736328125,0.00035030015801146297,2.6542817845853253,426.6666666666667,3849.0,1123.335798816568
0.0,20,0,0,0,1,1,844950.0,936.6666666666666,13.333333333333258,-13.333333333333258,0.0,367.0,15,9,,,,,,,90,50.0,367.0,157.0,,,,,190.0,194.0,369.75333333333333,-10.0,51.0,5.65185546875,0.0004698568101450991,2.650375564341016,,3752.0,1381.5191930780632
0.0,20,0,0,1,1,1,845873.3333333334,923.3333333333334,-13.333333333333258,0.0,0.0,304.0,16,9,,,,,,,90,53.333333333333336,304.0,139.0,130.0,80.0,6.0,2.1266063160114754,170.0,178.0,375.14000000000004,0.0,41.0,4.74853515625,0.0004090146994907042,2.4974052131343054,430.0,3779.0,1277.5397796817624
0.0,20,0,0,0,1,1,846796.6666666666,923.3333333333334,0.0,-10.0,0.0,335.0,16,9,,,,,,,90,53.333333333333336,335.0,150.0,,,,,190.0,201.0,375.14000000000004,-14.0,52.0,4.5654296875,0.0004383843892743112,2.55978886551292,,3691.0,1555.0987577084638
0.0,20,0,0,1,1,1,847710.0,913.3333333333334,-10.0,-20.0,0.0,307.0,16,9,,,,,,,90,53.333333333333336,307.0,150.0,140.0,96.66666666666667,25.0,4.119323885705533,176.66666666666666,185.0,376.68,-5.0,46.0,4.7119140625,0.0004823482197196956,2.6335200891889463,406.6666666666667,3807.0,1585.9454263897046
0.0,20,0,0,1,1,1,848603.3333333334,893.3333333333334,-20.0,-10.0,0.0023472219324417367,320.0,16,9,,,,,,,90,53.333333333333336,320.0,189.0,140.0,80.0,9.0,2.9255184416346367,190.0,200.0,379.76,-3.0,47.0,5.01708984375,0.00040350983142019525,2.5959882586833465,386.6666666666667,3820.0,1301.185344827586
0.0,20,0,0,1,1,1,849486.6666666666,883.3333333333334,-10.0,-10.0,0.12316190191833991,357.0,16,9,,,,,,,90,53.333333333333336,357.0,161.0,126.66666666666667,73.33333333333333,13.0,1.7206561313171935,166.66666666666666,187.0,381.29999999999995,0.0,44.0,5.01708984375,0.00041550246369130063,2.518639952599663,390.0,3984.0,1314.3719026071967
0.0,20,0,0,1,1,1,850360.0,873.3333333333334,-10.0,13.333333333333258,0.28550938757023153,345.0,16,9,,,,,,,90,53.333333333333336,345.0,153.0,143.33333333333334,100.0,22.0,3.2292536896205846,250.0,242.0,382.84000000000003,-13.0,42.0,4.8583984375,0.0005152677080459812,2.617979583216621,363.3333333333333,4064.0,1276.4260071798965
0.0,20,0,0,1,1,1,851246.6666666666,886.6666666666666,13.333333333333258,16.666666666666742,0.4096350078492936,353.0,16,10,,,,,,,90,53.333333333333336,353.0,151.0,146.66666666666666,100.0,22.0,4.00404530738032,250.0,228.0,380.7866666666667,-5.0,36.0,4.91943359375,0.00043188145868299285,2.6570437786973664,370.0,4010.0,1056.5806599800933
0.0,20,0,0,1,1,1,852150.0,903.3333333333334,16.666666666666742,26.66666666666663,0.4396843291995491,329.0,16,9,,,,,,,90,53.333333333333336,329.0,174.0,146.66666666666666,93.33333333333333,17.0,3.563187501684462,186.66666666666666,195.0,374.88666666666666,0.0,33.0,4.94384765625,0.0003734713881519708,2.6001807326201147,393.3333333333333,3811.0,1367.7811550151976
0.0,20,0,0,1,1,1,853080.0,930.0,26.66666666666663,-13.333333333333371,0.27737972309443026,321.0,16,9,,,,,,,90,53.333333333333336,321.0,133.0,140.0,96.66666666666667,23.0,3.885617083245201,190.0,196.0,374.11333333333334,6.0,36.0,5.0048828125,0.00025794906328578313,2.5821412817002867,426.6666666666667,3664.0,1073.306074766355
0.0,20,0,0,1,1,1,853996.6666666666,916.6666666666666,-13.333333333333371,0.0,0.30730777898424533,338.0,16,10,,,,,,,90,53.333333333333336,338.0,145.0,140.0,103.33333333333333,25.0,3.6788023695808594,166.66666666666666,192.0,376.1666666666667,-12.0,37.0,5.01708984375,0.0003183027232365993,2.6265254357884134,406.6666666666667,3827.0,945.7755359394703
0.0,20,0,0,1,1,1,854913.3333333334,916.6666666666666,0.0,10.0,0.3132467532467533,335.0,16,9,,,,,,,90,53.333333333333336,335.0,142.0,143.33333333333334,100.0,22.0,3.074756967402177,190.0,193.0,376.1666666666667,-11.0,37.0,4.82177734375,0.00035828406499086826,2.6043722552473914,410.0,3909.0,1434.291954859847
0.0,20,0,0,1,1,1,855840.0,926.6666666666666,10.0,3.3333333333333712,0.3910835038588984,335.0,16,10,,,,,,,90,53.333333333333336,335.0,145.0,140.0,96.66666666666667,23.0,3.368575497764205,180.0,186.0,381.2933333333333,0.0,43.0,4.7607421875,0.00041022838880884314,2.554529797718941,416.6666666666667,3778.0,1110.44776119403
0.0,20,0,0,0,1,1,856770.0,930.0,3.3333333333333712,13.333333333333371,0.4609123701275345,317.0,16,8,,,,,,,90,53.333333333333336,317.0,159.0,,,,,173.33333333333334,177.0,374.11333333333334,0.0,54.0,5.77392578125,0.0006414506571723402,2.6231461950221746,,3644.0,1551.1544994680155
0.0,20,0,0,1,1,1,857713.3333333334,943.3333333333334,13.333333333333371,-20.0,0.3816110075963881,325.0,16,9,,,,,,,90,53.333333333333336,325.0,143.0,146.66666666666666,100.0,15.0,3.0077830792627136,246.66666666666666,220.0,368.72666666666663,-6.0,41.0,4.9072265625,0.00040211641245768974,2.5139070990089207,426.6666666666667,3719.0,1204.3269230769229
0.0,20,0,0,0,1,1,858636.6666666666,923.3333333333334,-20.0,-3.3333333333333712,0.260585003232062,361.0,16,9,,,,,,,90,53.333333333333336,361.0,143.0,,,,,190.0,196.0,375.14000000000004,-7.0,54.0,4.33349609375,0.000360863031109197,2.689051507987557,,3732.0,1330.6292045904233
0.0,20,0,0,1,1,1,859556.6666666666,920.0,-3.3333333333333712,3.3333333333333712,0.037908874286952124,308.0,16,10,,,,,,,90,53.333333333333336,308.0,128.0,136.66666666666666,93.33333333333333,16.0,4.20281378556923,190.0,197.0,378.9866666666667,1.0,40.0,4.87060546875,0.00038284982312212585,2.536219805717355,413.3333333333333,3798.0,1178.2572266443235
0.0,20,0,0,1,1,1,860480.0,923.3333333333334,3.3333333333333712,13.333333333333258,0.0,336.0,16,9,,,,,,,90,53.333333333333336,336.0,135.0,133.33333333333334,93.33333333333333,11.0,3.109304208630883,250.0,214.0,375.14000000000004,1.0,39.0,4.9072265625,0.00040425536005012433,2.622860973948069,423.3333333333333,3686.0,1195.1631046119235
0.0,20,0,0,0,1,1,861416.6666666666,936.6666666666666,13.333333333333258,3.3333333333333712,0.0,334.0,16,9,,,,,,,90,53.333333333333336,334.0,150.0,,,,,246.66666666666666,223.0,369.75333333333333,6.0,50.0,5.5419921875,0.00046824428571847767,2.5986474362137266,,3749.0,1544.2798613299717
0.0,20,0,0,1,1,1,862356.6666666666,940.0,3.3333333333333712,-3.3333333333333712,0.0,347.0,16,9,,,,,,,90,53.333333333333336,347.0,145.0,130.0,86.66666666666667,11.0,0.4402302705268273,166.66666666666666,191.0,372.5733333333334,-15.0,55.0,4.87060546875,0.0005114309686864915,2.5585846112989223,446.6666666666667,3756.0,1206.5035055271194
0.0,20,0,0,1,1,1,863293.3333333334,936.6666666666666,-3.3333333333333712,-3.3333333333332575,0.0,309.0,16,8,,,,,,,90,53.333333333333336,309.0,129.0,136.66666666666666,93.33333333333333,13.0,2.9539514582334263,180.0,195.0,373.0866666666667,2.0,39.0,5.06591796875,0.00036167034949266845,2.6183891628367775,436.6666666666667,3723.0,1371.0813014155488
0.0,20,0,0,1,1,1,864226.6666666666,933.3333333333334,-3.3333333333332575,0.0,0.0,315.0,16,9,,,,,,,90,53.333333333333336,315.0,154.0,130.0,86.66666666666667,13.0,2.9839961621829207,170.0,193.0,376.93333333333334,2.0,37.0,4.84619140625,0.0003309152152714285,2.5487118337899375,433.3333333333333,3596.0,1333.3333333333333
0.0,20,0,0,0,1,1,865160.0,933.3333333333334,0.0,-10.0,0.0,340.0,16,9,,,,,,,90,53.333333333333336,340.0,130.0,,,,,190.0,191.0,376.93333333333334,-1.0,41.0,5.615234375,0.00044243543456545174,2.6666527810055625,,3650.0,1279.1507135398538
0.0,20,0,0,1,1,1,866083.3333333334,923.3333333333334,-10.0,10.0,0.0,346.0,16,8,,,,,,,90,53.333333333333336,346.0,117.0,136.66666666666666,93.33333333333333,9.0,2.8068673384012346,170.0,185.0,375.14000000000004,-12.0,32.0,4.7607421875,0.0004700488755386348,2.7261834761811885,420.0,3915.0,853.289292595651
0.0,20,0,0,0,1,1,867016.6666666666,933.3333333333334,10.0,-3.3333333333333712,0.0,384.0,16,9,,,,,,,90,53.333333333333336,384.0,129.0,,,,,170.0,186.0,376.93333333333334,-9.0,51.0,5.7373046875,0.00041213500619965705,2.669884305312647,,4048.0,1303.6242603550295
0.0,20,0,0,1,1,1,867946.6666666666,930.0,-3.3333333333333712,-3.3333333333333712,0.0,382.0,16,9,,,,,,,90,53.333333333333336,382.0,155.0,176.66666666666666,140.0,18.0,1.8669590305318131,190.0,194.0,374.11333333333334,-13.0,34.0,4.931640625,0.0003486516709987538,2.496282059632678,383.3333333333333,4058.0,1010.6988390621445
0.0,20,0,0,0,1,1,868873.3333333334,926.6666666666666,-3.3333333333333712,-6.666666666666629,0.0,345.0,16,9,,,,,,,90,53.333333333333336,345.0,140.0,,,,,170.0,192.0,374.62666666666667,-13.0,43.0,4.4677734375,0.0005336066943648494,2.55943470469675,,3982.0,1485.5072463768115
0.0,20,0,0,0,1,1,869793.3333333334,920.0,-6.666666666666629,6.666666666666629,0.0,355.0,16,9,,,,,,,90,53.333333333333336,355.0,107.0,,,,,170.0,190.0,375.65333333333336,-13.0,46.0,4.40673828125,0.0005524791707921777,2.5853564631810535,,4021.0,1267.6056338028168
0.0,20,0,0,1,1,1,870720.0,926.6666666666666,6.666666666666629,0.0,0.0,385.0,16,9,,,,,,,90,53.333333333333336,385.0,147.0,133.33333333333334,103.33333333333333,21.0,2.7573554400549654,170.0,185.0,374.62666666666667,-5.0,45.0,4.8583984375,0.00038259420584548073,2.6415198139597003,426.6666666666667,3992.0,1497.5649350649348
0.0,20,0,0,0,1,1,871646.6666666666,926.6666666666666,0.0,0.0,0.0,342.0,15,9,,,,,,,90,50.0,342.0,143.0,,,,,193.33333333333334,197.0,374.62666666666667,-14.0,46.0,4.35791015625,0.0004573753188074157,2.504536456385593,,3849.0,1300.125313283208
0.0,20,0,0,0,1,1,872573.3333333334,926.6666666666666,0.0,-3.3333333333332575,0.0,337.0,16,9,,,,,,,90,53.333333333333336,337.0,152.0,,,,,250.0,221.0,377.96000000000004,-11.0,46.0,4.45556640625,0.0004990901695786561,2.507373569849867,,3806.0,1414.7944044086478
0.0,20,0,0,1,1,1,873496.6666666666,923.3333333333334,-3.3333333333332575,-6.6666666666667425,0.0,356.0,16,9,,,,,,,90,53.333333333333336,356.0,159.0,160.0,56.666666666666664,14.0,-0.5357643200500952,253.33333333333334,229.0,378.47333333333336,-16.0,44.0,4.931640625,0.00044913731541461994,2.6116324669555766,393.3333333333333,3896.0,1306.893924966673
0.0,20,0,0,1,1,1,874413.3333333334,916.6666666666666,-6.6666666666667425,-16.66666666666663,0.0,328.0,16,9,,,,,,,90,53.333333333333336,328.0,169.0,163.33333333333334,116.66666666666667,10.0,0.43779673374181627,166.66666666666666,187.0,379.50000000000006,-3.0,34.0,4.8095703125,0.0003777771994089092,2.7182982716940476,383.3333333333333,4023.0,1224.814422057264
0.0,20,0,0,1,1,1,875313.3333333334,900.0,-16.66666666666663,-6.666666666666629,0.0,368.0,16,8,,,,,,,90,53.333333333333336,368.0,149.0,126.66666666666667,93.33333333333333,20.0,1.2709918784793093,160.0,190.0,375.4,5.0,43.0,4.9560546875,0.00041837714716741735,2.5717134331708147,406.6666666666667,4057.0,1296.3292943692088
0.0,20,0,0,1,1,1,876206.6666666666,893.3333333333334,-6.666666666666629,-10.0,0.0023813051669030333,346.0,16,9,,,,,,,90,53.333333333333336,346.0,174.0,123.33333333333333,83.33333333333333,23.0,2.615264214075692,186.66666666666666,199.0,379.76,18.0,53.0,4.52880859375,0.00038783812981198944,2.707780220980724,403.3333333333333,4103.0,1504.801031863565
0.0,20,0,0,1,1,1,877090.0,883.3333333333334,-10.0,-40.0,0.12396165452819925,335.0,16,10,,,,,,,90,53.333333333333336,335.0,220.0,163.33333333333334,116.66666666666667,25.0,4.122842411823619,186.66666666666666,205.0,394.6333333333333,-9.0,50.0,5.2490234375,0.0002142248500838962,2.6846404425186736,350.0,4260.0,1987.2068230277187
0.0,20,0,0,1,1,1,877933.3333333334,843.3333333333334,-40.0,-36.66666666666674,0.32779012798653223,332.0,15,9,,,,,,,90,50.0,332.0,213.0,166.66666666666666,113.33333333333333,13.0,2.562857237919438,170.0,181.0,384.12666666666667,-2.0,47.0,5.615234375,0.00027064215642584453,2.6226137917080417,300.0,4351.0,2650.6024096385545
0.0,20,0,0,0,1,1,878740.0,806.6666666666666,-36.66666666666674,13.333333333333371,0.5544064290800583,330.0,15,8,,,,,,,90,50.0,330.0,148.0,,,,,186.66666666666666,205.0,409.7733333333333,-6.0,52.0,4.79736328125,0.001013672620465007,2.602174526953502,,4106.0,2096.3364993215737
0.0,20,0,0,1,1,1,879560.0,820.0,13.333333333333371,0.0,0.7532928901897837,342.0,16,9,,,,,,,90,53.333333333333336,342.0,162.0,150.0,106.66666666666667,18.0,4.85771125617557,206.66666666666666,198.0,407.72,5.0,20.0,5.6884765625,0.0002684614689457835,2.8363974791826827,283.3333333333333,3999.0,1021.671826625387
0.0,20,0,0,0,1,1,880380.0,820.0,0.0,-16.66666666666663,0.7839721254355402,360.0,16,9,,,,,,,90,53.333333333333336,360.0,148.0,,,,,223.33333333333334,198.0,407.72,17.0,53.0,4.87060546875,0.0005092213830185081,2.64971904866242,,3909.0,1329.5165394402036
0.0,20,0,0,0,1,1,881183.3333333334,803.3333333333334,-16.66666666666663,-20.0,0.7834195085110093,329.0,16,9,,,,,,,90,53.333333333333336,329.0,137.0,,,,,193.33333333333334,185.0,396.9533333333334,5.0,50.0,5.01708984375,0.0005600801442575297,2.703529347939023,,3920.0,1425.6766536401794
0.0,20,0,0,0,1,1,881966.6666666666,783.3333333333334,-20.0,13.333333333333258,0.7561559994306589,288.0,15,9,,,,,,,90,50.0,288.0,177.0,,,,,213.33333333333334,217.0,400.03333333333336,-2.0,58.0,5.31005859375,0.0005529009635721569,2.6404939597643544,,4029.0,2326.9489247311826
0.0,20,0,0,1,1,1,882763.3333333334,796.6666666666666,13.333333333333258,6.6666666666667425,0.771166046816889,358.0,15,9,,,,,,,90,50.0,358.0,191.0,150.0,130.0,38.0,4.6301603399820905,250.0,216.0,394.6466666666667,21.0,31.0,5.84716796875,0.00022363819899998572,2.9374454725374335,276.6666666666667,4137.0,2211.0789526822373
0.0,20,0,0,1,1,1,883566.6666666666,803.3333333333334,6.6666666666667425,13.333333333333258,0.5773092369477912,365.0,16,9,,,,,,,90,53.333333333333336,365.0,204.0,140.0,100.0,20.0,3.601656647244644,190.0,193.0,396.9533333333334,17.0,31.0,5.9814453125,0.00026469393665174004,2.773505181513816,296.6666666666667,4059.0,1533.0152378020623
0.0,20,0,0,1,1,1,884383.3333333334,816.6666666666666,13.333333333333258,10.0,0.30754462063571075,340.0,16,9,,,,,,,90,53.333333333333336,340.0,162.0,153.33333333333334,106.66666666666667,25.0,3.356818098950198,203.33333333333334,196.0,384.90000000000003,18.0,32.0,6.01806640625,0.0001948556364655179,2.762110381197237,293.3333333333333,4418.0,1864.9732620320856
0.0,20,0,0,1,1,1,885210.0,826.6666666666666,10.0,-63.33333333333326,0.13291205652260088,347.0,15,9,,,,,,,90,50.0,347.0,360.0,153.33333333333334,133.33333333333334,42.0,3.8307296955356094,200.0,199.0,396.6933333333333,-10.0,56.0,5.8837890625,0.0001199017990835763,2.991336465406569,313.3333333333333,4451.0,2694.8310748666386
0.0,20,0,0,1,1,1,885973.3333333334,763.3333333333334,-63.33333333333326,13.333333333333258,0.22067222818373775,364.0,15,9,,,,,,,90,50.0,364.0,185.0,156.66666666666666,106.66666666666667,14.0,4.463296967323799,246.66666666666666,214.0,396.4466666666666,22.0,25.0,6.5673828125,0.00043313095898453327,2.957214108326714,233.33333333333334,4374.0,1789.638932496075
0.0,20,0,0,1,1,1,886750.0,776.6666666666666,13.333333333333258,13.333333333333371,0.4677093467035845,365.0,16,9,,,,,,,90,53.333333333333336,365.0,174.0,153.33333333333334,110.0,28.0,3.0990098005704265,250.0,206.0,397.7266666666667,14.0,38.0,5.50537109375,0.00017675547765721232,2.8229927775449903,260.0,4016.0,1285.563751317176
0.0,20,0,0,1,1,1,887540.0,790.0,13.333333333333371,16.66666666666663,0.4596827576062174,394.0,16,9,,,,,,,90,53.333333333333336,394.0,140.0,146.66666666666666,103.33333333333333,25.0,4.095902857506832,190.0,170.0,399.00666666666666,18.0,29.0,5.35888671875,0.00022250583767947365,2.872511898461431,276.6666666666667,3897.0,1036.633845024769
0.0,20,0,0,1,1,1,888346.6666666666,806.6666666666666,16.66666666666663,16.666666666666742,0.45188889558353923,349.0,16,9,,,,,,,90,53.333333333333336,349.0,134.0,143.33333333333334,96.66666666666667,21.0,4.45676486205765,250.0,195.0,396.44,27.0,24.0,5.712890625,0.00022084561746579958,2.839602998529651,293.3333333333333,3992.0,1103.8030737171139
0.0,20,0,0,0,1,1,889170.0,823.3333333333334,16.666666666666742,26.66666666666663,0.4434413170472651,355.0,15,10,,,,,,,90,50.0,355.0,161.0,,,,,190.0,158.0,393.87333333333333,6.0,53.0,4.5654296875,0.0005040761657019626,2.796136774131446,,3966.0,1777.7777777777778
0.0,20,0,0,0,1,1,890020.0,850.0,26.66666666666663,10.0,0.4803135042656,363.0,15,10,,,,,,,90,50.0,363.0,173.0,,,,,190.0,163.0,386.43333333333334,-8.0,51.0,4.38232421875,0.00017582556483677905,2.9646442893174543,,3996.0,1566.8044077134987
0.0,20,0,0,0,1,1,890880.0,860.0,10.0,-10.0,0.6326242564774675,347.0,16,10,,,,,,,90,53.333333333333336,347.0,162.0,,,,,190.0,171.0,388.22666666666674,-1.0,52.0,6.93359375,0.0004413701188210765,2.790126223719933,,4026.0,1618.1166757535634
0.0,20,0,0,1,1,1,891730.0,850.0,-10.0,-6.666666666666629,0.7476821852258001,370.0,16,10,,,,,,,90,53.333333333333336,370.0,142.0,140.0,103.33333333333333,22.0,3.895996916973541,250.0,219.0,389.7666666666667,-1.0,28.0,5.5908203125,0.0003211712444419245,2.837248462997304,340.0,4511.0,1208.267090620032
0.0,20,0,0,0,1,1,892573.3333333334,843.3333333333334,-6.666666666666629,0.0,0.7547402393652787,355.0,15,9,,,,,,,90,50.0,355.0,547.0,,,,,186.66666666666666,194.0,384.12666666666667,18.0,95.0,7.6904296875,0.0006700432821661332,2.918681374358968,,4495.0,4136.708362060474
0.0,20,0,0,1,1,1,893416.6666666666,843.3333333333334,0.0,13.333333333333258,0.6741953698475437,334.0,16,10,,,,,,,90,53.333333333333336,334.0,167.0,136.66666666666666,86.66666666666667,20.0,1.431695129282577,170.0,199.0,387.46000000000004,1.0,34.0,5.35888671875,0.00036009679116818957,2.7311850534290083,340.0,4210.0,1391.3349771046144
0.0,20,0,0,1,1,1,894273.3333333334,856.6666666666666,13.333333333333258,36.66666666666674,0.5046399783241888,361.0,15,9,,,,,,,90,50.0,361.0,131.0,146.66666666666666,106.66666666666667,19.0,2.2674582973155264,186.66666666666666,200.0,382.0733333333333,2.0,37.0,5.65185546875,0.00023630162915279736,2.712003175013978,346.6666666666667,4018.0,1214.574898785425
0.0,20,0,0,1,1,1,895166.6666666666,893.3333333333334,36.66666666666674,46.66666666666663,0.3340664467326469,355.0,16,9,,,,,,,90,53.333333333333336,355.0,135.0,156.66666666666666,113.33333333333333,15.0,4.035987815137794,186.66666666666666,207.0,376.4266666666666,21.0,37.0,4.91943359375,0.0005950509364654358,2.599439170374809,373.3333333333333,4111.0,1561.8712273641854
0.0,20,0,0,0,1,1,896106.6666666666,940.0,46.66666666666663,20.0,0.3626275320028115,368.0,16,9,,,,,,,90,53.333333333333336,368.0,130.0,,,,,166.66666666666666,191.0,372.5733333333334,6.0,50.0,5.57861328125,0.0007141150175073252,2.7181921920412035,,4088.0,1663.4204574013572
0.0,20,0,0,1,1,1,897066.6666666666,960.0,20.0,0.0,0.49674910372485875,392.0,14,7,,,,,,,90,46.666666666666664,392.0,190.0,133.33333333333334,86.66666666666667,18.0,0.7134337132862729,170.0,200.0,362.8266666666667,-13.0,48.0,4.74853515625,0.0005809250156143164,2.5529320751496907,466.6666666666667,4140.0,1322.8862973760934
0.0,20,0,0,0,1,1,898026.6666666666,960.0,0.0,16.66666666666663,0.6339285714285714,343.0,13,7,,,,,,,90,43.333333333333336,343.0,158.0,,,,,183.33333333333334,205.0,362.8266666666667,-13.0,47.0,4.67529296875,0.0005815519079989402,2.5530406610454706,,4037.0,1778.4256559766764
0.0,20,0,0,1,1,1,899003.3333333334,976.6666666666666,16.66666666666663,-6.666666666666629,0.7073436802697477,349.0,16,9,,,,,,,90,53.333333333333336,349.0,167.0,160.0,113.33333333333333,7.0,2.550691371220225,250.0,225.0,366.9266666666667,15.0,41.0,4.77294921875,0.000490986536152676,2.630458895555198,450.0,3854.0,1400.8277618592806
0.0,20,0,0,1,1,1,899973.3333333334,970.0,-6.666666666666629,-33.33333333333337,0.7307189669969572,381.0,13,7,,,,,,,90,43.333333333333336,381.0,124.0,163.33333333333334,120.0,14.0,2.304648855158206,190.0,205.0,361.2866666666667,-16.0,38.0,4.7607421875,0.0005421715324996248,2.5195422059272383,446.6666666666667,3816.0,1375.014690327888
0.0,20,0,0,0,1,1,900910.0,936.6666666666666,-33.33333333333337,-20.0,0.6985655335036354,309.0,16,9,,,,,,,90,53.333333333333336,309.0,121.0,,,,,170.0,202.0,376.42,2.0,48.0,5.37109375,0.00045503020845775907,2.644099163848116,,3847.0,1493.2152387441095
0.0,20,0,0,1,1,1,901826.6666666666,916.6666666666666,-20.0,-3.3333333333332575,0.646183423526061,343.0,16,9,,,,,,,90,53.333333333333336,343.0,135.0,136.66666666666666,116.66666666666667,22.0,2.686886511058221,183.33333333333334,199.0,379.50000000000006,19.0,40.0,4.96826171875,0.0003904919540208578,2.719439572477488,410.0,3814.0,1258.6219156652207
0.0,20,0,0,1,1,1,902740.0,913.3333333333334,-3.3333333333332575,0.0,0.5439356628534023,380.0,20,8,,,,,,,90,66.66666666666667,380.0,144.0,163.33333333333334,100.0,6.0,1.264528597729738,186.66666666666666,201.0,366.68,-11.0,36.0,4.9072265625,0.0004469996828290357,2.4980793886697485,383.3333333333333,3972.0,1393.5926773455378
0.0,20,0,0,1,1,1,903653.3333333334,913.3333333333334,0.0,0.0,0.4708029197080292,363.0,20,8,,,,,,,90,66.66666666666667,363.0,167.0,166.66666666666666,123.33333333333333,22.0,2.689950307438913,263.3333333333333,229.0,366.68,2.0,43.0,4.8583984375,0.0005022811272008171,2.495846718176137,390.0,4245.0,1398.6013986013986
0.0,20,0,0,1,1,1,904566.6666666666,913.3333333333334,0.0,0.0,0.5474452554744526,403.0,12,7,,,,,,,90,40.0,403.0,240.0,166.66666666666666,56.666666666666664,6.0,-0.07945743128800942,183.33333333333334,191.0,366.68,-19.0,39.0,4.9560546875,0.00042065942586919623,2.585671907258466,393.3333333333333,4313.0,1274.3407494637677
0.0,20,0,0,1,1,1,905480.0,913.3333333333334,0.0,6.666666666666629,0.5458811261730969,353.0,12,7,,,,,,,90,40.0,353.0,221.0,170.0,123.33333333333333,16.0,2.3210742200979357,190.0,187.0,366.68,-23.0,34.0,4.99267578125,0.00028149203346693896,2.738557407480188,386.6666666666667,4154.0,1531.2103155221255
0.0,20,0,0,0,1,1,906400.0,920.0,6.666666666666629,3.3333333333333712,0.4652605459057072,331.0,16,10,,,,,,,90,53.333333333333336,331.0,150.0,,,,,190.0,188.0,378.9866666666667,4.0,41.0,4.7119140625,0.00030534988043695387,2.6576280770138734,,3822.0,1736.2501364976522
0.0,20,0,0,1,1,1,907323.3333333334,923.3333333333334,3.3333333333333712,-16.666666666666742,0.26628505180784,346.0,16,10,,,,,,,90,53.333333333333336,346.0,148.0,130.0,100.0,17.0,3.1888393998278364,246.66666666666666,217.0,378.47333333333336,10.0,34.0,4.99267578125,0.00028130684736823644,2.6667965110562277,423.3333333333333,3776.0,1181.1023622047246
0.0,20,0,0,1,1,1,908230.0,906.6666666666666,-16.666666666666742,0.0,0.0,345.0,15,7,,,,,,,90,50.0,345.0,150.0,173.33333333333334,66.66666666666667,5.0,-0.17449626294423126,170.0,198.0,374.37333333333333,-18.0,39.0,4.9560546875,0.0003459695477964726,2.7062199391048254,373.3333333333333,3926.0,978.2608695652174
0.0,20,0,0,1,1,1,909136.6666666666,906.6666666666666,0.0,-6.666666666666629,0.0,349.0,15,7,,,,,,,90,50.0,349.0,154.0,133.33333333333334,93.33333333333333,14.0,3.278831845037123,186.66666666666666,205.0,367.7066666666667,0.0,34.0,4.9072265625,0.0003777756781574053,2.652981065424949,410.0,3949.0,1411.6989307428892
0.0,20,0,0,0,1,1,910036.6666666666,900.0,-6.666666666666629,-26.66666666666663,0.0,326.0,15,7,,,,,,,90,50.0,326.0,154.0,,,,,260.0,234.0,365.3999999999999,-4.0,49.0,3.99169921875,0.0005555085311069793,2.648358871608596,,3960.0,1676.7661560465203
0.0,20,0,0,1,1,1,910910.0,873.3333333333334,-26.66666666666663,20.0,0.004764728304603787,357.0,15,7,,,,,,,90,50.0,357.0,178.0,140.0,93.33333333333333,18.0,3.0743645771404573,246.66666666666666,248.0,376.17333333333335,-28.0,47.0,4.8095703125,0.000718164992055731,2.527107534512134,380.0,3964.0,1452.1598112929382
0.0,20,0,0,1,1,1,911803.3333333334,893.3333333333334,20.0,0.0,0.24443548211288174,330.0,15,7,,,,,,,90,50.0,330.0,163.0,150.0,100.0,21.0,2.7466319668717603,186.66666666666666,213.0,373.0933333333333,5.0,34.0,4.931640625,0.0005202914588453142,2.6175317988147944,383.3333333333333,4095.0,1644.2687747035573
0.0,20,0,0,1,1,1,912696.6666666666,893.3333333333334,0.0,30.0,0.19909381663113004,370.0,15,6,,,,,,,90,50.0,370.0,180.0,173.33333333333334,126.66666666666667,15.0,1.7613731913760358,180.0,212.0,366.4266666666666,3.0,29.0,4.8095703125,0.0005115275886063113,2.480536557448982,363.3333333333333,4020.0,1353.830895115299
0.0,20,0,0,0,1,1,913620.0,923.3333333333334,30.0,23.333333333333258,0.15980737883937224,347.0,15,7,,,,,,,90,50.0,347.0,160.0,,,,,173.33333333333334,206.0,365.14000000000004,-3.0,49.0,3.64990234375,0.0005788634345855233,2.5093642062559427,,4211.0,1749.44905916257
0.0,20,0,0,0,1,1,914566.6666666666,946.6666666666666,23.333333333333258,13.333333333333371,0.15850678872978072,382.0,15,7,,,,,,,90,50.0,382.0,167.0,,,,,166.66666666666666,196.0,361.5466666666667,-3.0,48.0,4.52880859375,0.0005072509342025968,2.5081474777070127,,4101.0,1779.2173218564203
0.0,20,0,0,0,1,1,915526.6666666666,960.0,13.333333333333371,16.66666666666663,0.342458864706119,343.0,15,7,,,,,,,90,50.0,343.0,163.0,,,,,190.0,209.0,362.8266666666667,-7.0,54.0,5.18798828125,0.0006999108130538304,2.596034512430421,,3959.0,1710.613211346101
0.0,20,0,0,1,1,1,916503.3333333334,976.6666666666666,16.66666666666663,-46.66666666666663,0.48569445133138306,329.0,15,9,,,,,,,90,50.0,329.0,158.0,140.0,100.0,19.0,3.078008802170281,186.66666666666666,206.0,363.5933333333333,10.0,42.0,4.8095703125,0.0005871967542035574,2.586766316340936,470.0,3842.0,1364.5476298260364
0.0,20,0,0,0,1,1,917433.3333333334,930.0,-46.66666666666663,6.666666666666629,0.5863721547651582,327.0,14,8,,,,,,,90,46.666666666666664,327.0,144.0,,,,,180.0,197.0,367.4466666666667,-2.0,44.0,3.82080078125,0.0007806054007248137,2.6042353105362133,,3777.0,1942.164279199528
0.0,20,0,0,1,1,1,918370.0,936.6666666666666,6.666666666666629,-20.0,0.6512123197903014,352.0,15,9,,,,,,,90,50.0,352.0,116.0,173.33333333333334,133.33333333333334,24.0,1.9226051608521768,186.66666666666666,209.0,373.0866666666667,7.0,53.0,4.931640625,0.0004569142183213042,2.8004191610224556,400.0,3963.0,1150.5681818181818
0.0,20,0,0,1,1,1,919286.6666666666,916.6666666666666,-20.0,-10.0,0.5706554909061317,400.0,14,8,,,,,,,90,46.666666666666664,400.0,137.0,136.66666666666666,93.33333333333333,17.0,2.21019759289487,186.66666666666666,210.0,369.50000000000006,-9.0,36.0,5.1513671875,0.0002840362558004715,2.569716442222285,416.6666666666667,4021.0,1037.9999999999998
0.0,20,0,0,1,1,1,920193.3333333334,906.6666666666666,-10.0,0.0,0.5058246474555488,354.0,17,10,,,,,,,90,56.666666666666664,354.0,147.0,176.66666666666666,76.66666666666667,6.0,1.0466693358393524,250.0,225.0,381.04,27.0,38.0,4.91943359375,0.0003001689299285198,2.5102357198530303,363.3333333333333,3991.0,1150.6764111335717
0.0,20,0,0,1,1,1,921100.0,906.6666666666666,0.0,-40.0,0.474264705882353,338.0,16,11,,,,,,,90,53.333333333333336,338.0,140.0,136.66666666666666,100.0,14.0,3.8724350676087695,243.33333333333334,211.0,377.7066666666667,20.0,37.0,4.98046875,0.0004170640552240666,2.6543772300992923,396.6666666666667,3725.0,1200.8353637312912
0.0,20,0,0,1,1,1,921966.6666666666,866.6666666666666,-40.0,13.333333333333371,0.5543231422683881,313.0,16,10,,,,,,,90,53.333333333333336,313.0,138.0,140.0,100.0,19.0,4.078281918806255,166.66666666666666,176.0,383.8666666666667,18.0,45.0,4.8095703125,0.000572592300134555,2.6247705519129827,363.3333333333333,3709.0,1494.8559369229417
0.0,20,0,0,1,1,1,922846.6666666666,880.0,13.333333333333371,-3.3333333333333712,0.7003339631761656,342.0,16,10,,,,,,,90,53.333333333333336,342.0,155.0,136.66666666666666,96.66666666666667,24.0,3.054220128816512,243.33333333333334,228.0,381.81333333333333,30.0,52.0,5.0048828125,0.00041962346957687217,2.7817664880495863,376.6666666666667,3620.0,1490.451793199814
0.0,20,0,0,1,1,1,923723.3333333334,876.6666666666666,-3.3333333333333712,20.0,0.6883638370872251,347.0,17,11,,,,,,,90,56.666666666666664,347.0,140.0,143.33333333333334,100.0,21.0,2.9365815610068253,176.66666666666666,210.0,388.99333333333334,31.0,45.0,4.931640625,0.0004842519218163979,2.614408265777177,363.3333333333333,3651.0,1070.777040425138
0.0,20,0,0,1,1,1,924620.0,896.6666666666666,20.0,26.666666666666742,0.609987838248708,349.0,17,11,,,,,,,90,56.666666666666664,349.0,128.0,156.66666666666666,116.66666666666667,19.0,3.843592861528794,250.0,220.0,385.91333333333336,31.0,26.0,4.99267578125,0.0003728228105870333,2.6464192866872747,366.6666666666667,3897.0,1062.7767647824953
0.0,20,0,0,0,1,1,925543.3333333334,923.3333333333334,26.666666666666742,-33.33333333333337,0.5549009617221833,391.0,15,9,,,,,,,90,50.0,391.0,143.0,,,,,170.0,200.0,375.14000000000004,-3.0,43.0,4.150390625,0.0004554933148157596,2.7274892891821634,,4127.0,1433.4502350797127
0.0,20,0,0,1,1,1,926433.3333333334,890.0,-33.33333333333337,23.33333333333337,0.4242361684558216,348.0,15,9,,,,,,,90,50.0,348.0,132.0,153.33333333333334,110.0,17.0,3.9805738060824325,183.33333333333334,205.0,376.94,0.0,33.0,4.8095703125,0.0005182916920419982,2.7053006778726725,370.0,4187.0,1467.8471575023298
0.0,20,0,0,1,1,1,927346.6666666666,913.3333333333334,23.33333333333337,3.3333333333332575,0.361768575064974,352.0,15,9,,,,,,,90,50.0,352.0,139.0,133.33333333333334,80.0,21.0,2.4167716359023554,250.0,228.0,373.34666666666664,7.0,51.0,4.8828125,0.0003899503637094697,2.7013249801601873,416.6666666666667,3922.0,1431.8181818181815
0.0,20,0,0,1,1,1,928263.3333333334,916.6666666666666,3.3333333333332575,10.0,0.3917857924864713,347.0,15,9,,,,,,,90,50.0,347.0,155.0,150.0,103.33333333333333,22.0,3.303418743602636,166.66666666666666,194.0,372.83333333333337,14.0,38.0,4.82177734375,0.00043205232936421314,2.5868971356385373,403.3333333333333,3833.0,1221.8067497082432
0.0,20,0,0,0,1,1,929190.0,926.6666666666666,10.0,-20.0,0.42847794247488863,319.0,16,9,,,,,,,90,53.333333333333336,319.0,197.0,,,,,190.0,205.0,371.2933333333333,13.0,44.0,5.6884765625,0.0005978330674283766,2.6287469607184235,,3825.0,2036.6901003505775
0.0,20,0,0,0,1,1,930096.6666666666,906.6666666666666,-20.0,-6.666666666666629,0.42181620020975136,358.0,13,7,,,,,,,90,43.333333333333336,358.0,137.0,,,,,183.33333333333334,196.0,367.7066666666667,5.0,35.0,4.1748046875,0.0006104363670130093,2.6322524771496587,,3856.0,1289.9949212798376
0.0,20,0,0,0,1,1,930996.6666666666,900.0,-6.666666666666629,0.0,0.3112327443111382,363.0,13,8,,,,,,,90,43.333333333333336,363.0,222.0,,,,,246.66666666666666,219.0,372.06666666666666,7.0,53.0,4.01611328125,0.00035239385231080803,2.687039336104288,,3997.0,1760.0244872972146
0.0,20,0,0,1,1,1,931896.6666666666,900.0,0.0,10.0,0.11825396825396825,322.0,13,7,,,,,,,90,43.333333333333336,322.0,142.0,136.66666666666666,86.66666666666667,8.0,2.880600978131344,190.0,194.0,375.4,4.0,44.0,4.87060546875,0.0003492820836897433,2.6502735546741865,406.6666666666667,3971.0,1473.8824966907646
0.0,20,0,0,0,1,1,932806.6666666666,910.0,10.0,-3.3333333333333712,0.07855397213317676,328.0,12,7,,,,,,,90,40.0,328.0,174.0,,,,,190.0,187.0,373.85999999999996,-4.0,35.0,4.0771484375,0.0003228398990890244,2.81815981969394,,3846.0,1673.111243307555
0.0,20,0,0,0,1,1,933713.3333333334,906.6666666666666,-3.3333333333333712,-20.0,0.03846435636310352,316.0,12,7,,,,,,,90,40.0,316.0,152.0,,,,,186.66666666666666,191.0,367.7066666666667,-7.0,40.0,6.11572265625,0.0002133095513155729,2.812568619251181,,3936.0,1525.9765473324533
0.0,20,0,0,1,1,1,934600.0,886.6666666666666,-20.0,3.3333333333333712,0.0015763256899052104,303.0,13,8,,,,,,,90,43.333333333333336,303.0,181.0,140.0,100.0,29.0,2.9337558563936277,186.66666666666666,204.0,374.12,-12.0,54.0,5.1025390625,0.0003216517995312151,2.7924498190459133,386.6666666666667,4084.0,2176.5107545237283
0.0,20,0,0,1,1,1,935490.0,890.0,3.3333333333333712,-23.33333333333337,0.08055248262751458,337.0,13,8,,,,,,,90,43.333333333333336,337.0,203.0,163.33333333333334,113.33333333333333,30.0,3.309960490766848,183.33333333333334,200.0,370.27333333333337,13.0,62.0,5.04150390625,0.0003734319881112346,2.7334866322550724,366.6666666666667,4042.0,2055.5705422174265
0.0,20,0,0,1,1,1,936356.6666666666,866.6666666666666,-23.33333333333337,0.0,0.0827078939197653,329.0,17,12,,,,,,,90,56.666666666666664,329.0,207.0,133.33333333333334,86.66666666666667,17.0,2.6168927656278456,190.0,199.0,387.20000000000005,14.0,42.0,4.9560546875,0.00039200471716890016,2.524434079567656,363.3333333333333,4073.0,1681.4924291012524
0.0,20,0,0,0,1,1,937223.3333333334,866.6666666666666,0.0,-16.66666666666663,0.20851648351648353,359.0,15,8,,,,,,,90,50.0,359.0,190.0,,,,,166.66666666666666,200.0,380.53333333333336,-18.0,56.0,4.18701171875,0.0006756993299525944,2.680120027631753,,3948.0,1704.0799606750777
0.0,20,0,0,1,1,1,938073.3333333334,850.0,-16.66666666666663,36.66666666666663,0.33227065354806795,314.0,16,9,,,,,,,90,53.333333333333336,314.0,156.0,140.0,100.0,24.0,3.444030200605553,170.0,204.0,386.43333333333334,2.0,38.0,5.28564453125,0.0005597301375360886,2.6902410675825545,343.3333333333333,3983.0,1428.4830870076062
0.0,20,0,0,1,1,1,938960.0,886.6666666666666,36.66666666666663,26.666666666666742,0.4601072464092603,348.0,16,8,,,,,,,90,53.333333333333336,348.0,200.0,146.66666666666666,106.66666666666667,26.0,4.638154723762259,190.0,203.0,380.7866666666667,23.0,37.0,4.96826171875,0.00037883940778778743,2.720233636537775,376.6666666666667,3802.0,1411.3518462007935
0.0,20,0,0,1,1,1,939873.3333333334,913.3333333333334,26.666666666666742,10.0,0.362295504315342,347.0,16,10,,,,,,,90,53.333333333333336,347.0,167.0,140.0,100.0,25.0,3.395253237641885,233.33333333333334,223.0,380.0133333333334,6.0,35.0,4.91943359375,0.0004625250082288629,2.4645300386911453,400.0,3923.0,1181.5561959654178
0.0,20,0,0,1,1,1,940796.6666666666,923.3333333333334,10.0,-13.333333333333371,0.35419772521137194,374.0,16,10,,,,,,,90,53.333333333333336,374.0,138.0,140.0,100.0,22.0,4.256683981389404,170.0,187.0,375.14000000000004,-3.0,37.0,4.8583984375,0.00043942414980705836,2.52756988016234,413.3333333333333,4021.0,1287.303777816112
0.0,20,0,0,0,1,1,941706.6666666666,910.0,-13.333333333333371,6.666666666666629,0.4650646911949815,344.0,16,10,,,,,,,90,53.333333333333336,344.0,169.0,,,,,246.66666666666666,217.0,377.1933333333333,8.0,54.0,4.1015625,0.00039592533072849016,2.6774994171772475,,3880.0,1738.835782565273
0.0,20,0,0,0,1,1,942623.3333333334,916.6666666666666,6.666666666666629,-3.3333333333332575,0.5116989661378762,305.0,16,9,,,,,,,90,53.333333333333336,305.0,147.0,,,,,186.66666666666666,195.0,376.1666666666667,-5.0,51.0,4.2724609375,0.00037362753931460455,2.6717043337158257,,3646.0,1499.1111988939363
0.0,20,0,0,0,1,1,943536.6666666666,913.3333333333334,-3.3333333333332575,-26.666666666666742,0.5828995355506374,323.0,16,10,,,,,,,90,53.333333333333336,323.0,169.0,,,,,183.33333333333334,192.0,376.68,13.0,43.0,4.01611328125,0.000443606233586254,2.695494959658419,,3740.0,1669.5473798172802
0.0,20,0,0,0,1,1,944423.3333333334,886.6666666666666,-26.666666666666742,0.0,0.5070739952422687,340.0,16,10,,,,,,,90,53.333333333333336,340.0,131.0,,,,,250.0,234.0,380.7866666666667,-3.0,41.0,4.443359375,0.0005369598231543039,2.740657450127345,,3811.0,1385.7466063348415
0.0,20,0,0,1,1,1,945310.0,886.6666666666666,0.0,0.0,0.4390440386680989,342.0,16,10,,,,,,,90,53.333333333333336,342.0,146.0,176.66666666666666,140.0,20.0,1.7800693735644622,183.33333333333334,186.0,377.4533333333333,12.0,37.0,5.46875,0.00037207495714771565,2.6557877406549797,343.3333333333333,3927.0,1371.146312382899
0.0,20,0,0,0,1,1,946196.6666666666,886.6666666666666,0.0,0.0,0.24167561761546724,335.0,16,10,,,,,,,90,53.333333333333336,335.0,124.0,,,,,186.66666666666666,184.0,380.7866666666667,-5.0,48.0,3.89404296875,0.0005662928809380915,2.681166949192421,,4003.0,1448.8069208099628
0.0,20,0,0,1,1,1,947083.3333333334,886.6666666666666,0.0,0.0,0.24328678839957035,364.0,16,10,,,,,,,90,53.333333333333336,364.0,158.0,130.0,93.33333333333333,21.0,2.5442413360802707,203.33333333333334,210.0,394.12,-9.0,39.0,4.89501953125,0.000266670086194326,2.760068395676973,390.0,4587.0,1155.2550014088476
0.0,20,0,0,1,1,1,947970.0,886.6666666666666,0.0,6.6666666666667425,0.3198174006444683,326.0,15,8,,,,,,,90,50.0,326.0,435.0,163.33333333333334,123.33333333333333,31.0,3.324176156671557,173.33333333333334,188.0,390.78666666666663,12.0,51.0,5.04150390625,0.0001719084643356774,2.770457715706236,350.0,4922.0,3567.0464504820334
0.0,20,0,0,1,1,1,948863.3333333334,893.3333333333334,6.6666666666667425,10.0,0.2013660674012501,309.0,16,9,,,,,,,90,53.333333333333336,309.0,276.0,176.66666666666666,76.66666666666667,18.0,1.1642656779724394,173.33333333333334,172.0,383.09333333333336,-21.0,45.0,5.0537109375,0.00030689774014607023,2.702979205326362,336.6666666666667,4355.0,4335.2878977218115
0.0,20,0,0,0,1,1,949766.6666666666,903.3333333333334,10.0,-10.0,0.19585167499813474,347.0,16,10,,,,,,,90,53.333333333333336,347.0,139.0,,,,,173.33333333333334,186.0,381.55333333333334,-7.0,50.0,6.16455078125,0.0003383328022192653,2.8258098629044617,,3773.0,1256.0491544777337
0.0,20,0,0,0,1,1,950660.0,893.3333333333334,-10.0,-26.666666666666742,0.0,318.0,16,10,,,,,,,90,53.333333333333336,318.0,156.0,,,,,186.66666666666666,194.0,379.76,3.0,49.0,6.2744140625,0.0005153016828337276,2.7888489389583526,,3780.0,1838.721307535152
0.0,20,0,0,1,1,1,951526.6666666666,866.6666666666666,-26.666666666666742,-13.333333333333258,0.0008000512032770097,314.0,16,9,,,,,,,90,53.333333333333336,314.0,157.0,140.0,93.33333333333333,18.0,3.6217758105463425,233.33333333333334,231.0,387.20000000000005,13.0,44.0,5.09033203125,0.0004196674683608617,2.651149787669583,363.3333333333333,3700.0,1411.2078536784902
0.0,20,0,0,0,1,1,952380.0,853.3333333333334,-13.333333333333258,6.666666666666629,0.046168051708217916,358.0,16,9,,,,,,,90,53.333333333333336,358.0,139.0,,,,,196.66666666666666,222.0,392.58666666666664,10.0,48.0,4.16259765625,0.001174541250252277,2.5738927389778903,,3899.0,1259.8728568676556
0.0,20,0,0,1,1,1,953240.0,860.0,6.666666666666629,-3.3333333333333712,0.2945968263887339,367.0,16,9,,,,,,,90,53.333333333333336,367.0,140.0,156.66666666666666,113.33333333333333,19.0,4.069397683206052,173.33333333333334,206.0,388.22666666666674,6.0,20.0,5.31005859375,0.0006372506336485156,2.6723400451515515,330.0,4125.0,891.7513004706466
0.0,20,0,0,1,1,1,954096.6666666666,856.6666666666666,-3.3333333333333712,66.66666666666674,0.3762750157819544,374.0,15,9,,,,,,,90,50.0,374.0,140.0,146.66666666666666,100.0,21.0,4.440669910224777,210.0,221.0,405.40666666666664,14.0,30.0,5.322265625,0.00041970090834554105,2.612699425420268,340.0,4146.0,1321.1701793016673
0.0,20,0,0,0,1,1,955020.0,923.3333333333334,66.66666666666674,10.0,0.5011655011655012,354.0,15,10,,,,,,,90,50.0,354.0,145.0,,,,,190.0,203.0,395.14,2.0,50.0,3.64990234375,0.0007829651115007546,2.7885892778672012,,4046.0,1419.491525423729
0.0,20,0,0,1,1,1,955953.3333333334,933.3333333333334,10.0,3.3333333333332575,0.5437192562724938,367.0,15,9,,,,,,,90,50.0,367.0,156.0,146.66666666666666,103.33333333333333,20.0,3.851063231286016,256.6666666666667,218.0,380.26666666666665,-17.0,20.0,4.89501953125,0.00041032237175937737,2.7813730177207248,403.3333333333333,3892.0,1107.9334339180762
0.0,20,0,0,0,1,1,956890.0,936.6666666666666,3.3333333333332575,-20.0,0.6504637423857479,316.0,15,9,,,,,,,90,50.0,316.0,144.0,,,,,256.6666666666667,219.0,379.75333333333333,4.0,44.0,5.6396484375,0.0005945411268031873,2.6880519392606317,,3819.0,1612.2387836117143
0.0,20,0,0,1,1,1,957806.6666666666,916.6666666666666,-20.0,0.0,0.6477092403466655,344.0,15,9,,,,,,,90,50.0,344.0,146.0,130.0,86.66666666666667,8.0,2.2950814074556067,170.0,204.0,379.50000000000006,9.0,34.0,5.1025390625,0.0003369695198714279,2.6885046811443742,413.3333333333333,3946.0,1069.0172543135784
0.0,20,0,0,0,1,1,958723.3333333334,916.6666666666666,0.0,-13.333333333333258,0.6225974025974026,377.0,15,10,,,,,,,90,50.0,377.0,211.0,,,,,173.33333333333334,203.0,376.1666666666667,-20.0,38.0,4.33349609375,0.0003369396179306969,2.7229016668167114,,4455.0,1781.9075360856616
0.0,20,0,0,1,1,1,959626.6666666666,903.3333333333334,-13.333333333333258,23.333333333333258,0.5838061981667394,356.0,14,9,,,,,,,90,46.666666666666664,356.0,226.0,140.0,86.66666666666667,15.0,3.782339512936197,243.33333333333334,240.0,368.21999999999997,6.0,43.0,5.13916015625,0.00043374783821370516,2.709188335682814,400.0,4786.0,2106.741573033708
0.0,20,0,0,1,1,1,960553.3333333334,926.6666666666666,23.333333333333258,6.6666666666667425,0.5492681693168527,357.0,15,9,,,,,,,90,50.0,357.0,303.0,136.66666666666666,103.33333333333333,29.0,2.078299374599167,166.66666666666666,206.0,374.62666666666667,-4.0,68.0,5.029296875,0.0003409188892528619,2.718325061704729,433.3333333333333,4601.0,2508.0801551389786
0.0,20,0,0,1,1,1,961486.6666666666,933.3333333333334,6.6666666666667425,0.0,0.34219125716751964,364.0,15,9,,,,,,,90,50.0,364.0,154.0,140.0,100.0,12.0,2.9663255669223414,186.66666666666666,206.0,370.26666666666665,27.0,38.0,4.8583984375,0.00046745043514211955,2.6820677533209634,426.6666666666667,4045.0,1571.0851648351647
0.0,20,0,0,0,1,1,962420.0,933.3333333333334,0.0,10.0,0.1155612244897959,322.0,17,10,,,,,,,90,56.666666666666664,322.0,122.0,,,,,183.33333333333334,189.0,376.93333333333334,15.0,55.0,5.60302734375,0.0004588277643044614,2.700596216595389,,3906.0,1567.409572524662
0.0,20,0,0,1,1,1,963363.3333333334,943.3333333333334,10.0,-6.6666666666667425,0.15302843268279245,400.0,15,9,,,,,,,90,50.0,400.0,171.0,133.33333333333334,86.66666666666667,12.0,2.5283410324750477,233.33333333333334,230.0,372.06,1.0,39.0,4.736328125,0.00046562983022343244,2.581518030031847,443.3333333333333,4607.0,981.2030075187971
0.0,20,0,0,0,1,1,964300.0,936.6666666666666,-6.6666666666667425,-13.333333333333258,0.15146007512419724,378.0,23,11,,,,,,,90,76.66666666666667,378.0,428.0,,,,,193.33333333333334,216.0,383.08666666666664,28.0,110.0,3.6865234375,0.0006556366383313243,2.7572815733920795,,5431.0,4658.589273973889
0.0,20,0,0,1,1,1,965223.3333333334,923.3333333333334,-13.333333333333258,-20.0,0.15255995606273265,367.0,23,11,,,,,,,90,76.66666666666667,367.0,341.0,143.33333333333334,123.33333333333333,32.0,0.8494832502517848,203.33333333333334,205.0,391.8066666666667,43.0,50.0,5.09033203125,0.0004727204626686507,2.604621998464993,403.3333333333333,5004.0,3985.858085436981
0.0,20,0,0,0,1,1,966126.6666666666,903.3333333333334,-20.0,13.333333333333258,0.15788170223304576,358.0,22,10,,,,,,,90,73.33333333333333,358.0,381.0,,,,,160.0,164.0,378.22,37.0,64.0,3.80859375,0.00048353371580183194,2.738311540929989,,4731.0,3661.5307974237626
0.0,20,0,0,1,1,1,967043.3333333334,916.6666666666666,13.333333333333258,-10.0,0.3130335799658509,337.0,14,9,,,,,,,90,46.666666666666664,337.0,356.0,126.66666666666667,86.66666666666667,27.0,3.287472696447452,193.33333333333334,191.0,369.50000000000006,-33.0,72.0,5.0048828125,0.00028845395992695226,2.6383001151582866,426.6666666666667,4326.0,3073.9985163204747
0.0,20,0,0,1,1,1,967950.0,906.6666666666666,-10.0,-16.66666666666663,0.15743694728200436,325.0,14,9,,,,,,,90,46.666666666666664,325.0,166.0,156.66666666666666,116.66666666666667,26.0,2.536455923949376,153.33333333333334,167.0,364.37333333333333,-15.0,41.0,4.9560546875,0.000568166939158475,2.8135603006917176,390.0,4114.0,1633.1360946745563
0.0,20,0,0,0,1,1,968840.0,890.0,-16.66666666666663,3.3333333333333712,0.23879577575789418,344.0,13,8,,,,,,,90,43.333333333333336,344.0,245.0,,,,,163.33333333333334,247.0,380.27333333333337,-40.0,69.0,4.26025390625,0.00032513051703184765,2.7923708160932295,,4880.0,2201.7657192075794
0.0,20,0,0,1,1,1,969733.3333333334,893.3333333333334,3.3333333333333712,-10.0,0.36112864739933875,367.0,14,9,,,,,,,90,46.666666666666664,367.0,265.0,160.0,116.66666666666667,41.0,2.7986786556302707,190.0,200.0,376.4266666666666,-9.0,60.0,4.57763671875,0.0004822521504327919,2.9050983902865513,363.3333333333333,5382.0,4019.698522610805
0.0,20,0,0,1,1,1,970616.6666666666,883.3333333333334,-10.0,13.333333333333258,0.3590889218268482,364.0,14,9,,,,,,,90,46.666666666666664,364.0,313.0,163.33333333333334,120.0,30.0,1.5213132132324176,186.66666666666666,198.0,374.6333333333333,3.0,39.0,5.33447265625,0.0004802535766665077,2.7344012802611504,356.6666666666667,4550.0,2719.0099620006163
0.0,20,0,0,0,1,1,971513.3333333334,896.6666666666666,13.333333333333258,10.0,0.3193106124296708,308.0,15,10,,,,,,,90,50.0,308.0,155.0,,,,,193.33333333333334,194.0,382.58000000000004,-2.0,47.0,3.89404296875,0.0010574597211261416,2.5863947134704786,,4064.0,2051.5422077922076
0.0,20,0,0,0,1,1,972420.0,906.6666666666666,10.0,13.333333333333371,0.11787068205710888,357.0,16,10,,,,,,,90,53.333333333333336,357.0,103.0,,,,,183.33333333333334,194.0,374.37333333333333,6.0,36.0,4.01611328125,0.0002750311148780736,2.6922882195893947,,4577.0,1221.3581084607756
0.0,19,1,0,1,1,1,973340.0,920.0,13.333333333333371,6.666666666666629,0.040954341160162985,-161.0,22,5,325.0,13.0,6.0,,,,37,116.66666666666667,394.0,429.0,153.33333333333334,83.33333333333333,28.0,1.302097156557327,213.33333333333334,237.0,458.98666666666674,-92.0,81.0,6.4208984375,0.0003240781947781015,2.8476778196174877,343.3333333333333,4904.0,3881.0309989650596
0.0,20,0,0,1,1,1,974266.6666666666,926.6666666666666,6.666666666666629,-23.333333333333258,0.11877160659945762,328.0,16,10,,,,,,,90,53.333333333333336,328.0,161.0,126.66666666666667,83.33333333333333,12.0,2.586428097197123,253.33333333333334,233.0,377.96000000000004,-7.0,30.0,4.8095703125,0.00043692179664953345,2.6398138934318096,410.0,4164.0,1799.5240928019039
0.0,20,0,0,0,1,1,975170.0,903.3333333333334,-23.333333333333258,-6.6666666666667425,0.2313600888422741,353.0,16,10,,,,,,,90,53.333333333333336,353.0,149.0,,,,,190.0,201.0,381.55333333333334,10.0,41.0,4.01611328125,0.0007756951683003333,2.6524704607924985,,3923.0,1588.1728045325776
0.0,20,0,0,1,1,1,976066.6666666666,896.6666666666666,-6.6666666666667425,10.0,0.23646083765658607,341.0,17,10,,,,,,,90,56.666666666666664,341.0,144.0,166.66666666666666,66.66666666666667,10.0,0.543577382812904,190.0,204.0,379.24666666666667,9.0,51.0,5.4931640625,0.0003017384776652938,2.6359947713121805,360.0,3785.0,1498.8595633756925
0.0,20,0,0,1,1,1,976973.3333333334,906.6666666666666,10.0,-10.0,0.19830945832581157,344.0,17,9,,,,,,,90,56.666666666666664,344.0,144.0,126.66666666666667,106.66666666666667,32.0,1.9645283683847072,186.66666666666666,191.0,381.04,23.0,42.0,4.638671875,0.0004845244975762238,2.5898158952986194,416.6666666666667,3705.0,1213.953488372093
0.0,20,0,0,1,1,1,977870.0,896.6666666666666,-10.0,-3.3333333333332575,0.15680980048119858,343.0,16,10,,,,,,,90,53.333333333333336,343.0,122.0,143.33333333333334,103.33333333333333,18.0,3.8488113796753645,190.0,192.0,379.24666666666667,6.0,36.0,4.7607421875,0.00037617654562842036,2.550654332226668,380.0,3753.0,1081.7860978978056
0.0,20,0,0,1,1,1,978763.3333333334,893.3333333333334,-3.3333333333332575,3.3333333333332575,0.11949905994072847,343.0,17,10,,,,,,,90,56.666666666666664,343.0,165.0,133.33333333333334,80.0,11.0,1.9447999595089964,170.0,175.0,383.09333333333336,7.0,43.0,4.8095703125,0.00042061128714127255,2.572090807582497,393.3333333333333,3788.0,1208.1830310816824
0.0,20,0,0,0,1,1,979660.0,896.6666666666666,3.3333333333332575,-3.3333333333332575,0.12072659822827718,335.0,17,10,,,,,,,90,56.666666666666664,335.0,155.0,,,,,190.0,182.0,382.58000000000004,8.0,49.0,3.759765625,0.0009010963172557114,2.692284608054371,,3727.0,1496.3158889098813
0.0,20,0,0,1,1,1,980553.3333333334,893.3333333333334,-3.3333333333332575,-30.0,0.16012874032057614,332.0,17,10,,,,,,,90,56.666666666666664,332.0,149.0,140.0,100.0,17.0,3.8538244509516026,183.33333333333334,185.0,386.4266666666666,9.0,49.0,4.91943359375,0.0002514230549519279,2.610325997699698,383.3333333333333,3691.0,927.187008905186
0.0,20,0,0,1,1,1,981416.6666666666,863.3333333333334,-30.0,3.3333333333332575,0.201627959076992,328.0,17,10,,,,,,,90,56.666666666666664,328.0,133.0,143.33333333333334,100.0,19.0,3.748539314669884,180.0,200.0,391.0466666666667,19.0,31.0,5.52978515625,0.00039217541551307835,2.77206225464736,346.6666666666667,4126.0,1055.3470919324577
0.0,20,0,0,1,1,1,982283.3333333334,866.6666666666666,3.3333333333332575,10.0,0.29203481253516,387.0,19,13,,,,,,,90,63.333333333333336,387.0,324.0,146.66666666666666,116.66666666666667,34.0,0.6207456710182431,203.33333333333334,218.0,393.8666666666666,46.0,46.0,5.40771484375,0.0003515203228534492,2.6151765405432745,336.6666666666667,4293.0,1941.8220891856624
0.0,20,0,0,1,1,1,983160.0,876.6666666666666,10.0,0.0,0.4111688511442415,332.0,17,12,,,,,,,90,56.666666666666664,332.0,167.0,130.0,100.0,23.0,3.500805228209394,190.0,184.0,395.6600000000001,49.0,32.0,4.72412109375,0.0004966898756585074,2.685809881390826,373.3333333333333,4141.0,1379.6256454388986
0.0,20,0,0,0,1,1,984036.6666666666,876.6666666666666,0.0,3.3333333333333712,0.364204236827811,323.0,17,10,,,,,,,90,56.666666666666664,323.0,147.0,,,,,250.0,215.0,385.6600000000001,5.0,48.0,4.1015625,0.0005413756489291991,2.809537260876332,,3920.0,1697.6605909007035
0.0,20,0,0,1,1,1,984916.6666666666,880.0,3.3333333333333712,-3.3333333333333712,0.24278436186275895,345.0,15,9,,,,,,,90,50.0,345.0,180.0,140.0,93.33333333333333,21.0,3.4585549477659683,186.66666666666666,188.0,375.1466666666667,4.0,32.0,5.04150390625,0.00044940303192557315,2.726014160293064,373.3333333333333,3881.0,1482.9192546583852
0.0,20,0,0,0,1,1,985793.3333333334,876.6666666666666,-3.3333333333333712,10.0,0.16153821176928987,337.0,14,8,,,,,,,90,46.666666666666664,337.0,168.0,,,,,190.0,187.0,378.99333333333334,5.0,54.0,4.3212890625,0.0004876132819325243,2.499841258727554,,3830.0,1626.3410180324126
0.0,20,0,0,1,1,1,986680.0,886.6666666666666,10.0,-3.3333333333332575,0.12055913371202659,311.0,15,9,,,,,,,90,50.0,311.0,143.0,136.66666666666666,93.33333333333333,21.0,3.709490353779419,176.66666666666666,179.0,377.4533333333333,-2.0,37.0,4.94384765625,0.00035372488950627265,2.560002378214976,383.3333333333333,3722.0,1367.2584929400252
0.0,20,0,0,1,1,1,987563.3333333334,883.3333333333334,-3.3333333333332575,-26.666666666666742,0.039476652379878185,314.0,15,9,,,,,,,90,50.0,314.0,139.0,140.0,93.33333333333333,17.0,3.1924069161755266,246.66666666666666,223.0,374.6333333333333,-1.0,42.0,4.98046875,0.00034031521995950254,2.546320268298892,380.0,3732.0,1282.2661749916192
0.0,20,0,0,1,1,1,988420.0,856.6666666666666,-26.666666666666742,3.3333333333333712,0.0008091138585021684,322.0,14,9,,,,,,,90,46.666666666666664,322.0,156.0,143.33333333333334,100.0,23.0,4.256859394940459,243.33333333333334,235.0,378.74,-4.0,49.0,5.4443359375,0.0004262832829467821,2.6579553372927935,353.3333333333333,3873.0,1467.8307746396345
0.0,20,0,0,1,1,1,989280.0,860.0,3.3333333333333712,-3.3333333333333712,0.04168658358993742,322.0,15,9,,,,,,,90,50.0,322.0,167.0,136.66666666666666,93.33333333333333,23.0,3.9147872444601433,190.0,197.0,384.8933333333334,6.0,47.0,4.833984375,0.0005577293209876251,2.623205552292354,363.3333333333333,3991.0,1453.0742492449713
0.0,20,0,0,1,1,1,990136.6666666666,856.6666666666666,-3.3333333333333712,-13.333333333333258,0.04236208786949154,355.0,15,8,,,,,,,90,50.0,355.0,182.0,146.66666666666666,103.33333333333333,25.0,2.972044541327884,226.66666666666666,219.0,378.74,-1.0,34.0,5.28564453125,0.0005177209215300498,2.5591497251870154,346.6666666666667,3941.0,1381.36511375948
0.0,20,0,0,1,1,1,990980.0,843.3333333333334,-13.333333333333258,33.33333333333326,0.08674184293053981,342.0,15,9,,,,,,,90,50.0,342.0,146.0,140.0,93.33333333333333,18.0,3.262928240088602,183.33333333333334,189.0,384.12666666666667,2.0,39.0,5.31005859375,0.0004637839846262223,2.606516892156802,340.0,3914.0,1057.7915376676988
0.0,20,0,0,1,1,1,991856.6666666666,876.6666666666666,33.33333333333326,13.333333333333371,0.2538930264048747,343.0,15,8,,,,,,,90,50.0,343.0,151.0,146.66666666666666,100.0,23.0,3.937092127735461,233.33333333333334,208.0,378.99333333333334,2.0,33.0,4.6875,0.000478985201043729,2.554261610561384,370.0,3870.0,1229.217555748168
0.0,20,0,0,1,1,1,992746.6666666666,890.0,13.333333333333371,-40.0,0.24680162470948544,331.0,15,8,,,,,,,90,50.0,331.0,144.0,153.33333333333334,103.33333333333333,21.0,2.592980632771802,210.0,207.0,376.94,-6.0,31.0,4.8095703125,0.0004454738515355254,2.5335269870814665,373.3333333333333,3716.0,1367.6089771255936
0.0,20,0,0,1,1,1,993596.6666666666,850.0,-40.0,23.33333333333337,0.3606773343615449,307.0,17,11,,,,,,,90,56.666666666666664,307.0,131.0,133.33333333333334,93.33333333333333,20.0,3.7647129392502183,183.33333333333334,190.0,389.7666666666667,9.0,34.0,5.35888671875,0.000474903776771079,2.689013116488595,343.3333333333333,3648.0,1223.8702128332436
0.0,20,0,0,1,1,1,994470.0,873.3333333333334,23.33333333333337,13.333333333333258,0.33511013561182096,340.0,17,10,,,,,,,90,56.666666666666664,340.0,152.0,143.33333333333334,103.33333333333333,26.0,2.8913677080022957,250.0,202.0,386.17333333333335,21.0,35.0,4.89501953125,0.0004886454978564032,2.5904456858472167,363.3333333333333,3617.0,1206.1521856449
0.0,20,0,0,1,1,1,995356.6666666666,886.6666666666666,13.333333333333258,20.0,0.28780743066457354,349.0,16,10,,,,,,,90,53.333333333333336,349.0,144.0,136.66666666666666,96.66666666666667,25.0,3.390987549568244,170.0,176.0,384.12,6.0,29.0,4.84619140625,0.0004864657109152639,2.5758219464711125,380.0,3654.0,995.3249886894888
0.0,20,0,0,1,1,1,996263.3333333334,906.6666666666666,20.0,16.666666666666742,0.36557084881149216,327.0,16,10,,,,,,,90,53.333333333333336,327.0,145.0,136.66666666666666,96.66666666666667,23.0,3.8715615034047985,193.33333333333334,172.0,381.04,14.0,29.0,4.77294921875,0.000436794752733243,2.7001908369575736,400.0,3685.0,1154.434250764526
0.0,20,0,0,1,1,1,997186.6666666666,923.3333333333334,16.666666666666742,-30.0,0.5142542132619311,335.0,16,10,,,,,,,90,53.333333333333336,335.0,150.0,140.0,100.0,24.0,4.667646989403188,193.33333333333334,162.0,385.14,2.0,31.0,4.84619140625,0.00035526343321252746,2.6640967857376943,413.3333333333333,3696.0,1047.1834376504576
0.0,20,0,0,1,1,1,998080.0,893.3333333333334,-30.0,0.0,0.6154076398278406,333.0,16,10,,,,,,,90,53.333333333333336,333.0,152.0,160.0,123.33333333333333,10.0,2.2989894716179666,206.66666666666666,177.0,383.09333333333336,-6.0,23.0,5.33447265625,0.00040038270528064407,2.853879534201161,356.6666666666667,3871.0,1540.7931295781764
0.0,20,0,0,0,1,1,998973.3333333334,893.3333333333334,0.0,-3.3333333333333712,0.4389658848614072,340.0,16,9,,,,,,,90,53.333333333333336,340.0,140.0,,,,,173.33333333333334,155.0,383.09333333333336,-10.0,38.0,6.15234375,0.00038585226952164,2.8215330702427788,,3890.0,1558.0789277736412
0.0,20,0,0,0,1,1,999863.3333333334,890.0,-3.3333333333333712,-40.0,0.3998166174447986,357.0,16,10,,,,,,,90,53.333333333333336,357.0,197.0,,,,,163.33333333333334,171.0,380.27333333333337,-1.0,77.0,5.1513671875,0.00015239900610083588,2.736872617010039,,4062.0,1881.2686364868528
0.0,20,0,0,1,1,1,1000713.3333333334,850.0,-40.0,-13.333333333333371,0.40164513848724376,365.0,15,9,,,,,,,90,50.0,365.0,151.0,140.0,100.0,23.0,3.16137821131454,190.0,181.0,383.1,-6.0,45.0,5.70068359375,0.0001794438181001737,2.8390610964765703,346.6666666666667,3916.0,1248.6828240252898
0.0,20,0,0,1,1,1,1001550.0,836.6666666666666,-13.333333333333371,-6.666666666666629,0.4236623254354307,310.0,16,11,,,,,,,90,53.333333333333336,310.0,135.0,140.0,100.0,17.0,3.776041968105595,186.66666666666666,197.0,388.4866666666666,17.0,35.0,5.43212890625,0.00038638253935506864,2.631015266792666,326.6666666666667,3927.0,1609.6115865701117
0.0,20,0,0,1,1,1,1002380.0,830.0,-6.666666666666629,13.333333333333371,0.5994125415547156,362.0,16,11,,,,,,,90,53.333333333333336,362.0,151.0,136.66666666666666,96.66666666666667,24.0,4.443506711824121,250.0,214.0,396.17999999999995,26.0,37.0,5.35888671875,0.0005698089015027755,2.600421635982321,326.6666666666667,3724.0,1327.658135077235
0.0,20,0,0,0,1,1,1003223.3333333334,843.3333333333334,13.333333333333371,43.33333333333326,0.6891073435958613,350.0,16,11,,,,,,,90,53.333333333333336,350.0,139.0,,,,,246.66666666666666,210.0,390.7933333333334,27.0,48.0,4.58984375,0.0006081499650855523,2.7029227667971574,,3743.0,1361.7021276595744
0.0,20,0,0,1,1,1,1004110.0,886.6666666666666,43.33333333333326,46.66666666666674,0.7183470403086607,336.0,16,11,,,,,,,90,53.333333333333336,336.0,142.0,136.66666666666666,93.33333333333333,19.0,2.567225015885187,253.33333333333334,209.0,387.4533333333333,33.0,33.0,5.078125,0.0002923956060289503,2.602678813466164,380.0,3798.0,1119.9874686716794
0.0,20,0,0,0,1,1,1005043.3333333334,933.3333333333334,46.66666666666674,20.0,0.6462048541814202,381.0,15,10,,,,,,,90,50.0,381.0,137.0,,,,,250.0,212.0,373.59999999999997,-19.0,51.0,5.72509765625,0.0006918917823975856,2.663103956913479,,3918.0,1164.795228998742
0.0,20,0,0,1,1,1,1005996.6666666666,953.3333333333334,20.0,-16.666666666666742,0.7274943391607679,348.0,15,10,,,,,,,90,50.0,348.0,143.0,140.0,93.33333333333333,20.0,4.153295627024018,193.33333333333334,175.0,373.85333333333335,1.0,39.0,4.9560546875,0.00027552119548555394,2.580965326947216,446.6666666666667,3957.0,1460.3705609881627
0.0,20,0,0,1,1,1,1006933.3333333334,936.6666666666666,-16.666666666666742,-10.0,0.7487633038524959,336.0,16,11,,,,,,,90,53.333333333333336,336.0,125.0,156.66666666666666,120.0,7.0,3.4552387436500354,173.33333333333334,174.0,379.75333333333333,2.0,41.0,5.18798828125,0.0002320941592800252,2.7361179443563146,406.6666666666667,3584.0,1134.367681498829
0.0,20,0,0,0,1,1,1007860.0,926.6666666666666,-10.0,3.3333333333333712,0.7246082030733558,314.0,16,11,,,,,,,90,53.333333333333336,314.0,131.0,,,,,190.0,181.0,377.96000000000004,43.0,41.0,4.833984375,0.000375428058219246,2.711239738788244,,3474.0,1467.654055713299
0.0,20,0,0,1,1,1,1008790.0,930.0,3.3333333333333712,-6.666666666666629,0.7306771352523457,325.0,16,11,,,,,,,90,53.333333333333336,325.0,102.0,156.66666666666666,103.33333333333333,5.0,0.8050988541051449,190.0,188.0,377.4466666666667,41.0,39.0,4.9560546875,0.0003718575644911338,2.756647153180459,403.3333333333333,3484.0,1190.0826446280994
0.0,20,0,0,1,1,1,1009713.3333333334,923.3333333333334,-6.666666666666629,6.666666666666629,0.6506309148264984,338.0,16,11,,,,,,,90,53.333333333333336,338.0,99.0,123.33333333333333,103.33333333333333,19.0,2.0118724822094,250.0,211.0,378.47333333333336,37.0,34.0,5.0048828125,0.00045130089485706125,2.5591059496231363,430.0,3644.0,1066.4648410623365
0.0,20,0,0,0,1,1,1010643.3333333334,930.0,6.666666666666629,-6.666666666666629,0.5367971618332578,322.0,16,11,,,,,,,90,53.333333333333336,322.0,161.0,,,,,253.33333333333334,208.0,384.1133333333333,26.0,46.0,4.345703125,0.0006263836425650975,2.597993054780556,,3733.0,1896.628216503993
0.0,20,0,0,1,1,1,1011566.6666666666,923.3333333333334,-6.666666666666629,16.66666666666663,0.3026547584907206,332.0,16,10,,,,,,,90,53.333333333333336,332.0,175.0,123.33333333333333,86.66666666666667,13.0,3.292691501089468,230.0,208.0,381.8066666666667,16.0,44.0,4.9560546875,0.00028542132608603155,2.6812690952470923,426.6666666666667,3654.0,1538.9683734939756
0.0,20,0,0,1,1,1,1012506.6666666666,940.0,16.66666666666663,-20.0,0.07733154611537867,330.0,16,11,,,,,,,90,53.333333333333336,330.0,157.0,156.66666666666666,113.33333333333333,13.0,2.3606790679382215,250.0,210.0,375.9066666666667,29.0,46.0,5.517578125,0.00016192692073545184,2.647793729714612,406.6666666666667,3606.0,1333.8301043219074
0.0,20,0,0,0,1,1,1013426.6666666666,920.0,-20.0,-30.0,0.0744997871434653,319.0,16,11,,,,,,,90,53.333333333333336,319.0,156.0,,,,,190.0,182.0,378.9866666666667,18.0,54.0,5.7373046875,0.00023867489263780064,2.6563106495847855,,3667.0,1715.5884867483614
0.0,20,0,0,1,1,1,1014316.6666666666,890.0,-30.0,13.333333333333371,0.005438329345225147,344.0,16,11,,,,,,,90,53.333333333333336,344.0,148.0,143.33333333333334,103.33333333333333,29.0,4.0922692506496965,250.0,226.0,383.6066666666667,-4.0,32.0,4.79736328125,0.0006274464020765361,2.6335540640901733,376.6666666666667,3828.0,1188.5161555875693
0.0,20,0,0,0,1,1,1015220.0,903.3333333333334,13.333333333333371,0.0,0.280814737157406,361.0,16,10,,,,,,,90,53.333333333333336,361.0,123.0,,,,,190.0,191.0,378.22,11.0,49.0,3.7841796875,0.0007539841146096285,2.750992350702741,,3906.0,1378.1593572030763
0.0,20,0,0,1,1,1,1016123.3333333334,903.3333333333334,0.0,-43.33333333333337,0.2767527675276753,318.0,16,10,,,,,,,90,53.333333333333336,318.0,178.0,140.0,93.33333333333333,18.0,3.234124420799759,176.66666666666666,187.0,378.22,18.0,37.0,4.8828125,0.000551756190346217,2.6160623193754287,396.6666666666667,3816.0,1474.5520849849374
0.0,20,0,0,0,1,1,1016983.3333333334,860.0,-43.33333333333337,13.333333333333371,0.2817674310619572,313.0,16,11,,,,,,,90,53.333333333333336,313.0,175.0,,,,,190.0,205.0,391.56,38.0,49.0,4.16259765625,0.0012335167498000506,2.5770731102689384,,3818.0,1949.5338071330768
0.0,20,0,0,1,1,1,1017856.6666666666,873.3333333333334,13.333333333333371,6.666666666666629,0.5405300681959083,346.0,16,10,,,,,,,90,53.333333333333336,346.0,173.0,133.33333333333334,96.66666666666667,20.0,3.1684535616937293,250.0,225.0,389.50666666666666,22.0,36.0,4.89501953125,0.000575964655355713,2.6673501951678307,370.0,3808.0,1312.294953913451
0.0,20,0,0,1,1,1,1018736.6666666666,880.0,6.666666666666629,20.0,0.5716139302614649,329.0,15,10,,,,,,,90,50.0,329.0,161.0,136.66666666666666,93.33333333333333,20.0,3.9130391958798043,193.33333333333334,181.0,388.48,27.0,32.0,4.736328125,0.0004395750995612098,2.5747293280266437,370.0,3710.0,1306.1693912757742
0.0,20,0,0,1,1,1,1019636.6666666666,900.0,20.0,13.333333333333371,0.5233010969040047,297.0,16,11,,,,,,,90,53.333333333333336,297.0,166.0,136.66666666666666,93.33333333333333,24.0,3.837139737866856,186.66666666666666,175.0,382.06666666666666,-4.0,32.0,4.79736328125,0.00045888476518774737,2.601505002938089,386.6666666666667,3457.0,1236.5029606408916
0.0,20,0,0,1,1,1,1020550.0,913.3333333333334,13.333333333333371,-36.66666666666674,0.3165728672985782,319.0,15,10,,,,,,,90,50.0,319.0,126.0,136.66666666666666,96.66666666666667,19.0,3.424431000480592,186.66666666666666,185.0,376.68,29.0,31.0,4.79736328125,0.0004034579318017476,2.5961188954162795,410.0,3557.0,886.9179600886919
0.0,20,0,0,0,1,1,1021426.6666666666,876.6666666666666,-36.66666666666674,-3.3333333333332575,0.2739425816348893,353.0,16,11,,,,,,,90,53.333333333333336,353.0,121.0,,,,,186.66666666666666,195.0,385.6600000000001,6.0,47.0,4.19921875,0.0005018053072227731,2.7179726379998717,,3861.0,1258.0140152079916
0.0,20,0,0,1,1,1,1022300.0,873.3333333333334,-3.3333333333332575,-13.333333333333371,0.28519279032626055,362.0,15,9,,,,,,,90,50.0,362.0,149.0,140.0,93.33333333333333,21.0,3.4202193048489793,190.0,199.0,379.50666666666666,4.0,33.0,4.8828125,0.0004090304387031276,2.7072881573253276,370.0,3977.0,1119.9044348215618
0.0,20,0,0,1,1,1,1023160.0,860.0,-13.333333333333371,6.666666666666629,0.28716511039357706,333.0,15,9,,,,,,,90,50.0,333.0,147.0,133.33333333333334,86.66666666666667,23.0,2.760997418251888,190.0,194.0,384.8933333333334,16.0,32.0,4.8583984375,0.00040977014755971624,2.546765870235403,363.3333333333333,3929.0,1347.218778411439
0.0,20,0,0,1,1,1,1024026.6666666666,866.6666666666666,6.666666666666629,-6.666666666666629,0.3321744137121598,336.0,15,10,,,,,,,90,50.0,336.0,133.0,136.66666666666666,93.33333333333333,19.0,2.8019730621681838,250.0,225.0,383.8666666666667,-2.0,30.0,5.2734375,0.0004441051173259807,2.669847578182009,360.0,3887.0,1091.2698412698412
0.0,20,0,0,0,1,1,1024886.6666666666,860.0,-6.666666666666629,16.66666666666663,0.3305453586266019,358.0,15,8,,,,,,,90,50.0,358.0,169.0,,,,,196.66666666666666,218.0,401.56,-9.0,51.0,4.19921875,0.0008395039302989868,2.57050466690939,,3949.0,1586.5921787709499
0.0,20,0,0,1,1,1,1025763.3333333334,876.6666666666666,16.66666666666663,-10.0,0.3736093430010517,354.0,16,9,,,,,,,90,53.333333333333336,354.0,138.0,143.33333333333334,93.33333333333333,15.0,3.509628249385214,193.33333333333334,212.0,405.66,-17.0,32.0,5.33447265625,0.0004084382319251793,2.7243490457665573,346.6666666666667,3929.0,855.606258148631
0.0,20,0,0,0,1,1,1026630.0,866.6666666666666,-10.0,-10.0,0.3651023047082985,349.0,15,8,,,,,,,90,50.0,349.0,155.0,,,,,193.33333333333334,203.0,383.8666666666667,0.0,45.0,4.52880859375,0.00034099187017329,2.9363808604563295,,3969.0,1492.3591212989493
0.0,20,0,0,1,1,1,1027486.6666666666,856.6666666666666,-10.0,13.333333333333371,0.2827575594367931,360.0,15,8,,,,,,,90,50.0,360.0,152.0,150.0,110.0,21.0,2.061135635577191,193.33333333333334,204.0,388.74,18.0,32.0,5.33447265625,0.0004434237551022478,2.649293907631817,340.0,4138.0,1037.5816993464052
0.0,20,0,0,1,1,1,1028356.6666666666,870.0,13.333333333333371,26.66666666666663,0.0,396.0,15,8,,,,,,,90,50.0,396.0,121.0,150.0,106.66666666666667,24.0,2.6850982688279252,190.0,203.0,383.3533333333333,-2.0,30.0,5.2734375,0.00046813318119923625,2.648653971333567,350.0,4209.0,858.5858585858585
0.0,20,0,0,1,1,1,1029253.3333333334,896.6666666666666,26.66666666666663,-20.0,0.004102575323282936,349.0,15,8,,,,,,,90,50.0,349.0,137.0,166.66666666666666,123.33333333333333,19.0,3.249405213100861,183.33333333333334,199.0,375.9133333333333,9.0,34.0,4.89501953125,0.00040926236897986584,2.607489153712959,363.3333333333333,4091.0,1293.341394810862
0.0,20,0,0,1,1,1,1030130.0,876.6666666666666,-20.0,13.333333333333371,0.19844221532707101,318.0,16,11,,,,,,,90,53.333333333333336,318.0,109.0,143.33333333333334,100.0,16.0,3.899504085303988,176.66666666666666,205.0,388.99333333333334,-8.0,36.0,5.322265625,0.0005019910205363261,2.66167604986122,360.0,3906.0,1388.888888888889
0.0,20,0,0,1,1,1,1031020.0,890.0,13.333333333333371,-16.66666666666663,0.16371988965876758,365.0,15,10,,,,,,,90,50.0,365.0,140.0,153.33333333333334,106.66666666666667,22.0,3.7552712916641102,170.0,202.0,376.94,5.0,26.0,5.06591796875,0.00040866124218809065,2.7306873256936344,366.6666666666667,3785.0,941.4694894146949
0.0,20,0,0,0,1,1,1031893.3333333334,873.3333333333334,-16.66666666666663,13.333333333333258,0.19911149173045015,343.0,17,11,,,,,,,90,56.666666666666664,343.0,171.0,,,,,246.66666666666666,224.0,389.50666666666666,23.0,49.0,4.2236328125,0.0005832301027618306,2.63063155853813,,3872.0,1737.7627742826453
0.0,20,0,0,1,1,1,1032780.0,886.6666666666666,13.333333333333258,-26.66666666666663,0.12346284667713238,342.0,16,11,,,,,,,90,53.333333333333336,342.0,144.0,153.33333333333334,110.0,17.0,3.3015482427474474,183.33333333333334,204.0,380.7866666666667,21.0,26.0,5.322265625,0.00044825240395511914,2.539499654931104,360.0,3771.0,982.7810266406758
0.0,20,0,0,1,1,1,1033640.0,860.0,-26.66666666666663,26.66666666666663,0.16202011951334855,349.0,16,11,,,,,,,90,53.333333333333336,349.0,118.0,140.0,103.33333333333333,19.0,3.2306961052934344,250.0,233.0,388.22666666666674,15.0,43.0,5.3466796875,0.00040832131401338854,2.6309806100639306,353.3333333333333,3841.0,1143.428664107693
0.0,20,0,0,1,1,1,1034526.6666666666,886.6666666666666,26.66666666666663,-33.33333333333326,0.2050223560139891,364.0,17,11,,,,,,,90,56.666666666666664,364.0,125.0,143.33333333333334,80.0,3.0,-0.20167654816523495,250.0,229.0,384.12,33.0,36.0,4.931640625,0.000494081665109924,2.62434168368868,373.3333333333333,3954.0,1030.2197802197804
0.0,20,0,0,1,1,1,1035380.0,853.3333333333334,-33.33333333333326,36.66666666666663,0.08384392131570462,386.0,17,10,,,,,,,90,56.666666666666664,386.0,168.0,140.0,86.66666666666667,12.0,2.228975110618304,250.0,229.0,389.25333333333333,17.0,38.0,5.3955078125,0.0004200050190982686,2.520031487823142,346.6666666666667,4024.0,1120.964527700279
0.0,20,0,0,1,1,1,1036270.0,890.0,36.66666666666663,6.666666666666629,0.25090045385104315,395.0,15,9,,,,,,,90,50.0,395.0,132.0,143.33333333333334,96.66666666666667,21.0,2.7304402154291267,186.66666666666666,203.0,376.94,-9.0,29.0,4.8583984375,0.0004122747550258215,2.5985434989067135,380.0,4079.0,812.7914723517654
0.0,20,0,0,1,1,1,1037166.6666666666,896.6666666666666,6.666666666666629,-20.0,0.24233929641359236,362.0,15,9,,,,,,,90,50.0,362.0,148.0,143.33333333333334,96.66666666666667,20.0,3.7033035413479105,233.33333333333334,219.0,422.58,-18.0,43.0,5.0048828125,0.00038766538936012176,2.5977954947403004,390.0,4065.0,1062.473438164046
0.0,20,0,0,1,1,1,1038043.3333333334,876.6666666666666,-20.0,0.0,0.3171887618480894,378.0,15,9,,,,,,,90,50.0,378.0,139.0,133.33333333333334,83.33333333333333,23.0,2.572694653803117,250.0,230.0,385.6600000000001,31.0,20.0,5.3955078125,0.00027324935104313834,3.0063837139883764,333.3333333333333,3884.0,968.2539682539682
0.0,20,0,0,1,1,1,1038920.0,876.6666666666666,0.0,20.0,0.24443237370994025,348.0,15,9,,,,,,,90,50.0,348.0,144.0,136.66666666666666,93.33333333333333,22.0,3.6325365612777407,190.0,197.0,382.3266666666667,33.0,22.0,4.833984375,0.00041470824499579667,2.5694342764327285,370.0,3823.0,1110.5933519726623
0.0,20,0,0,1,1,1,1039816.6666666666,896.6666666666666,20.0,10.0,0.2451352994831256,349.0,15,9,,,,,,,90,50.0,349.0,147.0,150.0,110.0,22.0,3.1069496734124566,190.0,199.0,375.9133333333333,7.0,35.0,4.8095703125,0.0003983375391843374,2.6076639402859474,380.0,3750.0,1002.865329512894
0.0,20,0,0,1,1,1,1040723.3333333334,906.6666666666666,10.0,13.333333333333371,0.27874823459451425,355.0,15,9,,,,,,,90,50.0,355.0,128.0,136.66666666666666,90.0,19.0,3.3495380300178503,250.0,226.0,377.7066666666667,16.0,36.0,4.69970703125,0.0005009471717106493,2.6210778593528237,406.6666666666667,3889.0,1066.7282382821518
0.0,20,0,0,1,1,1,1041643.3333333334,920.0,13.333333333333371,3.3333333333333712,0.2780169697987987,381.0,15,9,,,,,,,90,50.0,381.0,138.0,146.66666666666666,103.33333333333333,21.0,4.409588776534253,186.66666666666666,201.0,372.32,-11.0,38.0,4.78515625,0.00040984360303456224,2.581286582641261,406.6666666666667,4027.0,851.9426874919324
0.0,20,0,0,1,1,1,1042566.6666666666,923.3333333333334,3.3333333333333712,-40.0,0.3866179469396627,365.0,15,9,,,,,,,90,50.0,365.0,151.0,143.33333333333334,93.33333333333333,14.0,2.8629085983061238,250.0,238.0,371.8066666666667,-7.0,42.0,4.69970703125,0.0004058981852625643,2.610850333985028,416.6666666666667,4084.0,1183.5616438356162
0.0,20,0,0,1,1,1,1043450.0,883.3333333333334,-40.0,-23.33333333333337,0.30970619205913325,372.0,15,9,,,,,,,90,50.0,372.0,148.0,143.33333333333334,103.33333333333333,22.0,3.984010655065031,263.3333333333333,234.0,377.96666666666664,36.0,37.0,4.9560546875,0.0005117682544242779,2.51251307707396,376.6666666666667,4078.0,1041.9640308307166
0.0,20,0,0,1,1,1,1044310.0,860.0,-23.33333333333337,36.66666666666663,0.32685731545506513,376.0,15,8,,,,,,,90,50.0,376.0,128.0,146.66666666666666,100.0,26.0,3.4076972176172973,170.0,198.0,381.56,-5.0,40.0,5.31005859375,0.00042096971611338337,2.601837732950846,353.3333333333333,4097.0,843.0349257326376
0.0,20,0,0,1,1,1,1045206.6666666666,896.6666666666666,36.66666666666663,-3.3333333333332575,0.4962545780452991,371.0,15,10,,,,,,,90,50.0,371.0,147.0,140.0,103.33333333333333,24.0,4.466384184020235,170.0,197.0,379.24666666666667,2.0,31.0,4.9072265625,0.00047872651855037734,2.6182868769876952,386.6666666666667,4016.0,1136.2580165442885
0.0,20,0,0,1,1,1,1046100.0,893.3333333333334,-3.3333333333332575,-3.3333333333333712,0.3967368790032185,336.0,17,10,,,,,,,90,56.666666666666664,336.0,127.0,140.0,100.0,23.0,3.5731221734840464,173.33333333333334,196.0,383.09333333333336,10.0,31.0,4.9560546875,0.0004472936934595459,2.654507623095431,386.6666666666667,3854.0,939.039408866995
0.0,20,0,0,0,1,1,1046990.0,890.0,-3.3333333333333712,-6.666666666666629,0.3214525604256181,349.0,16,10,,,,,,,90,53.333333333333336,349.0,156.0,,,,,170.0,189.0,380.27333333333337,-1.0,50.0,4.40673828125,0.0004373178881470079,2.7098488066763107,,3753.0,1438.175005510249
0.0,20,0,0,1,1,1,1047873.3333333334,883.3333333333334,-6.666666666666629,23.333333333333258,0.4021469240977782,337.0,17,10,,,,,,,90,56.666666666666664,337.0,158.0,140.0,100.0,21.0,4.160115803152667,160.0,181.0,377.96666666666664,7.0,38.0,4.98046875,0.00041496641116111786,2.66362228863768,376.6666666666667,3730.0,1126.546046584911
0.0,20,0,0,1,1,1,1048780.0,906.6666666666666,23.333333333333258,6.6666666666667425,0.4420845052209614,324.0,17,10,,,,,,,90,56.666666666666664,324.0,117.0,133.33333333333334,93.33333333333333,19.0,4.015093340153051,186.66666666666666,202.0,381.04,6.0,44.0,4.87060546875,0.00044732810368038647,2.626040770130022,410.0,3679.0,1091.5386931647092
0.0,20,0,0,1,1,1,1049693.3333333333,913.3333333333334,6.6666666666667425,-3.3333333333333712,0.31271661730417794,357.0,14,8,,,,,,,90,46.666666666666664,357.0,125.0,146.66666666666666,96.66666666666667,18.0,3.36712786975432,163.33333333333334,189.0,373.34666666666664,-13.0,40.0,5.04150390625,0.0002784924336034691,2.6579359079073335,403.3333333333333,3738.0,861.1709146468504
0.0,20,0,0,1,1,1,1050603.3333333333,910.0,-3.3333333333333712,6.666666666666629,0.19631255670382616,354.0,14,8,,,,,,,90,46.666666666666664,354.0,129.0,156.66666666666666,113.33333333333333,14.0,2.200720806942435,170.0,200.0,377.1933333333333,-19.0,40.0,4.99267578125,0.00033496164150742503,2.63723022334694,390.0,3892.0,1115.4570476604376
0.0,20,0,0,0,1,1,1051520.0,916.6666666666666,6.666666666666629,-3.3333333333332575,0.2315202377464317,361.0,14,9,,,,,,,90,46.666666666666664,361.0,134.0,,,,,170.0,199.0,369.50000000000006,-10.0,40.0,4.23583984375,0.00042571592181351323,2.63222907153126,,3865.0,1175.596243497061
0.0,20,0,0,1,1,1,1052433.3333333333,913.3333333333334,-3.3333333333332575,0.0,0.03896387269723512,329.0,14,8,,,,,,,90,46.666666666666664,329.0,150.0,136.66666666666666,93.33333333333333,20.0,2.3905602204860283,230.0,225.0,373.34666666666664,-15.0,39.0,4.8095703125,0.00043810952400959803,2.5207104502736284,420.0,3968.0,1375.0180923433204
0.0,20,0,0,0,1,1,1053346.6666666667,913.3333333333334,0.0,10.0,0.03910323253388947,377.0,14,8,,,,,,,90,46.666666666666664,377.0,122.0,,,,,173.33333333333334,210.0,376.68,-18.0,35.0,4.06494140625,0.0006137948850770933,2.619565737981376,,3881.0,1186.3998070894622
0.0,20,0,0,1,1,1,1054270.0,923.3333333333334,10.0,-10.0,0.039876565090022,359.0,14,8,,,,,,,90,46.666666666666664,359.0,122.0,136.66666666666666,100.0,16.0,1.6670950049934081,173.33333333333334,204.0,368.47333333333336,-11.0,36.0,4.96826171875,0.0004319997143801524,2.5633959604092373,420.0,4087.0,901.9763894415705
0.0,20,0,0,1,1,1,1055183.3333333333,913.3333333333334,-10.0,-6.6666666666667425,0.07582869935726148,393.0,14,8,,,,,,,90,46.666666666666664,393.0,159.0,156.66666666666666,113.33333333333333,17.0,2.9189558271246483,170.0,211.0,370.0133333333334,-29.0,49.0,5.029296875,0.0003948208248725361,2.567764888544468,396.6666666666667,4148.0,968.6317275001603
0.0,20,0,0,1,1,1,1056090.0,906.6666666666666,-6.6666666666667425,0.0,0.0,371.0,14,8,,,,,,,90,46.666666666666664,371.0,162.0,156.66666666666666,106.66666666666667,13.0,2.8959392546363016,250.0,236.0,374.37333333333333,-1.0,46.0,4.96826171875,0.00037690816883547367,2.5588079402543435,390.0,4074.0,1022.8764945746077
0.0,20,0,0,1,1,1,1056996.6666666667,906.6666666666666,0.0,13.333333333333371,0.0,360.0,14,7,,,,,,,90,46.666666666666664,360.0,157.0,160.0,90.0,9.0,1.4516504061504758,183.33333333333334,208.0,367.7066666666667,-17.0,34.0,4.9560546875,0.0004416745657636294,2.4733053702440393,386.6666666666667,3840.0,905.1724137931035
0.0,20,0,0,0,1,1,1057916.6666666667,920.0,13.333333333333371,-10.0,0.0,333.0,14,8,,,,,,,90,46.666666666666664,333.0,130.0,,,,,246.66666666666666,238.0,365.6533333333333,-5.0,51.0,4.8095703125,0.00042902371436761476,2.5398580572185225,,3787.0,1313.8138138138138
0.0,20,0,0,0,1,1,1058826.6666666667,910.0,-10.0,13.333333333333371,0.0,338.0,13,8,,,,,,,90,43.333333333333336,338.0,125.0,,,,,183.33333333333334,216.0,367.1933333333333,-16.0,50.0,4.2724609375,0.0004671842003565868,2.6786049039553386,,3971.0,1427.6039067512654
0.0,20,0,0,1,1,1,1059750.0,923.3333333333334,13.333333333333371,-6.6666666666667425,0.0,377.0,14,8,,,,,,,90,46.666666666666664,377.0,158.0,160.0,113.33333333333333,13.0,2.043179460811963,263.3333333333333,242.0,365.14000000000004,1.0,45.0,4.94384765625,0.00036630727850062855,2.6213229741554485,406.6666666666667,4217.0,1134.9306431273644
0.0,20,0,0,1,1,1,1060666.6666666667,916.6666666666666,-6.6666666666667425,10.0,0.0,392.0,14,8,,,,,,,90,46.666666666666664,392.0,142.0,160.0,116.66666666666667,13.0,2.9026332761088653,166.66666666666666,202.0,369.50000000000006,-15.0,48.0,4.84619140625,0.0005090580250496718,2.4695733136914253,400.0,4310.0,1192.6020408163265
0.0,20,0,0,1,1,1,1061593.3333333333,926.6666666666666,10.0,6.6666666666667425,0.0,370.0,14,8,,,,,,,90,46.666666666666664,370.0,152.0,163.33333333333334,123.33333333333333,14.0,2.2641134709501554,173.33333333333334,200.0,371.2933333333333,1.0,41.0,4.833984375,0.0004365592315373233,2.4797953105748576,403.3333333333333,4250.0,991.7355371900828
0.0,20,0,0,1,1,1,1062526.6666666667,933.3333333333334,6.6666666666667425,-3.3333333333333712,0.0,379.0,14,8,,,,,,,90,46.666666666666664,379.0,140.0,163.33333333333334,96.66666666666667,9.0,1.7715816616326965,166.66666666666666,203.0,370.26666666666665,-20.0,44.0,4.8583984375,0.00039346632189402053,2.56266411922626,406.6666666666667,4028.0,1070.548034084519
0.0,20,0,0,1,1,1,1063456.6666666667,930.0,-3.3333333333333712,-13.333333333333371,0.0,311.0,16,9,,,,,,,90,53.333333333333336,311.0,153.0,163.33333333333334,116.66666666666667,16.0,1.4420977883647623,180.0,205.0,377.4466666666667,0.0,35.0,4.98046875,0.0004129893241216979,2.6049374079357146,400.0,3828.0,1374.59807073955
0.0,20,0,0,0,1,1,1064373.3333333333,916.6666666666666,-13.333333333333371,3.3333333333333712,0.0,318.0,16,9,,,,,,,90,53.333333333333336,318.0,138.0,,,,,186.66666666666666,217.0,376.1666666666667,-6.0,53.0,4.6875,0.0002737319659382078,2.6131654060448213,,3921.0,1656.6958122411413
0.0,20,0,0,1,1,1,1065293.3333333333,920.0,3.3333333333333712,-3.3333333333333712,0.0,397.0,15,10,,,,,,,90,50.0,397.0,141.0,130.0,93.33333333333333,21.0,2.9302248522866634,166.66666666666666,201.0,375.65333333333336,-9.0,36.0,4.69970703125,0.0004883661975608318,2.679947666610919,420.0,4146.0,1151.4933429291111
0.0,20,0,0,1,1,1,1066210.0,916.6666666666666,-3.3333333333333712,3.3333333333333712,0.0,353.0,15,10,,,,,,,90,50.0,353.0,216.0,163.33333333333334,60.0,25.0,0.49251375038840095,243.33333333333334,230.0,372.83333333333337,15.0,48.0,4.87060546875,0.0002853589933402403,2.628278297763798,386.6666666666667,4374.0,1677.7376184429029
0.0,20,0,0,1,1,1,1067130.0,920.0,3.3333333333333712,26.66666666666663,0.0,368.0,15,10,,,,,,,90,50.0,368.0,159.0,166.66666666666666,126.66666666666667,20.0,2.684525961508866,176.66666666666666,203.0,378.9866666666667,-3.0,48.0,4.8583984375,0.0006082623714369192,2.423705462273051,390.0,4231.0,1539.855072463768
0.0,20,0,0,1,1,1,1068076.6666666667,946.6666666666666,26.66666666666663,-10.0,0.0015518953815593444,356.0,15,10,,,,,,,90,50.0,356.0,206.0,140.0,86.66666666666667,13.0,2.8115592279328645,250.0,246.0,368.2133333333333,-1.0,37.0,4.7119140625,0.0003881521219635733,2.5649818523916963,436.6666666666667,4271.0,1678.9604597306802
0.0,20,0,0,0,1,1,1069013.3333333333,936.6666666666666,-10.0,13.333333333333371,0.0754686603809658,330.0,15,8,,,,,,,90,50.0,330.0,208.0,,,,,170.0,211.0,369.75333333333333,-6.0,52.0,5.65185546875,0.0004911974935302895,2.595247511238303,,4275.0,2095.0888192267503
0.0,20,0,0,1,1,1,1069963.3333333333,950.0,13.333333333333371,-13.333333333333371,0.0777612880928663,366.0,15,8,,,,,,,90,50.0,366.0,252.0,166.66666666666666,126.66666666666667,28.0,1.950203704807807,250.0,237.0,371.0333333333333,-13.0,39.0,4.84619140625,0.0004961944839953775,2.540284538166666,420.0,4223.0,1600.312256049961
0.0,20,0,0,1,1,1,1070900.0,936.6666666666666,-13.333333333333371,-10.0,0.150418162491727,363.0,15,8,,,,,,,90,50.0,363.0,148.0,170.0,123.33333333333333,13.0,2.5298447724971087,190.0,210.0,369.75333333333333,4.0,39.0,4.91943359375,0.0004664644147807343,2.6096979657430897,400.0,4177.0,1522.038567493113
0.0,20,0,0,1,1,1,1071826.6666666667,926.6666666666666,-10.0,-46.66666666666663,0.15102360443002574,335.0,14,8,,,,,,,90,46.666666666666664,335.0,175.0,133.33333333333334,93.33333333333333,16.0,1.622575138517485,166.66666666666666,210.0,367.96000000000004,-5.0,43.0,4.72412109375,0.0004893813688066519,2.5341143969946516,430.0,4272.0,1534.1895175286359
0.0,20,0,0,1,1,1,1072706.6666666667,880.0,-46.66666666666663,-83.33333333333337,0.08256002962901998,362.0,15,9,,,,,,,90,50.0,362.0,199.0,133.33333333333334,90.0,28.0,3.2585251359720537,160.0,237.0,385.1466666666667,-47.0,50.0,4.89501953125,0.0006034509543104024,2.654592782622636,383.3333333333333,4311.0,1859.2361277924576
0.0,20,0,0,0,1,1,1073503.3333333333,796.6666666666666,-83.33333333333337,3.3333333333333712,0.369205746814855,324.0,15,8,,,,,,,90,50.0,324.0,144.0,,,,,210.0,235.0,394.6466666666667,2.0,52.0,4.91943359375,0.0013270070117973876,2.5556025202329082,,4201.0,1729.830605799598
0.0,20,0,0,1,1,1,1074303.3333333333,800.0,3.3333333333333712,3.3333333333333712,0.5863227225456328,338.0,15,8,,,,,,,90,50.0,338.0,190.0,153.33333333333334,106.66666666666667,24.0,4.967746741772572,166.66666666666666,199.0,387.4666666666667,-12.0,30.0,5.31005859375,0.000490020670229389,2.809963149131711,280.0,4195.0,1690.61707523246
0.0,20,0,0,0,1,1,1075106.6666666667,803.3333333333334,3.3333333333333712,16.66666666666663,0.7606508981394406,390.0,15,10,,,,,,,90,50.0,390.0,160.0,,,,,186.66666666666666,208.0,390.2866666666667,-14.0,58.0,4.91943359375,0.0010162046532559768,2.517144573764732,,4082.0,1485.613623018203
0.0,20,0,0,1,1,1,1075926.6666666667,820.0,16.66666666666663,33.33333333333337,0.8443443740001185,299.0,16,9,,,,,,,90,53.333333333333336,299.0,167.0,146.66666666666666,103.33333333333333,23.0,3.747110123562173,243.33333333333334,239.0,384.3866666666667,-1.0,37.0,5.615234375,0.00048682899548496483,2.768290411125962,313.3333333333333,4241.0,1547.712232263574
0.0,20,0,0,1,1,1,1076780.0,853.3333333333334,33.33333333333337,36.66666666666663,0.8277242659858419,340.0,15,8,,,,,,,90,50.0,340.0,166.0,153.33333333333334,106.66666666666667,16.0,4.426805215145226,166.66666666666666,189.0,379.25333333333333,-8.0,51.0,5.45654296875,0.00038977015966000993,2.668376008222945,343.3333333333333,4063.0,2098.800685322673
0.0,20,0,0,1,1,1,1077670.0,890.0,36.66666666666663,30.0,0.8363348461701439,343.0,17,10,,,,,,,90,56.666666666666664,343.0,194.0,146.66666666666666,100.0,22.0,3.197618466706821,193.33333333333334,198.0,383.6066666666667,32.0,51.0,5.322265625,0.00026801084941440215,2.6467385456309342,376.6666666666667,3945.0,1818.9323769963103
0.0,20,0,0,1,1,1,1078590.0,920.0,30.0,0.0,0.802027525584678,330.0,17,10,,,,,,,90,56.666666666666664,330.0,183.0,146.66666666666666,100.0,18.0,4.4812449688888165,166.66666666666666,184.0,375.65333333333336,22.0,38.0,4.82177734375,0.00043766807396924945,2.681015560414316,403.3333333333333,3688.0,1435.0112697220136
0.0,20,0,0,1,1,1,1079510.0,920.0,0.0,-10.0,0.7771739130434782,328.0,16,10,,,,,,,90,53.333333333333336,328.0,176.0,130.0,80.0,18.0,2.2075450580992335,250.0,226.0,375.65333333333336,15.0,44.0,4.67529296875,0.0003774191957752178,2.6343717193770217,423.3333333333333,3760.0,1476.3779527559059
0.0,20,0,0,0,1,1,1080420.0,910.0,-10.0,23.33333333333337,0.8153946510110893,339.0,16,10,,,,,,,90,53.333333333333336,339.0,170.0,,,,,180.0,187.0,373.85999999999996,0.0,54.0,6.21337890625,0.0003821513325532393,2.823574104925817,,3740.0,1715.6197404853685
0.0,20,0,0,1,1,1,1081353.3333333333,933.3333333333334,23.33333333333337,-23.33333333333337,0.8229688595068987,311.0,16,10,,,,,,,90,53.333333333333336,311.0,146.0,133.33333333333334,83.33333333333333,9.0,2.546908115377814,170.0,176.0,373.59999999999997,0.0,54.0,4.84619140625,0.0002762762878467921,2.7721324468993855,436.6666666666667,3899.0,1656.807638496846
0.0,20,0,0,1,1,1,1082263.3333333333,910.0,-23.33333333333337,3.3333333333333712,0.762626211064716,367.0,15,10,,,,,,,90,50.0,367.0,150.0,126.66666666666667,86.66666666666667,11.0,1.7725188015899853,246.66666666666666,224.0,373.85999999999996,0.0,51.0,4.87060546875,0.000284389329940821,2.7444050316692765,416.6666666666667,3907.0,1634.8773841961852
0.0,20,0,0,1,1,1,1083176.6666666667,913.3333333333334,3.3333333333333712,-6.6666666666667425,0.6231882541310421,341.0,15,10,,,,,,,90,50.0,341.0,194.0,173.33333333333334,73.33333333333333,11.0,-0.6317538828014637,190.0,189.0,380.0133333333334,6.0,55.0,5.2001953125,0.00028125450490992733,2.7270747034652825,376.6666666666667,3953.0,1463.680481665066
0.0,20,0,0,1,1,1,1084083.3333333333,906.6666666666666,-6.6666666666667425,6.6666666666667425,0.38561416682310246,329.0,15,9,,,,,,,90,50.0,329.0,146.0,130.0,96.66666666666667,18.0,3.6242970816026627,193.33333333333334,190.0,377.7066666666667,10.0,44.0,5.2001953125,0.00022404111665367174,2.656874995405947,410.0,3948.0,1438.2089109644894
0.0,20,0,0,1,1,1,1084996.6666666667,913.3333333333334,6.6666666666667425,-6.6666666666667425,0.11579179532421703,350.0,14,9,,,,,,,90,46.666666666666664,350.0,153.0,176.66666666666666,133.33333333333334,17.0,0.9852399188715264,190.0,195.0,373.34666666666664,14.0,42.0,5.029296875,0.0002725373244286183,2.708564784070246,370.0,3952.0,1791.5057915057914
0.0,20,0,0,1,1,1,1085903.3333333333,906.6666666666666,-6.6666666666667425,-6.666666666666629,0.0,340.0,15,10,,,,,,,90,50.0,340.0,125.0,136.66666666666666,93.33333333333333,11.0,2.6439174247657693,170.0,188.0,377.7066666666667,-12.0,41.0,4.69970703125,0.00046251844157468126,2.7259900166264157,403.3333333333333,3752.0,1195.9163830821587
0.0,20,0,0,1,1,1,1086803.3333333333,900.0,-6.666666666666629,-20.0,0.0007879309982560461,254.0,17,10,,,,,,,90,56.666666666666664,254.0,158.0,130.0,100.0,27.0,1.6328176841670778,250.0,212.0,382.06666666666666,-6.0,35.0,4.8095703125,0.0003964322221947521,2.5612718323834827,403.3333333333333,3642.0,2098.6529576364937
0.0,20,0,0,0,1,1,1087683.3333333333,880.0,-20.0,-6.666666666666629,0.042876198945563104,289.0,16,10,,,,,,,90,53.333333333333336,289.0,176.0,,,,,180.0,176.0,388.48,-10.0,54.0,4.79736328125,0.0002533270373957002,2.762410771294985,,3503.0,1920.075988873058
0.0,20,0,0,0,1,1,1088556.6666666667,873.3333333333334,-6.666666666666629,-3.3333333333333712,0.20538826229082327,305.0,17,11,,,,,,,90,56.666666666666664,305.0,143.0,,,,,153.33333333333334,181.0,389.50666666666666,-10.0,55.0,6.982421875,0.0003554729061274524,2.7828759193606083,,3593.0,1835.1853889316758
0.0,20,0,0,1,1,1,1089426.6666666667,870.0,-3.3333333333333712,-10.0,0.32963257827751297,309.0,17,10,,,,,,,90,56.666666666666664,309.0,145.0,180.0,143.33333333333334,14.0,2.2430162097050736,173.33333333333334,175.0,390.02,-3.0,35.0,5.5419921875,0.0002217877616643911,2.8080195640600927,320.0,3553.0,1163.0258899676376
0.0,20,0,0,0,1,1,1090286.6666666667,860.0,-10.0,-10.0,0.45248497191472586,304.0,17,10,,,,,,,90,56.666666666666664,304.0,143.0,,,,,250.0,213.0,388.22666666666674,4.0,47.0,4.1748046875,0.0005499506266528407,2.653245173379778,,3601.0,1628.9653929343904
0.0,20,0,0,1,1,1,1091136.6666666667,850.0,-10.0,-3.3333333333333712,0.4992855481341176,317.0,17,10,,,,,,,90,56.666666666666664,317.0,137.0,130.0,110.0,19.0,2.038193170671322,173.33333333333334,178.0,389.7666666666667,7.0,38.0,5.37109375,0.00033161636550814455,2.6551070020115564,350.0,3644.0,1135.646687697161
0.0,20,0,0,1,1,1,1091983.3333333333,846.6666666666666,-3.3333333333333712,0.0,0.544580527324272,325.0,17,11,,,,,,,90,56.666666666666664,325.0,137.0,130.0,86.66666666666667,13.0,2.782118698946931,166.66666666666666,175.0,386.94666666666666,2.0,38.0,5.35888671875,0.00033479905676396375,2.6799759548623765,343.3333333333333,3586.0,932.0388349514564
0.0,20,0,0,1,1,1,1092830.0,846.6666666666666,0.0,6.6666666666667425,0.4614735658042744,280.0,17,11,,,,,,,90,56.666666666666664,280.0,164.0,126.66666666666667,90.0,10.0,2.570062078014029,173.33333333333334,174.0,390.28000000000003,1.0,42.0,5.48095703125,0.00022670226075415732,2.6955929015934643,353.3333333333333,3602.0,1647.5741239892184
0.0,20,0,0,1,1,1,1093683.3333333333,853.3333333333334,6.6666666666667425,16.66666666666663,0.33318712463728994,317.0,17,11,,,,,,,90,56.666666666666664,317.0,151.0,126.66666666666667,90.0,12.0,2.8811264020537433,173.33333333333334,175.0,389.25333333333333,-2.0,42.0,5.615234375,0.00024140799103600254,2.6931967932620067,356.6666666666667,3465.0,1432.8252601786608
0.0,20,0,0,0,1,1,1094553.3333333333,870.0,16.66666666666663,-3.3333333333333712,0.12299882858258492,292.0,17,11,,,,,,,90,56.666666666666664,292.0,124.0,,,,,173.33333333333334,178.0,390.02,5.0,52.0,4.40673828125,0.0002254069586747362,2.7658811269454797,,3508.0,1630.13698630137
0.0,20,0,0,1,1,1,1095420.0,866.6666666666666,-3.3333333333333712,0.0,0.0,308.0,17,11,,,,,,,90,56.666666666666664,308.0,127.0,126.66666666666667,106.66666666666667,18.0,1.8757954703793391,166.66666666666666,184.0,383.8666666666667,8.0,42.0,5.17578125,0.0002790862522059907,2.6926444980222595,366.6666666666667,3556.0,1275.0885478158204
0.0,20,0,0,1,1,1,1096286.6666666667,866.6666666666666,0.0,-3.3333333333332575,0.0,335.0,17,11,,,,,,,90,56.666666666666664,335.0,104.0,130.0,110.0,15.0,2.6077561608900446,170.0,177.0,383.8666666666667,6.0,32.0,4.9560546875,0.0005248124987700809,2.68390727183054,370.0,3768.0,1008.471157724889
0.0,20,0,0,0,1,1,1097150.0,863.3333333333334,-3.3333333333332575,3.3333333333332575,0.0,322.0,17,11,,,,,,,90,56.666666666666664,322.0,156.0,,,,,166.66666666666666,173.0,387.71333333333337,1.0,44.0,4.23583984375,0.0005628407759836496,2.5646533773192006,,3968.0,1725.7909875359537
0.0,20,0,0,1,1,1,1098016.6666666667,866.6666666666666,3.3333333333332575,-3.3333333333332575,0.0,338.0,17,11,,,,,,,90,56.666666666666664,338.0,171.0,130.0,90.0,9.0,2.778471509341184,183.33333333333334,176.0,380.53333333333336,1.0,40.0,4.89501953125,0.0003758702190157617,2.654003134701476,366.6666666666667,3940.0,1581.4954276492738
0.0,20,0,0,0,1,1,1098880.0,863.3333333333334,-3.3333333333332575,13.333333333333258,0.0,339.0,16,9,,,,,,,90,53.333333333333336,339.0,121.0,,,,,190.0,191.0,407.7133333333333,-18.0,60.0,4.3701171875,0.0005347449528866256,2.5456353370935307,,3625.0,1513.7401024685607
0.0,20,0,0,0,1,1,1099756.6666666667,876.6666666666666,13.333333333333258,-13.333333333333258,0.0,301.0,17,10,,,,,,,90,56.666666666666664,301.0,110.0,,,,,166.66666666666666,199.0,402.32666666666665,3.0,37.0,4.1015625,0.0004915390058946208,2.752224656292476,,3535.0,1230.381486997365
0.0,20,0,0,1,1,1,1100620.0,863.3333333333334,-13.333333333333258,6.666666666666629,0.0,323.0,16,9,,,,,,,90,53.333333333333336,323.0,133.0,133.33333333333334,86.66666666666667,7.0,3.528882375472392,180.0,209.0,401.0466666666667,-14.0,19.0,5.26123046875,0.00041602589796050444,2.824086324200299,346.6666666666667,3624.0,1000.2381519409382
0.0,20,0,0,1,1,1,1101490.0,870.0,6.666666666666629,-6.666666666666629,0.0,325.0,16,9,,,,,,,90,53.333333333333336,325.0,125.0,140.0,100.0,24.0,2.758437858921198,183.33333333333334,208.0,400.02,6.0,21.0,5.46875,0.00045886187040055005,2.8349603967795187,346.6666666666667,3930.0,949.7041420118343
0.0,20,0,0,1,1,1,1102353.3333333333,863.3333333333334,-6.666666666666629,30.0,0.0,336.0,16,9,,,,,,,90,53.333333333333336,336.0,189.0,153.33333333333334,100.0,19.0,4.186439836032115,170.0,189.0,384.38,-8.0,33.0,5.31005859375,0.0005309570813696486,2.9017911080667522,326.6666666666667,4017.0,1767.4927113702624
0.0,20,0,0,1,1,1,1103246.6666666667,893.3333333333334,30.0,13.333333333333258,0.0033071334869313102,328.0,16,10,,,,,,,90,53.333333333333336,328.0,161.0,150.0,106.66666666666667,27.0,3.7863978847646713,176.66666666666666,181.0,383.09333333333336,1.0,40.0,4.99267578125,0.0004190523542045909,2.647935137110727,373.3333333333333,3781.0,1755.770905923345
0.0,20,0,0,1,1,1,1104153.3333333333,906.6666666666666,13.333333333333258,-3.3333333333332575,0.1638636654303619,313.0,16,10,,,,,,,90,53.333333333333336,313.0,179.0,146.66666666666666,126.66666666666667,20.0,2.471896002477772,193.33333333333334,183.0,381.04,2.0,28.0,4.931640625,0.0002691472788445017,2.6222758805236044,390.0,3711.0,1245.1871876792004
0.0,20,0,0,0,1,1,1105056.6666666667,903.3333333333334,-3.3333333333332575,-6.6666666666667425,0.35690649522548934,327.0,17,11,,,,,,,90,56.666666666666664,327.0,188.0,,,,,170.0,186.0,381.55333333333334,4.0,59.0,6.23779296875,0.0003302703624121848,2.794398013168668,,3860.0,1782.9323178120133
0.0,20,0,0,0,1,1,1105953.3333333333,896.6666666666666,-6.6666666666667425,13.333333333333371,0.4737125142351006,344.0,17,11,,,,,,,90,56.666666666666664,344.0,125.0,,,,,190.0,191.0,385.91333333333336,5.0,34.0,3.89404296875,0.0007154680848840033,2.6385929867042144,,3886.0,1385.413600235502
0.0,20,0,0,0,1,1,1106863.3333333333,910.0,13.333333333333371,-3.3333333333333712,0.43959311091762415,322.0,17,12,,,,,,,90,56.666666666666664,322.0,126.0,,,,,166.66666666666666,176.0,383.85999999999996,7.0,38.0,3.94287109375,0.000511194395088679,2.613889184001453,,3797.0,1630.4347826086955
0.0,20,0,0,0,1,1,1107770.0,906.6666666666666,-3.3333333333333712,13.333333333333371,0.5078865013658771,346.0,17,10,,,,,,,90,56.666666666666664,346.0,141.0,,,,,170.0,174.0,381.04,-1.0,43.0,4.052734375,0.0005005170507115424,2.575560510554536,,3595.0,1263.1128238064655
0.0,20,0,0,1,1,1,1108690.0,920.0,13.333333333333371,-10.0,0.3914289914730962,321.0,17,11,,,,,,,90,56.666666666666664,321.0,140.0,136.66666666666666,116.66666666666667,19.0,2.1176664985295286,166.66666666666666,170.0,378.9866666666667,8.0,32.0,4.736328125,0.0003982092417546946,2.5354262365947156,410.0,3655.0,1261.3023326494947
0.0,20,0,0,1,1,1,1109600.0,910.0,-10.0,3.3333333333333712,0.2663622526636225,321.0,17,11,,,,,,,90,56.666666666666664,321.0,143.0,146.66666666666666,106.66666666666667,13.0,3.3230459430145665,190.0,191.0,383.85999999999996,4.0,43.0,4.94384765625,0.0004307740689297309,2.6452329677816575,393.3333333333333,3566.0,1227.6255346111197
0.0,20,0,0,1,1,1,1110513.3333333333,913.3333333333334,3.3333333333333712,-10.0,0.0,307.0,16,9,,,,,,,90,53.333333333333336,307.0,140.0,133.33333333333334,93.33333333333333,7.0,3.0250867942807336,176.66666666666666,180.0,373.34666666666664,1.0,31.0,5.0048828125,0.0003828446169409447,2.7147319321724344,413.3333333333333,3532.0,1355.4691604497216
0.0,20,0,0,1,1,1,1111416.6666666667,903.3333333333334,-10.0,-20.0,0.0,304.0,16,10,,,,,,,90,53.333333333333336,304.0,133.0,140.0,100.0,22.0,3.350710403732709,170.0,177.0,378.22,4.0,44.0,5.1025390625,0.00037450551808507193,2.5491327277999565,396.6666666666667,3521.0,1310.2609464838565
0.0,20,0,0,1,1,1,1112300.0,883.3333333333334,-20.0,16.66666666666663,0.0007910724833347396,329.0,16,10,,,,,,,90,53.333333333333336,329.0,132.0,143.33333333333334,106.66666666666667,21.0,3.944824196237505,186.66666666666666,184.0,381.29999999999995,3.0,30.0,4.96826171875,0.0003389804412201454,2.657421291090568,373.3333333333333,3633.0,895.570994355189
0.0,20,0,0,0,1,1,1113200.0,900.0,16.66666666666663,-10.0,0.04041601551974996,345.0,16,10,,,,,,,90,53.333333333333336,345.0,165.0,,,,,170.0,189.0,382.06666666666666,9.0,52.0,3.7353515625,0.0004867352951364633,2.7929868892870844,,3736.0,1440.2173913043478
0.0,20,0,0,1,1,1,1114090.0,890.0,-10.0,16.66666666666663,0.04048518718445369,326.0,15,9,,,,,,,90,50.0,326.0,143.0,143.33333333333334,103.33333333333333,21.0,3.7811782457693717,250.0,214.0,380.27333333333337,-2.0,28.0,4.94384765625,0.0005114282984454845,2.5997873831022007,380.0,3724.0,1154.342912495964
0.0,20,0,0,1,1,1,1114996.6666666667,906.6666666666666,16.66666666666663,23.33333333333337,0.08022677434882601,330.0,16,9,,,,,,,90,53.333333333333336,330.0,141.0,153.33333333333334,100.0,12.0,3.8051120833007097,176.66666666666666,177.0,377.7066666666667,-2.0,37.0,4.99267578125,0.0004275419899166612,2.5492809694763716,386.6666666666667,3747.0,1026.6457680250785
0.0,20,0,0,1,1,1,1115926.6666666667,930.0,23.33333333333337,-6.666666666666629,0.07952839399888713,375.0,15,10,,,,,,,90,50.0,375.0,136.0,140.0,93.33333333333333,20.0,4.12759942026247,170.0,184.0,374.11333333333334,-18.0,36.0,4.91943359375,0.0004018576439394703,2.584706894902892,420.0,3924.0,806.3492063492064
0.0,20,0,0,1,1,1,1116850.0,923.3333333333334,-6.666666666666629,-10.0,0.11676021139743537,343.0,15,10,,,,,,,90,50.0,343.0,175.0,153.33333333333334,113.33333333333333,16.0,3.271816884968432,170.0,185.0,371.8066666666667,-11.0,28.0,4.96826171875,0.00040270376979572784,2.5809876945993677,403.3333333333333,3949.0,1416.7650531286897
0.0,20,0,0,1,1,1,1117763.3333333333,913.3333333333334,-10.0,6.666666666666629,0.19344055958485076,329.0,17,10,,,,,,,90,56.666666666666664,329.0,130.0,156.66666666666666,120.0,10.0,2.0340220418580426,166.66666666666666,176.0,376.68,8.0,40.0,4.91943359375,0.0003198367893599945,2.551203949489037,393.3333333333333,3796.0,1352.3260007212405
0.0,20,0,0,0,1,1,1118683.3333333333,920.0,6.666666666666629,-6.666666666666629,0.1970515253247701,380.0,17,11,,,,,,,90,56.666666666666664,380.0,134.0,,,,,246.66666666666666,223.0,378.9866666666667,6.0,56.0,5.21240234375,0.0003226808633032745,2.6442485881648414,,3713.0,1177.0334928229665
0.0,20,0,0,0,1,1,1119596.6666666667,913.3333333333334,-6.666666666666629,-3.3333333333333712,0.2694489884662373,326.0,17,12,,,,,,,90,56.666666666666664,326.0,132.0,,,,,170.0,189.0,383.3466666666667,8.0,51.0,4.21142578125,0.00034894971995511954,2.746710109411203,,3711.0,1482.6175869120655
0.0,20,0,0,0,1,1,1120506.6666666667,910.0,-3.3333333333333712,-10.0,0.15564222623132032,316.0,16,10,,,,,,,90,53.333333333333336,316.0,121.0,,,,,230.0,209.0,377.1933333333333,16.0,45.0,4.01611328125,0.0005644967313295411,2.645874146015186,,3629.0,1322.1247184903316
0.0,20,0,0,1,1,1,1121406.6666666667,900.0,-10.0,-6.666666666666629,0.11619508212165937,356.0,16,11,,,,,,,90,53.333333333333336,356.0,143.0,140.0,96.66666666666667,18.0,4.470120937686762,216.66666666666666,208.0,368.73333333333335,9.0,42.0,4.87060546875,0.0004058355318348887,2.5510688872217915,390.0,3597.0,1159.6081820800923
0.0,20,0,0,1,1,1,1122300.0,893.3333333333334,-6.666666666666629,0.0,0.040482187837351566,308.0,16,10,,,,,,,90,53.333333333333336,308.0,151.0,143.33333333333334,103.33333333333333,26.0,3.5239723761756583,226.66666666666666,210.0,379.76,4.0,54.0,4.8828125,0.00047046601817906167,2.5645365625925,396.6666666666667,3587.0,1252.3191094619665
0.0,20,0,0,1,1,1,1123193.3333333333,893.3333333333334,0.0,-10.0,0.07835820895522387,301.0,15,9,,,,,,,90,50.0,301.0,147.0,140.0,96.66666666666667,20.0,2.9349282268798653,250.0,217.0,379.76,17.0,31.0,4.82177734375,0.0004123936661826205,2.612388083658905,390.0,3492.0,1303.347814975722
0.0,20,0,0,0,1,1,1124076.6666666667,883.3333333333334,-10.0,-3.3333333333333712,0.0007997526098593501,312.0,15,10,,,,,,,90,50.0,312.0,136.0,,,,,250.0,231.0,384.6333333333333,9.0,48.0,4.28466796875,0.00045010212529475636,2.7027933413720358,,3621.0,1523.4765234765234
0.0,20,0,0,1,1,1,1124956.6666666667,880.0,-3.3333333333333712,0.0,0.04286037760262229,313.0,16,10,,,,,,,90,53.333333333333336,313.0,195.0,143.33333333333334,106.66666666666667,24.0,2.4011902346074514,166.66666666666666,191.0,381.81333333333333,1.0,27.0,5.078125,0.0004420946652784001,2.6513274746238116,366.6666666666667,3762.0,1629.3929712460063
0.0,20,0,0,1,1,1,1125836.6666666667,880.0,0.0,16.66666666666663,0.16233766233766234,334.0,16,10,,,,,,,90,53.333333333333336,334.0,146.0,143.33333333333334,103.33333333333333,22.0,3.799739547098241,170.0,187.0,381.81333333333333,1.0,36.0,4.8828125,0.00045038286601319376,2.518619337322439,370.0,3803.0,1003.3986081890274
0.0,20,0,0,1,1,1,1126733.3333333333,896.6666666666666,16.66666666666663,10.0,0.16065343214150485,327.0,16,10,,,,,,,90,53.333333333333336,327.0,153.0,133.33333333333334,93.33333333333333,24.0,3.608618001406736,190.0,188.0,382.58000000000004,8.0,41.0,5.01708984375,0.00040429331682652775,2.65546264654634,396.6666666666667,3898.0,1572.7391874180867
0.0,20,0,0,1,1,1,1127640.0,906.6666666666666,10.0,-26.66666666666663,0.07804950568646399,337.0,15,10,,,,,,,90,50.0,337.0,145.0,133.33333333333334,93.33333333333333,24.0,3.6200558967592738,246.66666666666666,211.0,374.37333333333333,20.0,39.0,5.01708984375,0.00027340812068914617,2.6388832953245265,403.3333333333333,3868.0,1375.775559751821
0.0,20,0,0,1,1,1,1128520.0,880.0,-26.66666666666663,-3.3333333333333712,0.0,359.0,16,10,,,,,,,90,53.333333333333336,359.0,139.0,156.66666666666666,103.33333333333333,10.0,1.9375447781650195,170.0,188.0,385.1466666666667,-6.0,47.0,5.52978515625,0.0003104956341237193,2.6925947612837873,360.0,3953.0,1044.5682451253483
0.0,20,0,0,1,1,1,1129396.6666666667,876.6666666666666,-3.3333333333333712,-13.333333333333258,0.0008117498078858788,352.0,15,10,,,,,,,90,50.0,352.0,157.0,140.0,100.0,24.0,3.332770224288881,170.0,187.0,385.6600000000001,-5.0,27.0,4.78515625,0.0004287493962374348,2.6609264127598222,366.6666666666667,4065.0,1185.4338842975208
0.0,20,0,0,1,1,1,1130260.0,863.3333333333334,-13.333333333333258,13.333333333333258,0.04238116972028428,325.0,15,10,,,,,,,90,50.0,325.0,137.0,156.66666666666666,113.33333333333333,23.0,4.0523232807078635,250.0,212.0,384.38,-8.0,35.0,5.6396484375,0.00013288850799733818,2.609503624170444,336.6666666666667,3942.0,1188.118811881188
0.0,20,0,0,1,1,1,1131136.6666666667,876.6666666666666,13.333333333333258,10.0,0.12489247667570963,335.0,17,11,,,,,,,90,56.666666666666664,335.0,138.0,136.66666666666666,96.66666666666667,21.0,3.6604388383305775,186.66666666666666,184.0,388.99333333333334,12.0,33.0,4.99267578125,0.0002799422097698377,2.760465230036125,370.0,3746.0,1315.0463896732554
0.0,20,0,0,0,1,1,1132023.3333333333,886.6666666666666,10.0,6.6666666666667425,0.1629177482594954,304.0,17,11,,,,,,,90,56.666666666666664,304.0,135.0,,,,,190.0,188.0,387.4533333333333,5.0,52.0,4.443359375,0.0002864334893074991,2.700504353990093,,3719.0,1512.3034859876964
0.0,25,1,0,1,1,1,1132916.6666666667,893.3333333333334,6.6666666666667425,0.0,0.16189831819060507,335.0,16,11,-59.0,4.0,1.0,,,,73,66.66666666666667,338.0,146.0,150.0,103.33333333333333,15.0,1.4641504646060053,190.0,199.0,383.09333333333336,49.0,32.0,5.06591796875,0.0004882708085008664,2.6552860429225165,370.0,3745.0,1399.3283224052454
0.0,20,0,0,1,1,1,1133810.0,893.3333333333334,0.0,6.666666666666629,0.19989339019189764,326.0,17,11,,,,,,,90,56.666666666666664,326.0,162.0,136.66666666666666,96.66666666666667,19.0,2.857250176149895,186.66666666666666,192.0,379.76,8.0,41.0,5.43212890625,0.00034268114888954664,2.677426277452365,386.6666666666667,3805.0,1293.1034482758619
0.0,20,0,0,1,1,1,1134710.0,900.0,6.666666666666629,20.0,0.1982646513313578,322.0,16,11,,,,,,,90,53.333333333333336,322.0,137.0,133.33333333333334,90.0,19.0,3.3710097822392964,173.33333333333334,177.0,385.4,4.0,48.0,4.98046875,0.0005244288220274421,2.5651472442322687,400.0,3728.0,1312.111801242236
0.0,20,0,0,1,1,1,1135630.0,920.0,20.0,0.0,0.12216792536650378,330.0,17,11,,,,,,,90,56.666666666666664,330.0,179.0,133.33333333333334,93.33333333333333,26.0,3.379448136800619,170.0,187.0,382.32,11.0,39.0,4.94384765625,0.00044339564221195594,2.6214156685408083,413.3333333333333,3662.0,1319.6480938416423
0.0,20,0,0,1,1,1,1136550.0,920.0,0.0,3.3333333333333712,0.2732919254658385,313.0,17,11,,,,,,,90,56.666666666666664,313.0,123.0,136.66666666666666,93.33333333333333,12.0,4.126915831905983,160.0,175.0,372.32,3.0,31.0,4.87060546875,0.0006013113266848672,2.6266519449126537,410.0,3774.0,1075.3526065612093
0.0,20,0,0,0,1,1,1137473.3333333333,923.3333333333334,3.3333333333333712,-10.0,0.3470245427349985,362.0,17,12,,,,,,,90,56.666666666666664,362.0,137.0,,,,,170.0,185.0,378.47333333333336,-1.0,62.0,4.77294921875,0.0005385824586949568,2.617277679452833,,3824.0,1384.5237701392796
0.0,20,0,0,0,1,1,1138386.6666666667,913.3333333333334,-10.0,10.0,0.22980738478680268,332.0,16,10,,,,,,,90,53.333333333333336,332.0,128.0,,,,,243.33333333333334,217.0,373.34666666666664,8.0,42.0,4.4189453125,0.000532087126807876,2.6546749909230782,,3887.0,1599.1237677984666
0.0,20,0,0,1,1,1,1139310.0,923.3333333333334,10.0,-3.3333333333333712,0.11493833467123987,344.0,16,10,,,,,,,90,53.333333333333336,344.0,132.0,156.66666666666666,126.66666666666667,18.0,3.07103927954366,230.0,213.0,378.47333333333336,15.0,44.0,4.6630859375,0.0005026507747373554,2.494453267067745,403.3333333333333,3724.0,1297.328464347492
0.0,20,0,0,0,1,1,1140230.0,920.0,-3.3333333333333712,10.0,0.0,355.0,15,10,,,,,,,90,50.0,355.0,143.0,,,,,173.33333333333334,194.0,378.9866666666667,-4.0,39.0,4.28466796875,0.0005059488959077786,2.6271107504286686,,3803.0,1387.9641485275288
0.0,20,0,0,0,1,1,1141160.0,930.0,10.0,6.666666666666629,0.0007762287701431366,336.0,15,9,,,,,,,90,50.0,336.0,155.0,,,,,250.0,218.0,374.11333333333334,14.0,39.0,5.615234375,0.0006221312672103391,2.5713449976049505,,3727.0,1674.7675401521556
0.0,20,0,0,0,1,1,1142096.6666666667,936.6666666666666,6.666666666666629,0.0,0.037629013761467885,318.0,15,10,,,,,,,90,50.0,318.0,135.0,,,,,170.0,183.0,373.0866666666667,1.0,43.0,5.60302734375,0.0005048318377888147,2.5944892820681718,,3601.0,1359.6004439511653
0.0,20,0,0,0,1,1,1143033.3333333333,936.6666666666666,0.0,-3.3333333333332575,0.0,315.0,15,10,,,,,,,90,50.0,315.0,136.0,,,,,186.66666666666666,197.0,373.0866666666667,18.0,42.0,5.57861328125,0.0004909186365397424,2.6067873720852925,,3662.0,1470.342522974102
0.0,20,0,0,0,1,1,1143966.6666666667,933.3333333333334,-3.3333333333332575,3.3333333333332575,0.0,335.0,14,10,,,,,,,90,46.666666666666664,335.0,130.0,,,,,193.33333333333334,202.0,376.93333333333334,23.0,39.0,5.6884765625,0.0004741787898346311,2.6592406536215574,,3749.0,1353.8191395961371
0.0,20,0,0,1,1,1,1144903.3333333333,936.6666666666666,3.3333333333332575,3.3333333333333712,0.0,342.0,15,10,,,,,,,90,50.0,342.0,153.0,156.66666666666666,116.66666666666667,10.0,2.844714691942089,206.66666666666666,210.0,373.0866666666667,31.0,30.0,4.6142578125,0.0005421181591028703,2.53900990320421,410.0,3806.0,1255.1704464413065
0.0,20,0,0,1,1,1,1145843.3333333333,940.0,3.3333333333333712,0.0,0.0,321.0,15,10,,,,,,,90,50.0,321.0,152.0,126.66666666666667,93.33333333333333,19.0,2.0824468355203205,170.0,183.0,375.9066666666667,28.0,40.0,4.7607421875,0.0005463180272962852,2.4514626709255674,446.6666666666667,3765.0,1283.3031106151484
0.0,20,0,0,1,1,1,1146783.3333333333,940.0,0.0,-6.666666666666629,0.0,327.0,15,10,,,,,,,90,50.0,327.0,119.0,130.0,73.33333333333333,7.0,0.9258677806200435,176.66666666666666,202.0,379.24,-1.0,42.0,4.6875,0.0004079542118865031,2.5819962444245097,440.0,3823.0,1223.2415902140672
0.0,20,0,0,0,1,1,1147716.6666666667,933.3333333333334,-6.666666666666629,3.3333333333332575,0.0,316.0,15,9,,,,,,,90,50.0,316.0,155.0,,,,,186.66666666666666,196.0,373.59999999999997,9.0,35.0,5.615234375,0.000635190028632909,2.646863348372861,,3820.0,1786.3830424687287
0.0,20,0,0,1,1,1,1148653.3333333333,936.6666666666666,3.3333333333332575,6.6666666666667425,0.0,331.0,15,10,,,,,,,90,50.0,331.0,139.0,156.66666666666666,56.666666666666664,4.0,-0.41546285189435395,253.33333333333334,215.0,376.42,15.0,29.0,4.91943359375,0.00045167773454272855,2.5393072862076487,410.0,3760.0,1164.247292019748
0.0,20,0,0,0,1,1,1149596.6666666667,943.3333333333334,6.6666666666667425,-13.333333333333371,0.0,352.0,15,10,,,,,,,90,50.0,352.0,169.0,,,,,170.0,195.0,372.06,2.0,40.0,5.3955078125,0.0004321189597783311,2.6005323153030346,,3935.0,1526.1627906976744
0.0,20,0,0,1,1,1,1150526.6666666667,930.0,-13.333333333333371,13.333333333333371,0.0,364.0,15,10,,,,,,,90,50.0,364.0,149.0,123.33333333333333,86.66666666666667,11.0,2.895937499312044,186.66666666666666,207.0,374.11333333333334,-14.0,39.0,4.7607421875,0.0005502409142163643,2.5617217162317942,440.0,4015.0,1192.5574425574425
0.0,20,0,0,1,1,1,1151470.0,943.3333333333334,13.333333333333371,-3.3333333333333712,0.0,332.0,15,10,,,,,,,90,50.0,332.0,138.0,126.66666666666667,86.66666666666667,16.0,2.743460943528998,246.66666666666666,227.0,372.06,15.0,45.0,4.8583984375,0.00044436304605073004,2.626253846871215,450.0,4035.0,1091.0307898259705
0.0,20,0,0,0,1,1,1152410.0,940.0,-3.3333333333333712,6.666666666666629,0.0,375.0,15,10,,,,,,,90,50.0,375.0,135.0,,,,,193.33333333333334,202.0,379.24,-14.0,46.0,5.55419921875,0.0004039059062774329,2.576726470462413,,3871.0,1316.2790697674418
0.0,20,0,0,0,1,1,1153356.6666666667,946.6666666666666,6.666666666666629,0.0,0.0,309.0,15,10,,,,,,,90,50.0,309.0,117.0,,,,,173.33333333333334,193.0,371.5466666666667,-1.0,40.0,5.40771484375,0.0004933737527209794,2.5288557881722955,,3729.0,1422.4429893881236
0.0,20,0,0,1,1,1,1154303.3333333333,946.6666666666666,0.0,3.3333333333333712,0.0,334.0,16,10,,,,,,,90,53.333333333333336,334.0,122.0,160.0,123.33333333333333,16.0,2.08997061503508,190.0,209.0,374.88000000000005,5.0,39.0,4.931640625,0.0003882552950181201,2.583377924514481,420.0,3703.0,791.2745936698033
0.0,20,0,0,1,1,1,1155253.3333333333,950.0,3.3333333333333712,-10.0,0.0,319.0,14,9,,,,,,,90,46.666666666666664,319.0,128.0,163.33333333333334,110.0,6.0,0.874429777182419,180.0,199.0,374.3666666666667,-3.0,30.0,4.87060546875,0.00041006907544576963,2.58793266652376,420.0,3787.0,1328.556500970294
0.0,20,0,0,0,1,1,1156193.3333333333,940.0,-10.0,10.0,0.0,303.0,14,8,,,,,,,90,46.666666666666664,303.0,153.0,,,,,176.66666666666666,186.0,365.9066666666667,-2.0,42.0,5.5908203125,0.0004118585465836633,2.6733671710432896,,3704.0,1669.3529818098089
0.0,25,1,0,0,1,1,1157143.3333333333,950.0,10.0,-16.66666666666663,0.0,348.0,14,9,-53.0,4.0,1.0,,,,75,60.0,353.0,144.0,,,,,190.0,197.0,367.7,30.0,53.0,4.08935546875,0.0005233452765756432,2.517800023964151,,3786.0,1448.6221993304148
0.0,20,0,0,1,1,1,1158076.6666666667,933.3333333333334,-16.66666666666663,10.0,0.0,279.0,13,8,,,,,,,90,43.333333333333336,279.0,149.0,163.33333333333334,123.33333333333333,17.0,2.005692134745429,186.66666666666666,204.0,370.26666666666665,22.0,50.0,4.638671875,0.0004932683975385816,2.5563041783354374,410.0,3840.0,1958.2131305184018
0.0,20,0,0,0,1,1,1159020.0,943.3333333333334,10.0,-6.6666666666667425,0.0,340.0,14,9,,,,,,,90,46.666666666666664,340.0,138.0,,,,,173.33333333333334,188.0,368.72666666666663,13.0,45.0,5.55419921875,0.00042383832938030103,2.58429009070117,,3617.0,1377.0826249574975
0.0,20,0,0,1,1,1,1159956.6666666667,936.6666666666666,-6.6666666666667425,-3.3333333333332575,0.0,289.0,13,9,,,,,,,90,43.333333333333336,289.0,159.0,166.66666666666666,120.0,10.0,2.3936188585723084,190.0,196.0,369.75333333333333,26.0,46.0,4.8095703125,0.0004992878553914336,2.4374447570467312,406.6666666666667,3669.0,1540.076011118044
0.0,20,0,0,0,1,1,1160890.0,933.3333333333334,-3.3333333333332575,3.3333333333332575,0.0,323.0,14,8,,,,,,,90,46.666666666666664,323.0,148.0,,,,,176.66666666666666,200.0,373.59999999999997,-1.0,47.0,3.6376953125,0.00046945362872303673,2.5645526833912835,,3674.0,1420.188638490892
0.0,20,0,0,1,1,1,1161826.6666666667,936.6666666666666,3.3333333333332575,6.6666666666667425,0.0,306.0,14,9,,,,,,,90,46.666666666666664,306.0,160.0,166.66666666666666,123.33333333333333,13.0,1.7882319005207385,193.33333333333334,208.0,379.75333333333333,3.0,35.0,4.79736328125,0.0004828157902369666,2.5607578896595404,400.0,4417.0,1519.607843137255
0.0,20,0,0,0,1,1,1162770.0,943.3333333333334,6.6666666666667425,-3.3333333333333712,0.0,356.0,14,9,,,,,,,90,46.666666666666664,356.0,457.0,,,,,200.0,199.0,382.05999999999995,10.0,107.0,11.99951171875,0.0009837338382923048,2.651982703334177,,4940.0,4183.914843287996
0.0,20,0,0,0,1,1,1163710.0,940.0,-3.3333333333333712,3.3333333333333712,0.0,311.0,14,9,,,,,,,90,46.666666666666664,311.0,174.0,,,,,250.0,239.0,372.5733333333334,3.0,71.0,5.517578125,0.0005943160003607323,2.9588439647879374,,4545.0,3778.6107041610376
0.0,20,0,0,1,1,1,1164653.3333333333,943.3333333333334,3.3333333333333712,3.3333333333332575,0.0,340.0,14,9,,,,,,,90,46.666666666666664,340.0,150.0,126.66666666666667,83.33333333333333,10.0,1.3900295247131247,246.66666666666666,214.0,368.72666666666663,-5.0,27.0,4.833984375,0.0003269739704704886,2.6112759754960777,450.0,3871.0,1320.2614379084966
0.0,20,0,0,1,1,1,1165600.0,946.6666666666666,3.3333333333332575,-10.0,0.0,303.0,14,9,,,,,,,90,46.666666666666664,303.0,177.0,170.0,130.0,16.0,1.6095019692812293,250.0,211.0,371.5466666666667,-7.0,36.0,4.69970703125,0.00038256464522948573,2.579551816988695,413.3333333333333,3827.0,1413.2864899393167
0.0,20,0,0,0,1,1,1166536.6666666667,936.6666666666666,-10.0,-13.333333333333258,0.0,337.0,14,9,,,,,,,90,46.666666666666664,337.0,123.0,,,,,173.33333333333334,189.0,373.0866666666667,-5.0,41.0,5.57861328125,0.00042850326371777304,2.5704732102476937,,3765.0,1509.7089905773335
0.0,20,0,0,1,1,1,1167460.0,923.3333333333334,-13.333333333333258,-3.3333333333333712,0.0,305.0,14,9,,,,,,,90,46.666666666666664,305.0,144.0,130.0,93.33333333333333,18.0,2.251917579641626,250.0,228.0,375.14000000000004,11.0,42.0,4.89501953125,0.0004268418121914238,2.62787218480472,426.6666666666667,3919.0,1360.1434426229507
0.0,20,0,0,1,1,1,1168380.0,920.0,-3.3333333333333712,0.0,0.0,323.0,13,8,,,,,,,90,43.333333333333336,323.0,169.0,130.0,80.0,4.0,2.674268025197204,190.0,197.0,372.32,4.0,32.0,4.833984375,0.0004403607861133635,2.5158353714480977,426.6666666666667,4029.0,1204.5278637770898
0.0,20,0,0,0,1,1,1169300.0,920.0,0.0,-10.0,0.0,300.0,14,9,,,,,,,90,46.666666666666664,300.0,167.0,,,,,230.0,211.0,378.9866666666667,6.0,57.0,4.26025390625,0.00023448519258541633,2.792999522915155,,4018.0,2783.132530120482
0.0,20,0,0,0,1,1,1170210.0,910.0,-10.0,13.333333333333371,0.0015531326685925512,331.0,16,10,,,,,,,90,53.333333333333336,331.0,140.0,,,,,170.0,191.0,380.5266666666667,-4.0,41.0,4.04052734375,0.000414986352698744,2.6293435635932703,,3800.0,1570.6216809592615
0.0,20,0,0,0,1,1,1171133.3333333333,923.3333333333334,13.333333333333371,-6.6666666666667425,0.07846994078135135,346.0,16,10,,,,,,,90,53.333333333333336,346.0,138.0,,,,,250.0,213.0,378.47333333333336,-1.0,41.0,4.4677734375,0.000528606043512094,2.5393353041625852,,3770.0,1405.0421338533324
0.0,20,0,0,0,1,1,1172050.0,916.6666666666666,-6.6666666666667425,6.6666666666667425,0.07737063629611289,319.0,15,9,,,,,,,90,50.0,319.0,114.0,,,,,193.33333333333334,206.0,392.83333333333337,-10.0,41.0,4.296875,0.0004709640331538596,2.565879835978895,,3965.0,1293.8159019663722
0.0,20,0,0,0,1,1,1172973.3333333333,923.3333333333334,6.6666666666667425,0.0,0.07635253054101221,394.0,15,10,,,,,,,90,50.0,394.0,146.0,,,,,190.0,215.0,395.14,-28.0,36.0,3.82080078125,0.0003433638439490495,2.7931595716222386,,4075.0,1390.4215404987863
0.0,20,0,0,1,1,1,1173896.6666666667,923.3333333333334,0.0,10.0,0.0,332.0,16,10,,,,,,,90,53.333333333333336,332.0,162.0,133.33333333333334,103.33333333333333,21.0,3.027990524759213,180.0,198.0,395.14,6.0,25.0,5.13916015625,0.0003238835154781531,2.789702077266228,403.3333333333333,4075.0,1418.8987354376184
0.0,20,0,0,1,1,1,1174830.0,933.3333333333334,10.0,13.333333333333258,0.0,345.0,16,10,,,,,,,90,53.333333333333336,345.0,151.0,130.0,110.0,23.0,1.926250499037863,186.66666666666666,215.0,396.9333333333333,-6.0,27.0,4.79736328125,0.00031834315257759385,2.642648605161819,416.6666666666667,3816.0,1043.4782608695652
0.0,20,0,0,0,1,1,1175776.6666666667,946.6666666666666,13.333333333333258,-13.333333333333258,0.0015301750520259518,356.0,16,10,,,,,,,90,53.333333333333336,356.0,154.0,,,,,173.33333333333334,191.0,378.21333333333337,-6.0,41.0,4.345703125,0.0006367681860839284,2.6160483380647257,,3905.0,1332.1671264213148
0.0,20,0,0,0,1,1,1176710.0,933.3333333333334,-13.333333333333258,10.0,0.07547397657287766,336.0,16,10,,,,,,,90,53.333333333333336,336.0,136.0,,,,,170.0,186.0,376.93333333333334,7.0,39.0,4.6142578125,0.0005162240159005744,2.4955928295298695,,3935.0,1392.4319727891157
0.0,20,0,0,0,1,1,1177653.3333333333,943.3333333333334,10.0,-6.6666666666667425,0.07574907417798227,371.0,15,10,,,,,,,90,50.0,371.0,134.0,,,,,173.33333333333334,180.0,372.06,-23.0,42.0,5.5419921875,0.0005032923118551935,2.638890281533312,,3893.0,1217.6393154892496
0.0,20,0,0,1,1,1,1178590.0,936.6666666666666,-6.6666666666667425,-6.666666666666629,0.03786501878104931,327.0,15,10,,,,,,,90,50.0,327.0,141.0,136.66666666666666,100.0,19.0,3.499540743757125,173.33333333333334,182.0,373.0866666666667,-20.0,39.0,4.74853515625,0.0004338875701877533,2.4920523121710425,433.3333333333333,3907.0,1284.4036697247707
0.0,20,0,0,1,1,1,1179520.0,930.0,-6.666666666666629,-20.0,0.03737186788154897,325.0,15,10,,,,,,,90,50.0,325.0,153.0,140.0,103.33333333333333,22.0,3.4624694527139113,170.0,189.0,370.78,-20.0,33.0,4.6630859375,0.00041551415722840984,2.469235691030236,423.3333333333333,3836.0,1133.8582677165357
0.0,20,0,0,0,1,1,1180430.0,910.0,-20.0,-10.0,0.0015367592820260633,339.0,15,10,,,,,,,90,50.0,339.0,140.0,,,,,170.0,191.0,377.1933333333333,-6.0,44.0,4.13818359375,0.0004594877211383991,2.6210667925163986,,3771.0,1392.1864882365637
0.0,20,0,0,0,1,1,1181330.0,900.0,-10.0,-40.0,0.08322080206010739,298.0,16,10,,,,,,,90,53.333333333333336,298.0,131.0,,,,,180.0,187.0,378.73333333333335,-8.0,45.0,4.0283203125,0.0005022412837366939,2.6047036775918304,,3720.0,1711.4093959731542
0.0,20,0,0,0,1,1,1182190.0,860.0,-40.0,-43.33333333333337,0.322508896797153,312.0,16,10,,,,,,,90,53.333333333333336,312.0,144.0,,,,,186.66666666666666,198.0,384.8933333333334,-6.0,57.0,4.2236328125,0.0008294945331707196,2.6029222423972085,,3646.0,1630.7172557172557
0.0,20,0,0,1,1,1,1183006.6666666667,816.6666666666666,-43.33333333333337,20.0,0.5853074526931903,295.0,16,10,,,,,,,90,53.333333333333336,295.0,161.0,156.66666666666666,116.66666666666667,19.0,3.4568215285639354,163.33333333333334,192.0,388.2333333333333,0.0,37.0,5.62744140625,0.0003640905754958737,2.786829506785018,293.3333333333333,3672.0,1652.5423728813562
0.0,20,0,0,0,1,1,1183843.3333333333,836.6666666666666,20.0,10.0,0.7885350615442,302.0,16,10,,,,,,,90,53.333333333333336,302.0,142.0,,,,,226.66666666666666,228.0,385.15333333333336,7.0,58.0,4.6630859375,0.0006267657525408805,2.7241655205874737,,3572.0,1748.9040201473742
0.0,20,0,0,1,1,1,1184690.0,846.6666666666666,10.0,6.6666666666667425,0.8535239157401191,303.0,16,9,,,,,,,90,53.333333333333336,303.0,153.0,156.66666666666666,120.0,25.0,4.546343809309409,220.0,217.0,383.6133333333333,8.0,47.0,5.50537109375,0.0003215310463535686,2.6098317124239587,330.0,3796.0,1210.1210121012102
0.0,20,0,0,0,1,1,1185543.3333333333,853.3333333333334,6.6666666666667425,-16.666666666666742,0.8426681962345638,359.0,16,11,,,,,,,90,53.333333333333336,359.0,157.0,,,,,263.3333333333333,240.0,382.58666666666664,-13.0,52.0,4.248046875,0.0008317378780502705,2.628894120005362,,4091.0,1584.8621650177697
0.0,20,0,0,1,1,1,1186380.0,836.6666666666666,-16.666666666666742,-30.0,0.7921621168983419,356.0,16,10,,,,,,,90,53.333333333333336,356.0,211.0,170.0,110.0,22.0,2.8098551032072336,156.66666666666666,197.0,378.4866666666666,-7.0,56.0,5.7373046875,0.00034047515260249344,2.810973663080066,306.6666666666667,4246.0,2060.942843185149
0.0,20,0,0,1,1,1,1187186.6666666667,806.6666666666666,-30.0,26.666666666666742,0.6407554649321654,340.0,16,11,,,,,,,90,53.333333333333336,340.0,170.0,140.0,96.66666666666667,15.0,2.923008685801433,216.66666666666666,252.0,426.44,5.0,67.0,6.201171875,0.0003346365519289691,2.804860895464035,306.6666666666667,4109.0,1755.1150895140663
0.0,20,0,0,1,1,1,1188020.0,833.3333333333334,26.666666666666742,-53.33333333333337,0.6574755769503043,353.0,16,11,,,,,,,90,53.333333333333336,353.0,179.0,166.66666666666666,130.0,31.0,5.067560650078956,253.33333333333334,242.0,395.6666666666667,15.0,17.0,5.810546875,0.0003965497840643884,3.0467546882350574,266.6666666666667,4324.0,1030.453257790368
0.0,20,0,0,1,1,1,1188800.0,780.0,-53.33333333333337,-10.0,0.34672952808165874,341.0,15,11,,,,,,,90,50.0,341.0,228.0,166.66666666666666,120.0,28.0,3.4969542053415363,173.33333333333334,223.0,403.88,-3.0,31.0,6.43310546875,0.0003230024839769216,2.858493704295732,240.0,4550.0,1967.2531769305963
0.0,20,0,0,1,1,1,1189570.0,770.0,-10.0,-10.0,0.5523394276920822,368.0,16,10,,,,,,,90,53.333333333333336,368.0,194.0,143.33333333333334,90.0,17.0,3.719119756107199,250.0,252.0,402.0866666666667,-6.0,33.0,5.99365234375,0.0003441013830030227,2.897430328187002,256.6666666666667,4679.0,1746.894409937888
0.0,20,0,0,1,1,1,1190330.0,760.0,-10.0,-10.0,0.6977693649556471,374.0,16,10,,,,,,,90,53.333333333333336,374.0,191.0,143.33333333333334,93.33333333333333,17.0,4.3706475008067365,240.0,261.0,393.62666666666667,-10.0,40.0,5.4931640625,0.0004538921931870721,2.875724195314813,246.66666666666666,4647.0,1604.2780748663104
0.0,20,0,0,1,1,1,1191080.0,750.0,-10.0,10.0,0.8000225623284322,370.0,16,10,,,,,,,90,53.333333333333336,370.0,204.0,173.33333333333334,130.0,19.0,4.186089924761308,183.33333333333334,236.0,401.8333333333333,9.0,53.0,6.77490234375,0.00037961997519975926,2.916795681866324,216.66666666666666,4450.0,2070.6860706860707
0.0,20,0,0,1,1,1,1191840.0,760.0,10.0,-6.666666666666629,0.8550100925467495,317.0,16,11,,,,,,,90,53.333333333333336,317.0,192.0,176.66666666666666,136.66666666666666,29.0,4.089841539958666,180.0,227.0,393.62666666666667,15.0,34.0,6.53076171875,0.00043348139753842865,2.88757811332671,213.33333333333334,4465.0,1937.1056782334385
0.0,20,0,0,0,1,1,1192593.3333333333,753.3333333333334,-6.666666666666629,13.333333333333258,0.7482515729576616,385.0,16,10,,,,,,,90,53.333333333333336,385.0,167.0,,,,,253.33333333333334,260.0,387.9866666666666,-3.0,63.0,5.28564453125,0.0008402162050704712,2.666599363664666,,4410.0,1709.0472552657423
0.0,20,0,0,1,1,1,1193360.0,766.6666666666666,13.333333333333258,10.0,0.5649074916590839,347.0,16,10,,,,,,,90,53.333333333333336,347.0,223.0,150.0,100.0,22.0,3.239514707923817,170.0,226.0,385.93333333333334,14.0,71.0,5.72509765625,0.0004703769433806606,2.7864333621462847,263.3333333333333,4439.0,2659.3222193849633
0.0,20,0,0,1,1,1,1194136.6666666667,776.6666666666666,10.0,-10.0,0.3660535760857416,344.0,16,11,,,,,,,90,53.333333333333336,344.0,172.0,136.66666666666666,93.33333333333333,28.0,3.366910159256891,183.33333333333334,224.0,394.3933333333333,3.0,64.0,5.5908203125,0.0005264365385524762,2.7975470815979975,283.3333333333333,4269.0,1580.027359781122
0.0,20,0,0,1,1,1,1194903.3333333333,766.6666666666666,-10.0,6.6666666666667425,0.04507598523224864,365.0,16,10,,,,,,,90,53.333333333333336,365.0,198.0,140.0,93.33333333333333,16.0,4.495016319502518,223.33333333333334,251.0,395.93333333333334,25.0,31.0,5.48095703125,0.0004581804239930266,2.8757370705303766,266.6666666666667,4329.0,1972.6027397260273
0.0,20,0,0,1,1,1,1195676.6666666667,773.3333333333334,6.6666666666667425,-6.6666666666667425,0.0,359.0,16,10,,,,,,,90,53.333333333333336,359.0,201.0,180.0,133.33333333333334,21.0,3.865612053987668,190.0,242.0,384.90666666666664,9.0,39.0,6.55517578125,0.00025944672898767907,2.8837844145193934,230.0,4464.0,2046.748213636914
0.0,20,0,0,1,1,1,1196443.3333333333,766.6666666666666,-6.6666666666667425,13.333333333333371,0.0,373.0,16,10,,,,,,,90,53.333333333333336,373.0,192.0,146.66666666666666,100.0,27.0,4.687161023185325,153.33333333333334,188.0,389.26666666666665,0.0,64.0,5.67626953125,0.0003812944328450047,2.8285794526076353,266.6666666666667,4409.0,1668.900804289544
0.0,20,0,0,1,1,1,1197223.3333333333,780.0,13.333333333333371,-10.0,0.0,362.0,16,10,,,,,,,90,53.333333333333336,362.0,172.0,146.66666666666666,103.33333333333333,24.0,4.191718852992011,190.0,183.0,397.2133333333333,21.0,51.0,5.908203125,0.00039823307257561225,2.8212336051727447,276.6666666666667,4310.0,1996.9380283565197
0.0,20,0,0,1,1,1,1197993.3333333333,770.0,-10.0,-16.66666666666663,0.0,336.0,16,11,,,,,,,90,53.333333333333336,336.0,190.0,140.0,96.66666666666667,29.0,4.164899591988011,230.0,196.0,402.0866666666667,4.0,26.0,5.56640625,0.0002385124735509448,2.8110091768897143,260.0,4116.0,1407.967032967033
0.0,20,0,0,1,1,1,1198746.6666666667,753.3333333333334,-16.66666666666663,-26.666666666666742,0.0,344.0,16,11,,,,,,,90,53.333333333333336,344.0,166.0,166.66666666666666,110.0,21.0,1.6527798683145907,190.0,184.0,397.9866666666667,7.0,28.0,6.60400390625,0.0003138955898148951,2.931320215917933,216.66666666666666,4202.0,1408.7656529516996
0.0,20,0,0,1,1,1,1199473.3333333333,726.6666666666666,-26.666666666666742,0.0,0.005693031729163504,371.0,16,11,,,,,,,90,53.333333333333336,371.0,159.0,150.0,110.0,24.0,4.202902390344892,180.0,174.0,398.76,7.0,33.0,6.591796875,0.00030498518902081497,2.942351972727783,213.33333333333334,4109.0,1528.8072776280324
0.0,20,0,0,1,1,1,1200200.0,726.6666666666666,0.0,-10.0,0.29882044560943644,334.0,16,11,,,,,,,90,53.333333333333336,334.0,152.0,143.33333333333334,86.66666666666667,11.0,3.6435522947474297,190.0,176.0,402.0933333333333,5.0,34.0,6.60400390625,0.00033420451056325135,2.9142127899013373,223.33333333333334,3984.0,1461.2565912950217
0.0,20,0,0,0,1,1,1200916.6666666667,716.6666666666666,-10.0,3.3333333333333712,0.4945660011274401,322.0,16,11,,,,,,,90,53.333333333333336,322.0,140.0,,,,,186.66666666666666,160.0,406.9666666666667,7.0,57.0,6.28662109375,0.0004630742298264182,2.7158164959354565,,3830.0,1617.2506738544475
0.0,20,0,0,1,1,1,1201636.6666666667,720.0,3.3333333333333712,6.666666666666629,0.6487768579667008,340.0,16,10,,,,,,,90,53.333333333333336,340.0,147.0,140.0,96.66666666666667,19.0,4.186862893688527,190.0,157.0,406.4533333333333,1.0,23.0,6.640625,0.00017551825464861748,2.96030028814194,216.66666666666666,3877.0,1045.2488687782807
0.0,20,0,0,1,1,1,1202363.3333333333,726.6666666666666,6.666666666666629,-3.3333333333332575,0.6923321078107229,348.0,16,10,,,,,,,90,53.333333333333336,348.0,164.0,140.0,100.0,19.0,3.7577274794152764,190.0,155.0,405.4266666666667,1.0,27.0,6.6162109375,0.00012048425780561345,2.955511424292917,220.0,3929.0,1240.8568443051201
0.0,20,0,0,1,1,1,1203086.6666666667,723.3333333333334,-3.3333333333332575,-6.6666666666667425,0.5868821517046124,333.0,16,11,,,,,,,90,53.333333333333336,333.0,164.0,136.66666666666666,93.33333333333333,13.0,3.9991375535382225,173.33333333333334,149.0,395.94,2.0,29.0,6.67724609375,0.0002017264039574877,2.9658019802907685,216.66666666666666,3995.0,1219.6812196812195
0.0,20,0,0,1,1,1,1203803.3333333333,716.6666666666666,-6.6666666666667425,-6.666666666666629,0.43951485461441214,327.0,16,10,,,,,,,90,53.333333333333336,327.0,182.0,140.0,100.0,18.0,4.7094214498253635,186.66666666666666,160.0,403.63333333333327,-7.0,41.0,6.79931640625,0.00018270495507749482,2.9148110311264674,223.33333333333334,4025.0,1656.853347939203
0.0,20,0,0,1,1,1,1204513.3333333333,710.0,-6.666666666666629,0.0,0.19538518794194265,339.0,15,10,,,,,,,90,50.0,339.0,212.0,146.66666666666666,106.66666666666667,23.0,4.627459459097942,190.0,145.0,407.99333333333334,-12.0,30.0,8.14208984375,4.806487209699825e-05,3.1339999174126607,200.0,4121.0,1651.9174041297936
0.0,20,0,0,0,1,1,1205223.3333333333,710.0,0.0,-16.66666666666663,0.0,355.0,16,11,,,,,,,90,53.333333333333336,355.0,172.0,,,,,190.0,158.0,407.99333333333334,-11.0,60.0,7.18994140625,0.00030230674517512843,2.591615082353865,,4300.0,1797.8458989229493
0.0,20,0,0,0,1,1,1205916.6666666667,693.3333333333334,-16.66666666666663,-3.3333333333333712,0.0020130175132523653,341.0,15,10,,,,,,,90,50.0,341.0,161.0,,,,,210.0,181.0,410.56,-1.0,56.0,7.18994140625,0.0005027896413374946,2.624419550251363,,4336.0,1812.8499066915488
0.0,20,0,0,1,1,1,1206606.6666666667,690.0,-3.3333333333333712,-3.3333333333333712,0.10612284148201062,353.0,16,10,,,,,,,90,53.333333333333336,353.0,190.0,146.66666666666666,106.66666666666667,22.0,3.8428470412434024,206.66666666666666,175.0,411.0733333333333,-4.0,22.0,8.19091796875,0.00015205690137863045,3.093692744550932,176.66666666666666,4258.0,1459.1907638035173
0.0,20,0,0,1,1,1,1207293.3333333333,686.6666666666666,-3.3333333333333712,-6.666666666666629,0.26089477244178183,334.0,16,11,,,,,,,90,53.333333333333336,334.0,160.0,143.33333333333334,96.66666666666667,18.0,4.078480455673084,186.66666666666666,164.0,411.58666666666664,-5.0,16.0,8.4228515625,0.00017591045491258643,3.0907227944909854,173.33333333333334,4088.0,1191.847075080608
0.0,20,0,0,0,1,1,1207973.3333333333,680.0,-6.666666666666629,-16.66666666666663,0.36310795438781457,300.0,17,10,,,,,,,90,56.666666666666664,300.0,221.0,,,,,190.0,189.0,419.28,2.0,73.0,6.494140625,0.00022776570971061807,2.8322704316725913,,4403.0,2736.842105263158
0.0,25,1,0,1,1,1,1208636.6666666667,663.3333333333334,-16.66666666666663,40.0,0.315280599733763,370.0,15,11,-73.0,6.0,1.0,,,,66,70.0,404.0,236.0,140.0,100.0,19.0,4.571086872531517,206.66666666666666,188.0,418.5133333333333,39.0,27.0,6.53076171875,9.215596318408651e-05,3.149056542770066,146.66666666666666,4372.0,2717.146714671467
0.0,20,0,0,0,1,1,1209340.0,703.3333333333334,40.0,0.0,0.32050362807238936,331.0,15,8,,,,,,,90,50.0,331.0,220.0,,,,,180.0,186.0,392.35333333333335,-10.0,65.0,7.12890625,0.00045221653912077636,2.5757103640716696,,4435.0,2622.239169330948
0.0,20,0,0,1,1,1,1210043.3333333333,703.3333333333334,0.0,16.66666666666663,0.20311442112389977,334.0,15,8,,,,,,,90,50.0,334.0,232.0,153.33333333333334,110.0,29.0,4.645211321109652,176.66666666666666,187.0,395.6866666666666,-8.0,53.0,6.201171875,0.00011756419588104115,3.155608764197383,200.0,4066.0,2485.0299401197603
0.0,20,0,0,1,1,1,1210763.3333333333,720.0,16.66666666666663,23.33333333333337,0.20606347702510658,313.0,15,8,,,,,,,90,50.0,313.0,216.0,146.66666666666666,93.33333333333333,25.0,3.4252803727614136,193.33333333333334,199.0,389.7866666666667,2.0,36.0,6.640625,0.0005003939028835942,2.9035058040658868,220.0,3920.0,1524.8329944815566
0.0,20,0,0,1,1,1,1211506.6666666667,743.3333333333334,23.33333333333337,30.0,0.35195442107628655,316.0,15,8,,,,,,,90,50.0,316.0,172.0,143.33333333333334,96.66666666666667,18.0,3.702804433649124,156.66666666666666,164.0,386.1933333333333,-3.0,41.0,5.60302734375,0.0004501034867416375,2.7659175294724787,250.0,3910.0,1696.2025316455697
0.0,20,0,0,1,1,1,1212280.0,773.3333333333334,30.0,6.666666666666629,0.5799290771062434,332.0,15,9,,,,,,,90,50.0,332.0,193.0,143.33333333333334,100.0,25.0,3.765128267801,220.0,195.0,391.5733333333333,-18.0,41.0,5.7861328125,0.00023821802974339297,2.7895871869759485,276.6666666666667,3932.0,1622.151255624909
0.0,20,0,0,1,1,1,1213060.0,780.0,6.666666666666629,-6.666666666666629,0.7415593370601128,344.0,15,8,,,,,,,90,50.0,344.0,205.0,146.66666666666666,96.66666666666667,18.0,3.0975594605130485,186.66666666666666,178.0,387.2133333333333,-11.0,37.0,5.77392578125,0.0002537263575561196,2.8335199466516303,276.6666666666667,3966.0,1649.6217427850936
0.0,20,0,0,1,1,1,1213833.3333333333,773.3333333333334,-6.666666666666629,30.0,0.8701121070756906,341.0,15,8,,,,,,,90,50.0,341.0,144.0,146.66666666666666,106.66666666666667,24.0,4.115170673022831,180.0,179.0,381.5733333333333,-9.0,28.0,5.859375,0.00034437921623463796,2.8912277747358526,270.0,3753.0,1455.4143586401651
0.0,20,0,0,1,1,1,1214636.6666666667,803.3333333333334,30.0,10.0,0.8758598624220125,328.0,15,8,,,,,,,90,50.0,328.0,156.0,143.33333333333334,93.33333333333333,21.0,2.592328926753959,186.66666666666666,171.0,393.62,-13.0,48.0,6.2255859375,0.00032622768644250235,2.755874014584936,310.0,3893.0,1770.2596380802518
0.0,20,0,0,1,1,1,1215450.0,813.3333333333334,10.0,0.0,0.8009268587547854,374.0,15,9,,,,,,,90,50.0,374.0,195.0,143.33333333333334,93.33333333333333,19.0,2.5625288805756448,176.66666666666666,161.0,392.08,-14.0,26.0,6.16455078125,0.00028207761912753883,2.8157783350729675,300.0,3896.0,1524.0641711229948
0.0,20,0,0,0,1,1,1216263.3333333333,813.3333333333334,0.0,-20.0,0.8334309133489463,310.0,15,9,,,,,,,90,50.0,310.0,170.0,,,,,183.33333333333334,157.0,388.7466666666666,-1.0,42.0,4.55322265625,0.0006769869357432866,2.7451920216609738,,3990.0,2267.6937891189214
0.0,20,0,0,1,1,1,1217056.6666666667,793.3333333333334,-20.0,-3.3333333333333712,0.7863937767988941,342.0,15,8,,,,,,,90,50.0,342.0,192.0,143.33333333333334,100.0,24.0,3.3280820056672358,266.6666666666667,188.0,388.49333333333334,-10.0,28.0,6.11572265625,0.00027381489154156333,2.855958159618588,290.0,3690.0,1542.6497277676951
0.0,20,0,0,1,1,1,1217846.6666666667,790.0,-3.3333333333333712,16.66666666666663,0.580781098051457,302.0,15,9,,,,,,,90,50.0,302.0,150.0,146.66666666666666,100.0,25.0,4.214043000395211,193.33333333333334,167.0,382.34,6.0,28.0,6.16455078125,0.00022555623582340447,2.9593814746279503,280.0,3684.0,1454.5884578997163
0.0,20,0,0,1,1,1,1218653.3333333333,806.6666666666666,16.66666666666663,20.0,0.3597035608844972,301.0,15,8,,,,,,,90,50.0,301.0,180.0,140.0,103.33333333333333,26.0,4.2245518659387145,186.66666666666666,152.0,389.7733333333333,-11.0,36.0,6.11572265625,0.00021808414411348122,2.781419348423529,316.6666666666667,3484.0,1762.5458996328027
0.0,20,0,0,0,1,1,1219480.0,826.6666666666666,20.0,-13.333333333333258,0.2663968280191641,296.0,16,9,,,,,,,90,53.333333333333336,296.0,157.0,,,,,193.33333333333334,164.0,393.36000000000007,0.0,46.0,4.50439453125,0.0003748168191541653,2.809606769325842,,3554.0,1865.4524089306697
0.0,20,0,0,1,1,1,1220293.3333333333,813.3333333333334,-13.333333333333258,0.0,0.2981952703637118,311.0,16,9,,,,,,,90,53.333333333333336,311.0,171.0,166.66666666666666,116.66666666666667,17.0,4.099531140475598,180.0,173.0,395.41333333333336,-1.0,23.0,6.45751953125,0.00014148263956840424,3.03438199517161,276.6666666666667,3564.0,1255.1814976949597
0.0,20,0,0,1,1,1,1221106.6666666667,813.3333333333334,0.0,-56.66666666666674,0.08782201405152223,300.0,16,8,,,,,,,90,53.333333333333336,300.0,210.0,163.33333333333334,103.33333333333333,23.0,1.6499829667157329,183.33333333333334,198.0,385.41333333333336,6.0,43.0,6.21337890625,0.00024935782854641276,2.8934268682071855,283.3333333333333,4130.0,2164.705882352941
0.0,20,0,0,0,1,1,1221863.3333333333,756.6666666666666,-56.66666666666674,20.0,0.09410067893200126,356.0,15,8,,,,,,,90,50.0,356.0,244.0,,,,,156.66666666666666,196.0,387.47333333333336,-27.0,60.0,5.38330078125,0.0006150582404800411,2.7940599097146066,,4306.0,2754.697384571806
0.0,20,0,0,1,1,1,1222640.0,776.6666666666666,20.0,0.0,0.4274014995219646,363.0,15,8,,,,,,,90,50.0,363.0,200.0,140.0,93.33333333333333,24.0,3.3773088714266244,210.0,237.0,377.72666666666663,-23.0,47.0,6.3232421875,0.0002331463560559361,2.7976144094057247,283.3333333333333,4457.0,1497.326203208556
0.0,20,0,0,1,1,1,1223416.6666666667,776.6666666666666,0.0,-3.3333333333332575,0.5536480686695279,357.0,15,8,,,,,,,90,50.0,357.0,227.0,143.33333333333334,100.0,28.0,3.5308724653751007,180.0,237.0,384.3933333333333,-16.0,57.0,6.11572265625,0.0004151101179767487,2.772460561874695,286.6666666666667,4641.0,1944.498729724448
0.0,20,0,0,1,1,1,1224190.0,773.3333333333334,-3.3333333333332575,23.333333333333258,0.6456716088444134,357.0,15,8,,,,,,,90,50.0,357.0,280.0,163.33333333333334,130.0,41.0,3.084640566830929,236.66666666666666,262.0,384.90666666666664,-20.0,33.0,5.79833984375,0.00047070922809606995,2.836452423169227,256.6666666666667,4696.0,2433.700753028484
0.0,20,0,0,1,1,1,1224986.6666666667,796.6666666666666,23.333333333333258,33.33333333333337,0.736624450762471,367.0,15,8,,,,,,,90,50.0,367.0,264.0,160.0,113.33333333333333,27.0,3.4597072789959196,230.0,266.0,374.6466666666667,-13.0,46.0,5.96923828125,0.000535472419553273,2.843295847457588,283.3333333333333,4487.0,1942.6190094566437
0.0,20,0,0,1,1,1,1225816.6666666667,830.0,33.33333333333337,3.3333333333333712,0.6270903010033445,348.0,15,8,,,,,,,90,50.0,348.0,168.0,136.66666666666666,93.33333333333333,30.0,3.4492270477746594,176.66666666666666,233.0,372.84666666666664,-12.0,62.0,5.5908203125,0.0008228683449749863,2.695614123274404,346.6666666666667,4466.0,1798.7400530503978
0.0,20,0,0,1,1,1,1226650.0,833.3333333333334,3.3333333333333712,13.333333333333258,0.6032217722041833,366.0,14,8,,,,,,,90,46.666666666666664,366.0,192.0,143.33333333333334,103.33333333333333,32.0,3.6321017141057954,266.6666666666667,268.0,382.33333333333337,-27.0,47.0,5.45654296875,0.0007492153191963884,2.585740427340945,340.0,4372.0,1880.4243008678882
0.0,20,0,0,1,1,1,1227496.6666666667,846.6666666666666,13.333333333333258,6.6666666666667425,0.6435083630381134,372.0,15,8,,,,,,,90,50.0,372.0,206.0,153.33333333333334,100.0,22.0,1.9406334534570906,153.33333333333334,201.0,366.94666666666666,-16.0,29.0,5.419921875,0.0006971212669668402,2.6949490174995545,333.3333333333333,4267.0,1387.0967741935483
0.0,20,0,0,1,1,1,1228350.0,853.3333333333334,6.6666666666667425,-3.3333333333333712,0.674809366354005,338.0,15,8,,,,,,,90,50.0,338.0,159.0,146.66666666666666,106.66666666666667,31.0,3.799669735634069,250.0,229.0,365.91999999999996,-20.0,56.0,5.57861328125,0.0007321693123643137,2.6182020096235528,360.0,4054.0,1405.3254437869823
0.0,20,0,0,1,1,1,1229200.0,850.0,-3.3333333333333712,6.666666666666629,0.6688580581072182,357.0,15,8,,,,,,,90,50.0,357.0,156.0,146.66666666666666,103.33333333333333,23.0,4.290146895401868,173.33333333333334,191.0,369.7666666666667,-11.0,53.0,5.5419921875,0.0004846856608146901,2.6826771960779565,356.6666666666667,3962.0,1264.4310060472787
0.0,20,0,0,1,1,1,1230056.6666666667,856.6666666666666,6.666666666666629,-16.66666666666663,0.6276326402581108,353.0,15,8,,,,,,,90,50.0,353.0,135.0,160.0,96.66666666666667,6.0,3.416481302661195,246.66666666666666,212.0,378.74,1.0,53.0,5.46875,0.0005709583161078103,2.701373008288612,346.6666666666667,4077.0,1103.1815210285463
0.0,20,0,0,1,1,1,1230896.6666666667,840.0,-16.66666666666663,-13.333333333333371,0.49630206305955626,356.0,15,8,,,,,,,90,50.0,356.0,175.0,146.66666666666666,93.33333333333333,21.0,2.7082536105616377,180.0,192.0,377.9733333333333,-15.0,28.0,5.48095703125,0.0005656786029710297,2.789609202212878,333.3333333333333,4135.0,1415.7303370786517
0.0,20,0,0,1,1,1,1231723.3333333333,826.6666666666666,-13.333333333333371,10.0,0.29175928866306766,351.0,15,8,,,,,,,90,50.0,351.0,146.0,146.66666666666666,100.0,23.0,3.3467909614026254,186.66666666666666,192.0,380.0266666666667,-3.0,35.0,5.46875,0.0003531310025069979,2.7935364594775622,323.3333333333333,4038.0,1418.6271918230682
0.0,20,0,0,1,1,1,1232560.0,836.6666666666666,10.0,23.33333333333337,0.0,322.0,15,8,,,,,,,90,50.0,322.0,139.0,146.66666666666666,100.0,20.0,3.698974682071258,173.33333333333334,174.0,371.82000000000005,-6.0,33.0,5.5419921875,0.00019702942305551574,2.7358042001447163,333.3333333333333,3767.0,968.9440993788821
0.0,20,0,0,1,1,1,1233420.0,860.0,23.33333333333337,-10.0,0.000853252027895653,303.0,15,8,,,,,,,90,50.0,303.0,146.0,140.0,90.0,14.0,3.382912485574982,186.66666666666666,180.0,381.56,-19.0,52.0,5.3466796875,0.00016955149272449466,2.8216617634710253,370.0,3880.0,1462.8489876014628
0.0,20,0,0,1,1,1,1234270.0,850.0,-10.0,-30.0,0.04153789917921111,382.0,15,9,,,,,,,90,50.0,382.0,163.0,136.66666666666666,93.33333333333333,21.0,3.3145540523588206,166.66666666666666,187.0,383.1,-24.0,26.0,5.5419921875,0.0002349799713731006,2.8298357034053163,346.6666666666667,3987.0,1026.9834877164717
0.0,20,0,0,0,1,1,1235090.0,820.0,-30.0,23.33333333333337,0.04541020552322648,343.0,15,8,,,,,,,90,50.0,343.0,186.0,,,,,256.6666666666667,205.0,374.3866666666667,-18.0,54.0,4.55322265625,0.0005546856436697716,2.773322307811819,,4079.0,1876.0299150716187
0.0,20,0,0,1,1,1,1235933.3333333333,843.3333333333334,23.33333333333337,0.0,0.2167755864838826,328.0,15,9,,,,,,,90,50.0,328.0,178.0,150.0,103.33333333333333,28.0,2.61100899661289,183.33333333333334,177.0,377.46000000000004,-16.0,43.0,5.37109375,0.00036698676344318354,2.684728031785619,340.0,3762.0,1452.6542324246773
0.0,20,0,0,1,1,1,1236776.6666666667,843.3333333333334,0.0,16.66666666666663,0.16854884246188592,307.0,15,9,,,,,,,90,50.0,307.0,152.0,160.0,113.33333333333333,20.0,3.118066544083259,170.0,183.0,384.12666666666667,-4.0,35.0,5.37109375,0.00027498651280574,2.7802341197033513,326.6666666666667,3578.0,1495.7122914312304
0.0,20,0,0,1,1,1,1237636.6666666667,860.0,16.66666666666663,-13.333333333333371,0.128689958796636,299.0,14,9,,,,,,,90,46.666666666666664,299.0,164.0,140.0,96.66666666666667,18.0,3.5065538125616946,173.33333333333334,179.0,371.56,-19.0,26.0,5.2978515625,0.0003965114047295733,2.768015295165254,356.6666666666667,3547.0,1387.8035820335697
0.0,20,0,0,1,1,1,1238483.3333333333,846.6666666666666,-13.333333333333371,-3.3333333333332575,0.20604395604395606,309.0,15,9,,,,,,,90,50.0,309.0,157.0,143.33333333333334,93.33333333333333,17.0,3.5243033681941203,176.66666666666666,185.0,373.6133333333333,-7.0,34.0,5.40771484375,0.0003788973158803844,2.7045036884624176,350.0,3735.0,1349.9768839574665
0.0,20,0,0,1,1,1,1239326.6666666667,843.3333333333334,-3.3333333333332575,13.333333333333258,0.12655664675508757,324.0,16,10,,,,,,,90,53.333333333333336,324.0,146.0,140.0,93.33333333333333,20.0,2.1978528101470722,253.33333333333334,223.0,370.79333333333335,3.0,40.0,5.3466796875,0.00038085954482876695,2.6634072933777837,346.6666666666667,3739.0,1638.176638176638
0.0,20,0,0,1,1,1,1240183.3333333333,856.6666666666666,13.333333333333258,10.0,0.12700670595407437,303.0,14,9,,,,,,,90,46.666666666666664,303.0,146.0,143.33333333333334,96.66666666666667,22.0,4.04561411785367,166.66666666666666,197.0,375.40666666666664,-4.0,48.0,5.0048828125,0.00043099151482035934,2.612580548968128,366.6666666666667,3692.0,1548.154815481548
0.0,20,0,0,1,1,1,1241050.0,866.6666666666666,10.0,-6.666666666666629,0.12504029076035614,292.0,13,9,,,,,,,90,43.333333333333336,292.0,134.0,150.0,100.0,16.0,3.13147507675723,200.0,210.0,373.8666666666667,14.0,26.0,5.26123046875,0.00044008195761330657,2.7153845111303045,360.0,3615.0,970.3196347031962
0.0,20,0,0,1,1,1,1241910.0,860.0,-6.666666666666629,-6.666666666666629,0.12117248807508849,319.0,14,9,,,,,,,90,46.666666666666664,319.0,149.0,146.66666666666666,103.33333333333333,19.0,3.17405878602915,160.0,204.0,374.8933333333334,-16.0,22.0,5.28564453125,0.0004728142994994747,2.648260727070224,356.6666666666667,3938.0,1230.4807664137345
0.0,20,0,0,1,1,1,1242763.3333333333,853.3333333333334,-6.666666666666629,13.333333333333258,0.0,347.0,14,9,,,,,,,90,46.666666666666664,347.0,188.0,130.0,86.66666666666667,22.0,2.078444543350926,176.66666666666666,223.0,372.58666666666664,-19.0,35.0,4.8095703125,0.0006009622026882169,2.5955875885274207,366.6666666666667,4234.0,1729.106628242075
0.0,20,0,0,1,1,1,1243630.0,866.6666666666666,13.333333333333258,-6.666666666666629,0.0,358.0,14,9,,,,,,,90,46.666666666666664,358.0,197.0,133.33333333333334,90.0,21.0,3.182849717412239,150.0,189.0,363.8666666666667,-53.0,57.0,4.98046875,0.000587547427965153,2.6329798757140157,380.0,4268.0,2014.1134960305794
0.0,20,0,0,0,1,1,1244490.0,860.0,-6.666666666666629,-3.3333333333333712,0.0,342.0,13,8,,,,,,,90,43.333333333333336,342.0,174.0,,,,,190.0,223.0,381.56,-37.0,66.0,4.3212890625,0.0006168068377522233,2.72337290415142,,4001.0,1890.2093944538767
0.0,20,0,0,1,1,1,1245346.6666666667,856.6666666666666,-3.3333333333333712,3.3333333333333712,0.0,325.0,15,9,,,,,,,90,50.0,325.0,162.0,156.66666666666666,86.66666666666667,8.0,1.006859800302319,193.33333333333334,219.0,388.74,-16.0,22.0,5.37109375,0.000532791063329371,2.602253097935717,333.3333333333333,3756.0,1209.2307692307693
0.0,20,0,0,1,1,1,1246206.6666666667,860.0,3.3333333333333712,-10.0,0.0,337.0,16,11,,,,,,,90,53.333333333333336,337.0,152.0,150.0,110.0,18.0,4.44144138130461,186.66666666666666,216.0,388.22666666666674,15.0,26.0,5.38330078125,0.0003708587510270932,2.6366127976949967,333.3333333333333,3689.0,1059.3471810089022
0.0,20,0,0,1,1,1,1247056.6666666667,850.0,-10.0,3.3333333333333712,0.0,300.0,16,11,,,,,,,90,53.333333333333336,300.0,139.0,126.66666666666667,83.33333333333333,15.0,1.9973887067419547,230.0,230.0,393.1,12.0,25.0,5.322265625,0.00043163114117490567,2.7096127602421705,353.3333333333333,3643.0,1254.7169811320755
0.0,20,0,0,1,1,1,1247910.0,853.3333333333334,3.3333333333333712,6.666666666666629,0.0,309.0,16,12,,,,,,,90,53.333333333333336,309.0,146.0,146.66666666666666,103.33333333333333,26.0,2.8499980264324254,183.33333333333334,197.0,385.91999999999996,55.0,24.0,5.4443359375,0.0002722916703815908,2.81636449202056,330.0,3525.0,1372.9528292635089
0.0,20,0,0,1,1,1,1248770.0,860.0,6.666666666666629,30.0,0.0,286.0,16,12,,,,,,,90,53.333333333333336,286.0,151.0,146.66666666666666,110.0,23.0,3.570931218760336,173.33333333333334,189.0,374.8933333333334,40.0,34.0,5.38330078125,0.00026509472016791424,2.65076576603892,346.6666666666667,3602.0,1260.7584722969336
0.0,20,0,0,1,1,1,1249660.0,890.0,30.0,10.0,0.004979914345473258,344.0,16,11,,,,,,,90,53.333333333333336,344.0,148.0,150.0,110.0,19.0,4.435661765963559,253.33333333333334,228.0,366.94,0.0,49.0,4.9072265625,0.0003522852364253394,2.6467163721286213,386.6666666666667,3614.0,1466.018444266239
0.0,20,0,0,1,1,1,1250560.0,900.0,10.0,6.666666666666629,0.2455306993612992,294.0,15,11,,,,,,,90,50.0,294.0,125.0,136.66666666666666,93.33333333333333,14.0,2.8852680323421627,180.0,197.0,372.06666666666666,29.0,56.0,5.04150390625,0.0003752366265161695,2.697265873959087,410.0,3603.0,1343.9522150323544
0.0,20,0,0,1,1,1,1251466.6666666667,906.6666666666666,6.666666666666629,20.0,0.47850053960259853,313.0,16,11,,,,,,,90,53.333333333333336,313.0,127.0,143.33333333333334,100.0,16.0,4.051254321092678,236.66666666666666,216.0,371.04,38.0,47.0,5.21240234375,0.0002725204398930634,2.5983193062625385,403.3333333333333,3481.0,1013.9149262007236
0.0,20,0,0,1,1,1,1252393.3333333333,926.6666666666666,20.0,-10.0,0.5921757207954474,323.0,16,11,,,,,,,90,53.333333333333336,323.0,141.0,143.33333333333334,103.33333333333333,21.0,2.6452105198254063,190.0,184.0,377.96000000000004,9.0,50.0,5.16357421875,0.0002818046319473965,2.6239904946719785,423.3333333333333,3567.0,1023.8658248214331
0.0,20,0,0,1,1,1,1253310.0,916.6666666666666,-10.0,-36.66666666666663,0.6545605937561035,332.0,16,11,,,,,,,90,53.333333333333336,332.0,133.0,136.66666666666666,96.66666666666667,15.0,4.066773202903455,190.0,194.0,379.50000000000006,5.0,34.0,4.98046875,0.0003257784024242833,2.697043009674929,410.0,3810.0,1175.4334410813988
0.0,20,0,0,1,1,1,1254190.0,880.0,-36.66666666666663,-20.0,0.6215361899909538,311.0,16,12,,,,,,,90,53.333333333333336,311.0,133.0,130.0,86.66666666666667,9.0,2.8504163347048372,190.0,202.0,388.48,17.0,28.0,4.96826171875,0.0004190171086678755,2.78342330424053,376.6666666666667,3775.0,1587.7984235836439
0.0,20,0,0,1,1,1,1255050.0,860.0,-20.0,-6.666666666666629,0.5278373286558825,286.0,16,12,,,,,,,90,53.333333333333336,286.0,150.0,140.0,103.33333333333333,22.0,4.524858572015052,200.0,203.0,381.56,48.0,27.0,5.3955078125,0.00042974069453590786,2.740205847922616,346.6666666666667,3646.0,1593.5987089833243
0.0,20,0,0,1,1,1,1255903.3333333333,853.3333333333334,-6.666666666666629,26.66666666666663,0.5399508229404337,308.0,16,11,,,,,,,90,53.333333333333336,308.0,140.0,136.66666666666666,93.33333333333333,17.0,2.6096861593681258,173.33333333333334,184.0,379.25333333333333,10.0,40.0,5.3955078125,0.000378276603282906,2.6656297720885784,356.6666666666667,3632.0,1256.2204150989196
0.0,20,0,0,0,1,1,1256783.3333333333,880.0,26.66666666666663,13.333333333333371,0.5429084500758454,331.0,16,11,,,,,,,90,53.333333333333336,331.0,175.0,,,,,180.0,201.0,378.47999999999996,11.0,51.0,4.4677734375,0.0004077041098664954,2.6563838720624613,,3888.0,1655.8215198698583
0.0,20,0,0,1,1,1,1257676.6666666667,893.3333333333334,13.333333333333371,20.0,0.48767689444757,334.0,16,11,,,,,,,90,53.333333333333336,334.0,115.0,133.33333333333334,96.66666666666667,21.0,3.5096107475047305,150.0,182.0,366.4266666666666,-2.0,31.0,4.9072265625,0.00044672646968738804,2.626416072430795,396.6666666666667,4019.0,1343.531424545866
0.0,20,0,0,1,1,1,1258590.0,913.3333333333334,20.0,16.66666666666663,0.5210886383495663,308.0,16,10,,,,,,,90,53.333333333333336,308.0,199.0,140.0,103.33333333333333,28.0,3.250295673199103,173.33333333333334,191.0,366.68,19.0,61.0,4.89501953125,0.0004908613146067015,2.567715432044385,423.3333333333333,3782.0,2101.441865221393
0.0,20,0,0,1,1,1,1259520.0,930.0,16.66666666666663,-10.0,0.5863344973158909,324.0,16,11,,,,,,,90,53.333333333333336,324.0,138.0,156.66666666666666,123.33333333333333,17.0,2.025732944261785,176.66666666666666,189.0,367.4466666666667,25.0,46.0,4.8583984375,0.00042461277028222173,2.5766645107593957,413.3333333333333,3520.0,1388.8888888888887
0.0,20,0,0,1,1,1,1260440.0,920.0,-10.0,3.3333333333333712,0.5761607719017914,302.0,16,12,,,,,,,90,53.333333333333336,302.0,141.0,126.66666666666667,83.33333333333333,10.0,2.359372598327468,186.66666666666666,200.0,382.32,36.0,50.0,5.1025390625,0.00021252525401311683,2.6701950168459527,430.0,3686.0,1378.4075157862312
0.0,20,0,0,0,1,1,1261363.3333333333,923.3333333333334,3.3333333333333712,-3.3333333333333712,0.582255944186239,315.0,15,11,,,,,,,90,50.0,315.0,181.0,,,,,186.66666666666666,196.0,378.47333333333336,44.0,39.0,4.6142578125,0.0002731747049240904,2.6068585627958223,,3648.0,1847.3895582329317
0.0,20,0,0,1,1,1,1262283.3333333333,920.0,-3.3333333333333712,-3.3333333333333712,0.577916920252107,295.0,16,11,,,,,,,90,53.333333333333336,295.0,145.0,156.66666666666666,116.66666666666667,9.0,2.7332254245593663,186.66666666666666,187.0,375.65333333333336,27.0,25.0,4.91943359375,0.0004423974632660479,2.565036155572349,393.3333333333333,3525.0,1284.1137604136743
0.0,20,0,0,1,1,1,1263200.0,916.6666666666666,-3.3333333333333712,-16.66666666666663,0.46198999927530976,312.0,16,11,,,,,,,90,53.333333333333336,312.0,135.0,160.0,120.0,9.0,2.386440558764871,220.0,202.0,369.50000000000006,11.0,26.0,4.78515625,0.0004062197993949233,2.6256451066586934,390.0,3484.0,1306.7061143984222
0.0,20,0,0,1,1,1,1264100.0,900.0,-16.66666666666663,-3.3333333333333712,0.2689289611806891,301.0,16,11,,,,,,,90,53.333333333333336,301.0,168.0,123.33333333333333,103.33333333333333,20.0,1.7589052124783322,183.33333333333334,190.0,378.73333333333335,31.0,45.0,4.91943359375,0.00041888589723717006,2.582787173703344,416.6666666666667,3581.0,1546.8438538205978
0.0,20,0,0,0,1,1,1264996.6666666667,896.6666666666666,-3.3333333333333712,0.0,0.07937095869535309,336.0,16,11,,,,,,,90,53.333333333333336,336.0,112.0,,,,,246.66666666666666,219.0,379.24666666666667,-7.0,40.0,4.00390625,0.000409402240352447,2.7470069509458184,,3629.0,1364.5552560646902
0.0,20,0,0,0,1,1,1265893.3333333333,896.6666666666666,0.0,-3.3333333333332575,0.0804567180031864,313.0,16,11,,,,,,,90,53.333333333333336,313.0,132.0,,,,,250.0,223.0,382.58000000000004,14.0,41.0,3.99169921875,0.00046002534109050326,2.695221201358054,,3731.0,1561.275544035204
0.0,20,0,0,1,1,1,1266786.6666666667,893.3333333333334,-3.3333333333332575,10.0,0.1171090787419139,326.0,16,11,,,,,,,90,53.333333333333336,326.0,171.0,126.66666666666667,106.66666666666667,20.0,1.9727189759349368,186.66666666666666,197.0,383.09333333333336,8.0,30.0,4.8583984375,0.0004140697993256779,2.531337020321389,396.6666666666667,3737.0,1484.7656854152704
0.0,20,0,0,1,1,1,1267690.0,903.3333333333334,10.0,3.3333333333332575,0.0,325.0,16,11,,,,,,,90,53.333333333333336,325.0,139.0,160.0,66.66666666666667,5.0,-0.41582462962585076,186.66666666666666,202.0,381.55333333333334,25.0,29.0,4.8583984375,0.0004095246290502371,2.636817024053665,373.3333333333333,3769.0,1359.89010989011
0.0,20,0,0,1,1,1,1268596.6666666667,906.6666666666666,3.3333333333332575,16.666666666666742,0.0,332.0,16,11,,,,,,,90,53.333333333333336,332.0,117.0,133.33333333333334,96.66666666666667,10.0,3.494372513389761,186.66666666666666,207.0,381.04,0.0,28.0,4.89501953125,0.0005415486963085076,2.605001032549959,403.3333333333333,3769.0,1284.4767499751072
0.0,20,0,0,1,1,1,1269520.0,923.3333333333334,16.666666666666742,6.666666666666629,0.0,329.0,16,11,,,,,,,90,53.333333333333336,329.0,156.0,163.33333333333334,123.33333333333333,8.0,2.1396637794076696,163.33333333333334,184.0,368.47333333333336,7.0,26.0,4.9560546875,0.00044666604245132904,2.585409733551665,390.0,3906.0,1293.741719273634
0.0,20,0,0,1,1,1,1270450.0,930.0,6.666666666666629,0.0,0.003093931768491399,368.0,14,9,,,,,,,90,46.666666666666664,368.0,175.0,163.33333333333334,123.33333333333333,20.0,2.9592688946984946,260.0,218.0,360.78,-22.0,40.0,4.931640625,0.0004160475068451397,2.501188968152798,413.3333333333333,3821.0,1406.907433380084
0.0,20,0,0,1,1,1,1271380.0,930.0,0.0,-26.66666666666663,0.1551459293394777,318.0,17,10,,,,,,,90,56.666666666666664,318.0,171.0,166.66666666666666,130.0,20.0,3.31201116938475,263.3333333333333,225.0,370.78,-10.0,45.0,4.91943359375,0.00036171968936637695,2.5273951628220868,406.6666666666667,3772.0,1446.0253634395299
0.0,20,0,0,0,1,1,1272283.3333333333,903.3333333333334,-26.66666666666663,13.333333333333258,0.2290099801217288,332.0,17,10,,,,,,,90,56.666666666666664,332.0,112.0,,,,,190.0,201.0,384.88666666666666,-15.0,39.0,4.296875,0.00032175067017197243,2.683212819305604,,3724.0,1143.4627398482821
0.0,20,0,0,1,1,1,1273200.0,916.6666666666666,13.333333333333258,-10.0,0.15651678998292545,343.0,17,10,,,,,,,90,56.666666666666664,343.0,132.0,130.0,76.66666666666667,7.0,1.3940251398000338,166.66666666666666,190.0,376.1666666666667,-1.0,24.0,4.96826171875,0.00030126024300152366,2.6182861685813794,413.3333333333333,3719.0,1544.7192701965582
0.0,20,0,0,0,1,1,1274106.6666666667,906.6666666666666,-10.0,3.3333333333333712,0.07638030115661598,309.0,17,10,,,,,,,90,56.666666666666664,309.0,147.0,,,,,180.0,199.0,381.04,-4.0,39.0,4.01611328125,0.00047378331792400887,2.530769558934654,,3583.0,1408.3662950976866
0.0,20,0,0,1,1,1,1275016.6666666667,910.0,3.3333333333333712,-6.666666666666629,0.0,319.0,17,10,,,,,,,90,56.666666666666664,319.0,136.0,166.66666666666666,70.0,9.0,0.6418632979281345,163.33333333333334,178.0,370.52666666666664,1.0,19.0,4.79736328125,0.00035403230513870245,2.604105654569355,373.3333333333333,3470.0,1141.961486789073
0.0,20,0,0,1,1,1,1275920.0,903.3333333333334,-6.666666666666629,10.0,0.0,299.0,17,10,,,,,,,90,56.666666666666664,299.0,121.0,126.66666666666667,96.66666666666667,16.0,3.131585931697229,236.66666666666666,214.0,368.21999999999997,-14.0,37.0,4.6875,0.0004105134782324521,2.6036235051802064,416.6666666666667,3445.0,1260.200668896321
0.0,20,0,0,0,1,1,1276833.3333333333,913.3333333333334,10.0,-10.0,0.0,316.0,17,10,,,,,,,90,56.666666666666664,316.0,116.0,,,,,183.33333333333334,191.0,373.34666666666664,0.0,44.0,4.57763671875,0.0005136326107059836,2.478895950729512,,3465.0,1301.826726294247
0.0,20,0,0,1,1,1,1277736.6666666667,903.3333333333334,-10.0,3.3333333333332575,0.0,301.0,17,10,,,,,,,90,56.666666666666664,301.0,135.0,170.0,136.66666666666666,18.0,2.03135836939993,163.33333333333334,175.0,371.55333333333334,-5.0,27.0,4.7607421875,0.0004304996050806579,2.5164103178150734,370.0,3508.0,1418.6944419502559
0.0,20,0,0,1,1,1,1278643.3333333333,906.6666666666666,3.3333333333332575,-6.666666666666629,0.0,312.0,17,10,,,,,,,90,56.666666666666664,312.0,124.0,170.0,133.33333333333334,13.0,0.7233823485542796,163.33333333333334,192.0,377.7066666666667,-2.0,41.0,4.8095703125,0.00043721077938277354,2.5032640839173648,376.6666666666667,3654.0,953.0292716133424
0.0,20,0,0,0,1,1,1279543.3333333333,900.0,-6.666666666666629,10.0,0.0,370.0,15,10,,,,,,,90,50.0,370.0,134.0,,,,,166.66666666666666,193.0,378.73333333333335,-29.0,34.0,3.9306640625,0.0005043006127267655,2.65161123976506,,3795.0,1297.2972972972973
0.0,20,0,0,1,1,1,1280453.3333333333,910.0,10.0,-6.666666666666629,0.0,307.0,15,10,,,,,,,90,50.0,307.0,155.0,173.33333333333334,70.0,6.0,-0.3819368317462857,163.33333333333334,183.0,370.52666666666664,14.0,31.0,4.9072265625,0.00048659300968691073,2.54735510311411,370.0,3791.0,1232.5028611673563
0.0,20,0,0,0,1,1,1281356.6666666667,903.3333333333334,-6.666666666666629,0.0,0.0,317.0,15,10,,,,,,,90,50.0,317.0,117.0,,,,,180.0,187.0,368.21999999999997,8.0,39.0,4.1015625,0.000497039513733469,2.5221515736788485,,3624.0,1573.4164231387044
0.0,20,0,0,0,1,1,1282260.0,903.3333333333334,0.0,-3.3333333333333712,0.0,312.0,17,11,,,,,,,90,56.666666666666664,312.0,153.0,,,,,246.66666666666666,219.0,381.55333333333334,-12.0,48.0,4.35791015625,0.0004743258180959241,2.561927142036488,,3555.0,1634.0254837187351
0.0,20,0,0,1,1,1,1283160.0,900.0,-3.3333333333333712,0.0,0.0,309.0,17,11,,,,,,,90,56.666666666666664,309.0,109.0,120.0,80.0,6.0,2.234497038721978,166.66666666666666,197.0,382.06666666666666,-2.0,21.0,4.87060546875,0.0004021322535097492,2.5958166625744257,410.0,3543.0,1183.9924224484964
0.0,20,0,0,1,1,1,1284060.0,900.0,0.0,-6.666666666666629,0.0,319.0,17,10,,,,,,,90,56.666666666666664,319.0,117.0,133.33333333333334,96.66666666666667,22.0,3.987585325368215,250.0,219.0,382.06666666666666,-5.0,31.0,4.833984375,0.00047296638774300904,2.4829346890694737,400.0,3615.0,1120.689655172414
0.0,20,0,0,1,1,1,1284953.3333333333,893.3333333333334,-6.666666666666629,10.0,0.0,319.0,17,11,,,,,,,90,56.666666666666664,319.0,143.0,136.66666666666666,100.0,25.0,2.4882873751906693,246.66666666666666,217.0,383.09333333333336,-6.0,22.0,4.8828125,0.000478296216045894,2.524647047387672,383.3333333333333,3626.0,1439.28035982009
0.0,20,0,0,1,1,1,1285856.6666666667,903.3333333333334,10.0,-30.0,0.0,309.0,17,10,,,,,,,90,56.666666666666664,309.0,138.0,136.66666666666666,90.0,13.0,3.390243026889257,166.66666666666666,201.0,384.88666666666666,-7.0,28.0,4.89501953125,0.0003815308537896002,2.6137616926592537,400.0,3685.0,1229.7734627831715
0.0,20,0,0,1,1,1,1286730.0,873.3333333333334,-30.0,-13.333333333333371,0.000791247744943927,343.0,14,9,,,,,,,90,46.666666666666664,343.0,166.0,140.0,100.0,24.0,4.062809865919185,170.0,198.0,382.84000000000003,-24.0,23.0,4.94384765625,0.0004024051768162247,2.6517277529849124,363.3333333333333,3687.0,1131.409313397705
0.0,20,0,0,1,1,1,1287590.0,860.0,-13.333333333333371,30.0,0.04499738197050353,293.0,14,8,,,,,,,90,46.666666666666664,293.0,151.0,143.33333333333334,93.33333333333333,15.0,2.663947921700906,180.0,194.0,368.2266666666667,8.0,23.0,5.33447265625,0.0003985300969713627,2.5880363654289664,353.3333333333333,3659.0,1584.1329126151074
0.0,20,0,0,1,1,1,1288480.0,890.0,30.0,10.0,0.24899571727366288,298.0,14,9,,,,,,,90,46.666666666666664,298.0,150.0,140.0,86.66666666666667,16.0,3.290717767023027,190.0,189.0,376.94,-1.0,47.0,4.8828125,0.000462092236577636,2.5020465562457614,396.6666666666667,3593.0,1522.7567537081948
0.0,20,0,0,1,1,1,1289380.0,900.0,10.0,6.666666666666629,0.24071637192284237,328.0,14,9,,,,,,,90,46.666666666666664,328.0,151.0,140.0,100.0,21.0,2.652758226740257,246.66666666666666,223.0,375.4,-13.0,23.0,4.77294921875,0.0004149915227833636,2.576135678719269,396.6666666666667,3683.0,1037.6101660176264
0.0,20,0,0,1,1,1,1290286.6666666667,906.6666666666666,6.666666666666629,-16.66666666666663,0.23885350318471338,307.0,14,9,,,,,,,90,46.666666666666664,307.0,184.0,143.33333333333334,96.66666666666667,20.0,4.04466939918753,226.66666666666666,211.0,371.04,1.0,28.0,4.87060546875,0.0005162075510375372,2.60810776880946,400.0,3851.0,1441.3680781758958
0.0,20,0,0,1,1,1,1291176.6666666667,890.0,-16.66666666666663,30.0,0.2758367046708349,315.0,14,9,,,,,,,90,46.666666666666664,315.0,130.0,143.33333333333334,93.33333333333333,15.0,2.632870672351567,173.33333333333334,188.0,366.94,25.0,28.0,4.7607421875,0.0004937441781998315,2.499097340423341,386.6666666666667,3725.0,1264.367816091954
0.0,20,0,0,1,1,1,1292096.6666666667,920.0,30.0,-16.66666666666663,0.2831157165313914,293.0,14,8,,,,,,,90,46.666666666666664,293.0,187.0,143.33333333333334,100.0,25.0,3.9186189327802943,226.66666666666666,209.0,368.9866666666667,-2.0,47.0,4.62646484375,0.000485306789165432,2.4891403512270633,426.6666666666667,3625.0,1559.8336177474403
0.0,20,0,0,0,1,1,1293000.0,903.3333333333334,-16.66666666666663,0.0,0.3883394604670429,281.0,14,9,,,,,,,90,46.666666666666664,281.0,118.0,,,,,186.66666666666666,192.0,374.88666666666666,5.0,45.0,3.7841796875,0.000640125719137906,2.7352329078655835,,3663.0,1443.258204824041
0.0,20,0,0,0,1,1,1293903.3333333333,903.3333333333334,0.0,3.3333333333332575,0.39457037427517133,320.0,14,9,,,,,,,90,46.666666666666664,320.0,158.0,,,,,170.0,191.0,378.22,16.0,49.0,3.77197265625,0.000712032240433381,2.761810439402784,,3653.0,1730.324074074074
0.0,20,0,0,0,1,1,1294810.0,906.6666666666666,3.3333333333332575,20.0,0.35026408172301465,299.0,16,10,,,,,,,90,53.333333333333336,299.0,142.0,,,,,236.66666666666666,213.0,367.7066666666667,-5.0,51.0,3.7353515625,0.0007729334589935683,2.7160405929618285,,3660.0,1489.4368391532855
0.0,20,0,0,1,1,1,1295736.6666666667,926.6666666666666,20.0,-33.33333333333326,0.07874677138237332,334.0,17,11,,,,,,,90,56.666666666666664,334.0,122.0,136.66666666666666,96.66666666666667,17.0,3.5492786389480777,250.0,223.0,377.96000000000004,-6.0,45.0,4.65087890625,0.00038106347891956363,2.5823077978193583,430.0,3711.0,1295.0842501044424
0.0,20,0,0,1,1,1,1296630.0,893.3333333333334,-33.33333333333326,-6.6666666666667425,0.0779080530700401,347.0,16,11,,,,,,,90,53.333333333333336,347.0,130.0,136.66666666666666,96.66666666666667,19.0,3.195384888402545,166.66666666666666,197.0,383.09333333333336,-22.0,33.0,4.89501953125,0.0004109149064029679,2.6785044723972136,386.6666666666667,4026.0,1021.0672761601908
0.0,20,0,0,0,1,1,1297516.6666666667,886.6666666666666,-6.6666666666667425,13.333333333333371,0.12155332352376685,358.0,17,11,,,,,,,90,56.666666666666664,358.0,171.0,,,,,170.0,187.0,384.12,-4.0,52.0,4.33349609375,0.0006914334363105481,2.550472269006021,,3984.0,1719.2286898540278
0.0,20,0,0,1,1,1,1298416.6666666667,900.0,13.333333333333371,-23.33333333333337,0.199725109526673,291.0,15,9,,,,,,,90,50.0,291.0,219.0,140.0,100.0,27.0,3.542823731258956,166.66666666666666,185.0,375.4,-11.0,32.0,4.7119140625,0.0004707049039516133,2.548947484770174,396.6666666666667,3818.0,1862.6007103872475
0.0,20,0,0,0,1,1,1299293.3333333333,876.6666666666666,-23.33333333333337,-33.33333333333326,0.11990344199637905,322.0,14,9,,,,,,,90,46.666666666666664,322.0,172.0,,,,,243.33333333333334,223.0,375.66,-29.0,50.0,4.21142578125,0.0007553042413309142,2.530285399111966,,3651.0,1579.0110510607403
0.0,20,0,0,0,1,1,1300136.6666666667,843.3333333333334,-33.33333333333326,6.666666666666629,0.1687866927592955,323.0,15,9,,,,,,,90,50.0,323.0,146.0,,,,,263.3333333333333,224.0,380.79333333333335,-17.0,50.0,4.16259765625,0.0009789776904208108,2.578215765923792,,3840.0,1518.0954414433652
0.0,20,0,0,1,1,1,1300986.6666666667,850.0,6.666666666666629,36.66666666666663,0.4691522514791563,354.0,15,9,,,,,,,90,50.0,354.0,159.0,150.0,106.66666666666667,26.0,3.9451799141693478,170.0,198.0,383.1,-29.0,31.0,5.3466796875,0.0004450005131229358,2.560932951879856,340.0,3884.0,955.4669325357262
0.0,20,0,0,1,1,1,1301873.3333333333,886.6666666666666,36.66666666666663,10.0,0.6297088226404111,324.0,15,9,,,,,,,90,50.0,324.0,144.0,126.66666666666667,76.66666666666667,19.0,2.27109447317539,183.33333333333334,186.0,374.12,-13.0,31.0,4.9560546875,0.00036916037532619097,2.549221631045456,396.6666666666667,3938.0,1338.3131030189854
0.0,20,0,0,1,1,1,1302770.0,896.6666666666666,10.0,23.33333333333337,0.6008311766411443,345.0,15,9,,,,,,,90,50.0,345.0,144.0,140.0,93.33333333333333,16.0,3.2981776533966336,186.66666666666666,193.0,375.9133333333333,-18.0,34.0,4.931640625,0.0003573553591762489,2.6307376727738987,396.6666666666667,3880.0,1271.4651077822434
0.0,20,0,0,1,1,1,1303690.0,920.0,23.33333333333337,-3.3333333333333712,0.44029129820911056,318.0,14,9,,,,,,,90,46.666666666666664,318.0,169.0,150.0,103.33333333333333,23.0,2.8686796696878094,170.0,194.0,372.32,-35.0,37.0,5.0048828125,0.00032791694396438293,2.6580890748139536,406.6666666666667,3783.0,1407.3615836684196
0.0,20,0,0,1,1,1,1304606.6666666667,916.6666666666666,-3.3333333333333712,20.0,0.5442940999865414,303.0,16,10,,,,,,,90,53.333333333333336,303.0,173.0,140.0,100.0,23.0,3.7651689865814113,156.66666666666666,176.0,372.83333333333337,-5.0,27.0,4.98046875,0.00039813153822229125,2.588944451688325,410.0,3654.0,1191.338646059728
0.0,20,0,0,1,1,1,1305543.3333333333,936.6666666666666,20.0,-16.66666666666663,0.5864973206496905,342.0,15,9,,,,,,,90,50.0,342.0,145.0,146.66666666666666,100.0,12.0,3.673729087125446,170.0,183.0,369.75333333333333,-9.0,38.0,4.931640625,0.00036657536906196047,2.6225219088237854,430.0,3666.0,1060.7915136678907
0.0,20,0,0,1,1,1,1306463.3333333333,920.0,-16.66666666666663,-10.0,0.6858058282052587,345.0,15,9,,,,,,,90,50.0,345.0,157.0,146.66666666666666,100.0,18.0,4.048949644285546,170.0,183.0,375.65333333333336,-39.0,36.0,4.9560546875,0.0003210708169840247,2.6372344459705275,410.0,3735.0,1102.863202545069
0.0,20,0,0,1,1,1,1307373.3333333333,910.0,-10.0,-6.666666666666629,0.6561985524803527,316.0,15,9,,,,,,,90,50.0,316.0,128.0,143.33333333333334,86.66666666666667,9.0,3.4590124138088534,243.33333333333334,214.0,370.52666666666664,-22.0,42.0,5.18798828125,0.000216337211964578,2.704007571748675,400.0,3674.0,1099.6835443037974
0.0,20,0,0,1,1,1,1308276.6666666667,903.3333333333334,-6.666666666666629,26.66666666666663,0.46631636241835533,292.0,14,8,,,,,,,90,46.666666666666664,292.0,150.0,126.66666666666667,76.66666666666667,17.0,1.7444933921165173,190.0,189.0,378.22,-8.0,40.0,4.9072265625,0.00035739018722893973,2.563950415355439,420.0,3689.0,1329.0932811480757
0.0,20,0,0,0,1,1,1309206.6666666667,930.0,26.66666666666663,-46.66666666666663,0.234705919541441,349.0,15,10,,,,,,,90,50.0,349.0,143.0,,,,,250.0,214.0,377.4466666666667,-29.0,46.0,5.4443359375,0.0002537586599707501,2.747257953500287,,3728.0,1477.2746770070175
0.0,20,0,0,1,1,1,1310090.0,883.3333333333334,-46.66666666666663,-6.6666666666667425,0.11762957192061668,306.0,15,9,,,,,,,90,50.0,306.0,151.0,143.33333333333334,96.66666666666667,11.0,3.718441519820759,186.66666666666666,196.0,377.96666666666664,-2.0,26.0,5.029296875,0.0003573376983406843,2.6817811706676773,373.3333333333333,3671.0,1470.5882352941178
0.0,20,0,0,0,1,1,1310966.6666666667,876.6666666666666,-6.6666666666667425,6.6666666666667425,0.24585921325051757,284.0,17,10,,,,,,,90,56.666666666666664,284.0,142.0,,,,,173.33333333333334,192.0,372.3266666666667,4.0,48.0,4.296875,0.00045106218991160317,2.669246911359446,,3580.0,1774.3717205191936
0.0,20,0,0,1,1,1,1311850.0,883.3333333333334,6.6666666666667425,-10.0,0.4081399895724714,317.0,15,8,,,,,,,90,50.0,317.0,133.0,146.66666666666666,103.33333333333333,22.0,2.95305007220232,233.33333333333334,223.0,361.29999999999995,-25.0,47.0,5.01708984375,0.000401762219414631,2.571382464201197,386.6666666666667,3567.0,1117.6982486674642
0.0,20,0,0,0,1,1,1312723.3333333333,873.3333333333334,-10.0,-23.33333333333337,0.44403584639109656,324.0,15,8,,,,,,,90,50.0,324.0,112.0,,,,,193.33333333333334,230.0,406.17333333333335,-26.0,62.0,3.857421875,0.0007151992161842175,2.6458157772184254,,3770.0,1523.675574308486
0.0,20,0,0,0,1,1,1313573.3333333333,850.0,-23.33333333333337,-13.333333333333371,0.4099791600746309,320.0,14,8,,,,,,,90,46.666666666666664,320.0,151.0,,,,,243.33333333333334,233.0,379.7666666666667,-33.0,49.0,4.47998046875,0.0005943963573707725,2.8155377470301355,,3750.0,1793.4782608695652
0.0,20,0,0,1,1,1,1314410.0,836.6666666666666,-13.333333333333371,30.0,0.4648517181860976,311.0,15,7,,,,,,,90,50.0,311.0,155.0,150.0,96.66666666666667,22.0,3.086782409816472,163.33333333333334,195.0,381.82000000000005,-22.0,29.0,5.322265625,0.0005457747917379082,2.6011138202094926,330.0,3751.0,1646.6920003897496
0.0,20,0,0,0,1,1,1315276.6666666667,866.6666666666666,30.0,10.0,0.5963281880950485,350.0,14,8,,,,,,,90,46.666666666666664,350.0,151.0,,,,,166.66666666666666,191.0,377.20000000000005,-36.0,52.0,4.150390625,0.0008403092559621771,2.5963949103269677,,3653.0,1299.9053926206245
0.0,20,0,0,1,1,1,1316153.3333333333,876.6666666666666,10.0,10.0,0.5306467738214259,310.0,14,8,,,,,,,90,46.666666666666664,310.0,149.0,146.66666666666666,96.66666666666667,20.0,3.0782738226387494,166.66666666666666,194.0,375.66,-29.0,30.0,4.84619140625,0.0006825003751887304,2.607331813171373,370.0,3874.0,1229.2938099389712
0.0,20,0,0,1,1,1,1317040.0,886.6666666666666,10.0,0.0,0.285106059454117,349.0,15,8,,,,,,,90,50.0,349.0,156.0,143.33333333333334,93.33333333333333,18.0,4.098951783292904,246.66666666666666,224.0,377.4533333333333,-24.0,30.0,4.9560546875,0.0006070463384704589,2.6399023399647756,383.3333333333333,3689.0,1360.4086209044478
0.0,20,0,0,0,1,1,1317926.6666666667,886.6666666666666,0.0,33.33333333333337,0.2827604726100967,284.0,16,9,,,,,,,90,53.333333333333336,284.0,163.0,,,,,183.33333333333334,212.0,397.4533333333333,2.0,52.0,4.52880859375,0.0005179740131213209,2.5863831702422826,,3593.0,1909.5341278439869
0.0,20,0,0,1,1,1,1318846.6666666667,920.0,33.33333333333337,-20.0,0.3260169582483632,292.0,15,9,,,,,,,90,50.0,292.0,137.0,163.33333333333334,123.33333333333333,22.0,4.851905183458502,193.33333333333334,205.0,378.9866666666667,-1.0,23.0,4.84619140625,0.00046206092025923284,2.7411454865747946,373.3333333333333,3475.0,1238.3806262230921
0.0,20,0,0,0,1,1,1319746.6666666667,900.0,-20.0,3.3333333333333712,0.5056546324488908,326.0,16,9,,,,,,,90,53.333333333333336,326.0,176.0,,,,,186.66666666666666,199.0,378.73333333333335,-18.0,51.0,3.6865234375,0.0006403782783487285,2.7559840150329054,,3597.0,1661.0718833198289
0.0,20,0,0,0,1,1,1320650.0,903.3333333333334,3.3333333333333712,-6.6666666666667425,0.553927222322156,292.0,16,9,,,,,,,90,53.333333333333336,292.0,161.0,,,,,173.33333333333334,197.0,378.22,-8.0,51.0,3.7109375,0.0005891755052830548,2.7515518380386004,,3488.0,1863.354037267081
0.0,20,0,0,0,1,1,1321546.6666666667,896.6666666666666,-6.6666666666667425,16.666666666666742,0.47054915854738705,285.0,16,9,,,,,,,90,53.333333333333336,285.0,119.0,,,,,186.66666666666666,186.0,375.9133333333333,-7.0,47.0,3.7353515625,0.0007786760355201899,2.6974470478782573,,3391.0,1476.332340284674
0.0,20,0,0,1,1,1,1322460.0,913.3333333333334,16.666666666666742,-20.0,0.2763178850135372,300.0,16,9,,,,,,,90,53.333333333333336,300.0,146.0,153.33333333333334,110.0,21.0,4.223663581308319,170.0,185.0,373.34666666666664,-14.0,29.0,4.8583984375,0.00045442310971333577,2.5158280875449504,396.6666666666667,3550.0,1428.5714285714287
0.0,20,0,0,1,1,1,1323353.3333333333,893.3333333333334,-20.0,10.0,0.1549166475411546,341.0,16,9,,,,,,,90,53.333333333333336,341.0,143.0,153.33333333333334,110.0,18.0,4.188984888788912,190.0,196.0,379.76,-25.0,31.0,4.96826171875,0.0004660043631858612,2.5222759739167078,376.6666666666667,3561.0,1206.7578439259853
0.0,20,0,0,1,1,1,1324256.6666666667,903.3333333333334,10.0,6.666666666666629,0.07914006459108301,286.0,16,9,,,,,,,90,53.333333333333336,286.0,141.0,153.33333333333334,106.66666666666667,22.0,3.8380805438520795,180.0,188.0,371.55333333333334,-9.0,28.0,4.931640625,0.0004690926945060718,2.5923338268106475,383.3333333333333,3464.0,1204.0133779264213
0.0,20,0,0,1,1,1,1325166.6666666667,910.0,6.666666666666629,-36.66666666666663,0.0387396694214876,277.0,16,9,,,,,,,90,53.333333333333336,277.0,140.0,146.66666666666666,106.66666666666667,24.0,2.9941455847647482,176.66666666666666,188.0,370.52666666666664,-2.0,31.0,4.69970703125,0.0004343658072460699,2.5322763128756103,403.3333333333333,3776.0,1315.7502163081422
0.0,20,0,0,0,1,1,1326040.0,873.3333333333334,-36.66666666666663,-43.33333333333337,0.0015711248206299164,315.0,16,9,,,,,,,90,53.333333333333336,315.0,315.0,,,,,230.0,267.0,379.50666666666666,-1.0,61.0,4.21142578125,0.00046952373075444026,2.6468867664576345,,4084.0,2764.3784786641927
0.0,20,0,0,1,1,1,1326870.0,830.0,-43.33333333333337,-26.66666666666663,0.08760056326343481,303.0,16,9,,,,,,,90,53.333333333333336,303.0,169.0,150.0,103.33333333333333,17.0,2.72045032424446,180.0,175.0,379.5133333333333,4.0,30.0,5.5419921875,0.00030185260984217087,2.706439384380473,316.6666666666667,4256.0,1698.8014590932778
0.0,20,0,0,1,1,1,1327673.3333333333,803.3333333333334,-26.66666666666663,-33.33333333333337,0.39181803568558116,307.0,16,9,,,,,,,90,53.333333333333336,307.0,166.0,300.0,153.33333333333334,17.0,1.250823297287912,180.0,201.0,383.62,-4.0,41.0,8.056640625,7.80843120945455e-05,3.1514144376644104,146.66666666666666,3910.0,2354.160497482973
0.0,20,0,0,1,1,1,1328443.3333333333,770.0,-33.33333333333337,-6.666666666666629,0.6273730422401519,302.0,16,9,,,,,,,90,53.333333333333336,302.0,201.0,150.0,100.0,18.0,3.4272010900303957,163.33333333333334,183.0,382.0866666666667,-11.0,44.0,5.712890625,0.0003727981070669808,2.8387254468600456,263.3333333333333,4149.0,2628.0492916422168
0.0,20,0,0,1,1,1,1329206.6666666667,763.3333333333334,-6.666666666666629,-6.6666666666667425,0.8832698302736405,380.0,18,11,,,,,,,90,60.0,380.0,170.0,183.33333333333334,140.0,20.0,4.290515086563246,176.66666666666666,198.0,393.1133333333333,-7.0,52.0,7.01904296875,0.00020480036885161157,2.9374221362831525,223.33333333333334,4155.0,1755.6952081696777
0.0,20,0,0,1,1,1,1329963.3333333333,756.6666666666666,-6.6666666666667425,-26.66666666666663,0.9836403114704999,350.0,18,11,,,,,,,90,60.0,350.0,162.0,163.33333333333334,143.33333333333334,41.0,4.018679238359738,196.66666666666666,207.0,397.47333333333336,7.0,45.0,6.8359375,0.00017109716599727253,2.9269788742158167,233.33333333333334,4140.0,1604.0816326530612
0.0,20,0,0,1,1,1,1330693.3333333333,730.0,-26.66666666666663,-6.666666666666629,1.0400659999496185,307.0,16,10,,,,,,,90,53.333333333333336,307.0,168.0,146.66666666666666,100.0,18.0,4.361194790467955,250.0,221.0,388.24666666666667,-4.0,47.0,6.7626953125,0.00024319071711209386,2.921767999533855,223.33333333333334,3996.0,1837.7169526958044
0.0,20,0,0,1,1,1,1331416.6666666667,723.3333333333334,-6.666666666666629,6.666666666666629,1.1244715277415314,298.0,16,10,,,,,,,90,53.333333333333336,298.0,188.0,153.33333333333334,103.33333333333333,25.0,3.2084669224098885,170.0,182.0,395.94,-11.0,61.0,6.787109375,0.00029909075797377566,2.9205400894004994,220.0,3885.0,3340.4514948139113
0.0,20,0,0,1,1,1,1332146.6666666667,730.0,6.666666666666629,-33.33333333333337,1.0830788268127007,326.0,16,10,,,,,,,90,53.333333333333336,326.0,172.0,153.33333333333334,113.33333333333333,21.0,4.630293476512726,220.0,209.0,394.91333333333336,-16.0,22.0,6.43310546875,0.00010124883005859906,2.85244552149895,220.0,3933.0,1254.8800892359172
0.0,20,0,0,1,1,1,1332843.3333333333,696.6666666666666,-33.33333333333337,6.6666666666667425,0.9303995821363281,341.0,16,10,,,,,,,90,53.333333333333336,341.0,219.0,146.66666666666666,100.0,21.0,2.8918910161555846,180.0,161.0,396.7133333333333,5.0,45.0,5.95703125,9.41564653108444e-05,3.146669322256555,193.33333333333334,3940.0,1820.2042673677822
0.0,20,0,0,1,1,1,1333546.6666666667,703.3333333333334,6.6666666666667425,-23.33333333333337,0.9697392160078727,312.0,16,10,,,,,,,90,53.333333333333336,312.0,171.0,143.33333333333334,86.66666666666667,22.0,3.6382863630843847,176.66666666666666,190.0,395.6866666666666,1.0,33.0,6.77490234375,0.00017979738921383896,2.9450603298969282,206.66666666666666,3997.0,1628.4119106699752
0.0,20,0,0,1,1,1,1334226.6666666667,680.0,-23.33333333333337,13.333333333333371,0.7621847942439803,322.0,16,10,,,,,,,90,53.333333333333336,322.0,183.0,150.0,100.0,23.0,4.294750644122715,260.0,195.0,405.94666666666666,-3.0,47.0,7.421875,9.418830908418568e-05,3.1565877923959356,176.66666666666666,3947.0,2408.2971991093405
0.0,20,0,0,1,1,1,1334920.0,693.3333333333334,13.333333333333371,3.3333333333332575,0.785406283250266,319.0,16,10,,,,,,,90,53.333333333333336,319.0,182.0,163.33333333333334,116.66666666666667,27.0,4.766727116985802,243.33333333333334,197.0,407.22666666666663,0.0,28.0,7.71484375,0.00018490244122603035,3.1460833255884424,170.0,4024.0,1622.7180527383366
0.0,20,0,0,1,1,1,1335616.6666666667,696.6666666666666,3.3333333333332575,-20.0,0.6664881124067741,345.0,16,10,,,,,,,90,53.333333333333336,345.0,173.0,150.0,106.66666666666667,20.0,3.265023013018574,246.66666666666666,197.0,410.0466666666667,8.0,29.0,8.251953125,8.788715887569192e-05,3.047416482601535,183.33333333333334,4217.0,1786.5612648221343
0.0,20,0,0,1,1,1,1336293.3333333333,676.6666666666666,-20.0,10.0,0.5108880013131257,341.0,15,10,,,,,,,90,50.0,341.0,187.0,163.33333333333334,120.0,25.0,4.795784769396931,183.33333333333334,174.0,403.12666666666667,-21.0,16.0,6.31103515625,0.00014692825526184364,3.1291516404947464,146.66666666666666,4358.0,1599.5734470807786
0.0,20,0,0,1,1,1,1336980.0,686.6666666666666,10.0,-20.0,0.420002532678589,332.0,15,10,,,,,,,90,50.0,332.0,212.0,146.66666666666666,93.33333333333333,24.0,3.610886150383097,180.0,184.0,394.92,-18.0,31.0,8.6669921875,9.677505012294603e-05,3.0908493474418712,183.33333333333334,4353.0,2530.1204819277104
0.0,20,0,0,1,1,1,1337646.6666666667,666.6666666666666,-20.0,3.3333333333333712,0.3091259818479558,315.0,15,10,,,,,,,90,50.0,315.0,192.0,146.66666666666666,93.33333333333333,12.0,3.7946445057307088,166.66666666666666,152.0,404.6666666666667,-4.0,33.0,8.0322265625,9.131017200810591e-05,3.148699095893475,170.0,4457.0,2072.829131652661
0.0,20,0,0,1,1,1,1338316.6666666667,670.0,3.3333333333333712,-6.666666666666629,0.16069821589269645,383.0,15,9,,,,,,,90,50.0,383.0,247.0,156.66666666666666,116.66666666666667,42.0,5.0493425859560865,186.66666666666666,184.0,410.81999999999994,-17.0,32.0,6.92138671875,0.0001067152190456365,3.1535430729986116,160.0,4506.0,1370.757180156658
0.0,20,0,0,1,1,1,1338980.0,663.3333333333334,-6.666666666666629,10.0,0.15994654231119196,362.0,15,10,,,,,,,90,50.0,362.0,209.0,153.33333333333334,110.0,24.0,5.1104113198997965,170.0,158.0,405.18,-17.0,17.0,6.50634765625,0.0001399110372279049,3.1421950679400887,143.33333333333334,4535.0,1349.0941796222535
0.0,20,0,0,1,1,1,1339653.3333333333,673.3333333333334,10.0,-6.6666666666667425,0.16147320980034735,299.0,16,9,,,,,,,90,53.333333333333336,299.0,245.0,143.33333333333334,90.0,20.0,2.4089422569122743,180.0,181.0,400.3066666666667,10.0,22.0,8.740234375,9.358204549061166e-05,3.0963982083870474,176.66666666666666,4193.0,3275.0678361835053
0.0,20,0,0,1,1,1,1340320.0,666.6666666666666,-6.6666666666667425,3.3333333333333712,0.1591545709192768,274.0,16,10,,,,,,,90,53.333333333333336,274.0,184.0,156.66666666666666,116.66666666666667,22.0,5.192373654338741,196.66666666666666,199.0,404.6666666666667,9.0,23.0,6.8359375,5.025214270197e-05,3.1521712795236416,153.33333333333334,4109.0,1689.9397016820058
0.0,20,0,0,1,1,1,1340990.0,670.0,3.3333333333333712,6.666666666666629,0.15748425157484253,341.0,17,10,,,,,,,90,56.666666666666664,341.0,190.0,146.66666666666666,93.33333333333333,34.0,4.28239588193507,103.33333333333333,214.0,437.4866666666666,-3.0,37.0,8.67919921875,0.00017690676447457555,3.0874593607800644,166.66666666666666,4521.0,1724.3401759530793
0.0,20,0,0,0,1,1,1341666.6666666667,676.6666666666666,6.666666666666629,-16.66666666666663,0.0,316.0,17,11,,,,,,,90,56.666666666666664,316.0,277.0,,,,,250.0,221.0,416.46000000000004,3.0,82.0,3.662109375,0.0003618738766103232,2.831778333171396,,4830.0,4434.1027550260615
0.0,20,0,0,0,1,1,1342326.6666666667,660.0,-16.66666666666663,3.3333333333333712,0.0,325.0,17,10,,,,,,,90,56.666666666666664,325.0,290.0,,,,,170.0,157.0,402.36,5.0,105.0,8.92333984375,0.0006314961699824782,2.7873095744930048,,4667.0,3440.5594405594406
0.0,20,0,0,1,1,1,1342990.0,663.3333333333334,3.3333333333333712,0.0,0.0,298.0,17,9,,,,,,,90,56.666666666666664,298.0,239.0,143.33333333333334,123.33333333333333,55.0,2.9574633621730566,196.66666666666666,166.0,408.5133333333333,2.0,31.0,7.0068359375,8.130413327871637e-05,3.1604104041002947,170.0,4645.0,2033.1622581918675
0.0,20,0,0,1,1,1,1343653.3333333333,663.3333333333334,0.0,-6.6666666666667425,0.0,332.0,17,10,,,,,,,90,56.666666666666664,332.0,243.0,153.33333333333334,100.0,18.0,3.3433257174269873,153.33333333333334,197.0,455.17999999999995,20.0,34.0,7.65380859375,7.734399789020636e-05,3.158500592267141,146.66666666666666,4717.0,2361.7196056955095
0.0,20,0,0,0,1,1,1344310.0,656.6666666666666,-6.6666666666667425,-3.3333333333332575,0.0,294.0,16,11,,,,,,,90,53.333333333333336,294.0,318.0,,,,,183.33333333333334,167.0,419.54,-16.0,96.0,10.5712890625,0.0003056934843056002,2.905263275601211,,4809.0,4384.997242140099
0.0,20,0,0,0,1,1,1344963.3333333333,653.3333333333334,-3.3333333333332575,-10.0,0.0,306.0,17,10,,,,,,,90,56.666666666666664,306.0,283.0,,,,,163.33333333333334,163.0,410.0533333333334,-12.0,80.0,8.935546875,0.00036569767246972374,2.8634701495290154,,4840.0,3625.1709986320107
0.0,20,0,0,0,1,1,1345606.6666666667,643.3333333333334,-10.0,-3.3333333333333712,0.0010936292451041863,368.0,17,10,,,,,,,90,56.666666666666664,368.0,368.0,,,,,173.33333333333334,158.0,401.59333333333336,-23.0,84.0,3.38134765625,0.0002836559129682028,2.9149729313568633,,4938.0,3932.2250639386193
0.0,20,0,0,0,1,1,1346246.6666666667,640.0,-3.3333333333333712,0.0,0.05663059088284499,332.0,17,10,,,,,,,90,56.666666666666664,332.0,415.0,,,,,186.66666666666666,184.0,415.44,14.0,98.0,9.2529296875,0.00032581907101994506,2.9674097316476895,,5321.0,4590.776900706273
0.0,20,0,0,0,1,1,1346886.6666666667,640.0,0.0,0.0,0.10937499999999999,350.0,16,10,,,,,,,90,53.333333333333336,350.0,402.0,,,,,236.66666666666666,221.0,412.1066666666667,-15.0,88.0,5.126953125,0.0002858529251653351,3.0859402876077486,,5263.0,4378.657487091222
0.0,20,0,0,0,1,1,1347526.6666666667,640.0,0.0,0.0,0.0,344.0,17,10,,,,,,,90,56.666666666666664,344.0,411.0,,,,,193.33333333333334,176.0,422.1066666666667,-18.0,68.0,5.48095703125,0.0003586389872483423,3.0842228313551265,,4852.0,4806.893687707641
0.0,20,0,0,0,1,1,1348166.6666666667,640.0,0.0,10.0,0.0,294.0,17,11,,,,,,,90,56.666666666666664,294.0,208.0,,,,,213.33333333333334,183.0,408.7733333333333,2.0,64.0,4.87060546875,0.0003535775675757562,3.061279847983372,,4458.0,2818.877551020408
0.0,20,0,0,1,1,1,1348816.6666666667,650.0,10.0,-6.666666666666629,0.0,330.0,16,10,,,,,,,90,53.333333333333336,330.0,173.0,143.33333333333334,93.33333333333333,15.0,3.9356294969653156,193.33333333333334,174.0,407.23333333333335,7.0,25.0,6.8359375,8.078246274335451e-05,3.1560583979399546,153.33333333333334,4001.0,1857.707509881423
0.0,20,0,0,1,1,1,1349460.0,643.3333333333334,-6.666666666666629,6.666666666666629,0.0,317.0,17,10,,,,,,,90,56.666666666666664,317.0,167.0,143.33333333333334,103.33333333333333,20.0,2.7334505996064546,180.0,168.0,414.9266666666667,-3.0,29.0,6.57958984375,8.39405721552234e-05,3.1472714715582946,143.33333333333334,3967.0,2222.874330570024
0.0,20,0,0,1,1,1,1350110.0,650.0,6.666666666666629,3.3333333333333712,0.0,306.0,17,11,,,,,,,90,56.666666666666664,306.0,202.0,146.66666666666666,93.33333333333333,19.0,2.4227142669258193,200.0,160.0,413.9,-1.0,26.0,6.298828125,0.00012115481716284093,3.1341126445399805,136.66666666666666,3965.0,2415.1123864179817
0.0,20,0,0,1,1,1,1350763.3333333333,653.3333333333334,3.3333333333333712,-3.3333333333333712,0.0,336.0,17,10,,,,,,,90,56.666666666666664,336.0,191.0,146.66666666666666,100.0,19.0,2.8335332003854337,180.0,153.0,406.71999999999997,27.0,18.0,6.31103515625,8.82005128022542e-05,3.1336738226452283,146.66666666666666,3876.0,1298.7012987012988
0.0,20,0,0,1,1,1,1351413.3333333333,650.0,-3.3333333333333712,-10.0,0.0,312.0,17,11,,,,,,,90,56.666666666666664,312.0,197.0,146.66666666666666,93.33333333333333,13.0,1.116173095410307,186.66666666666666,160.0,407.23333333333335,6.0,26.0,7.080078125,9.039997821353024e-05,3.157732312778684,143.33333333333334,3881.0,1498.211091234347
0.0,20,0,0,1,1,1,1352053.3333333333,640.0,-10.0,0.0,0.0,309.0,17,10,,,,,,,90,56.666666666666664,309.0,171.0,140.0,103.33333333333333,29.0,4.042062502053394,250.0,197.0,405.43999999999994,10.0,24.0,7.1533203125,6.758021906506322e-05,3.158351717769737,146.66666666666666,4032.0,1610.7678729037953
0.0,20,0,0,0,1,1,1352693.3333333333,640.0,0.0,-3.3333333333333712,0.0,327.0,17,11,,,,,,,90,56.666666666666664,327.0,251.0,,,,,203.33333333333334,164.0,452.1066666666667,13.0,87.0,9.24072265625,0.000722045582513176,2.880176220882009,,4434.0,3194.819212088505
0.0,20,0,0,1,1,0,1353330.0,636.6666666666666,-3.3333333333333712,-3.3333333333332575,0.0,353.0,15,9,,,,,,,90,50.0,353.0,242.0,156.66666666666666,103.33333333333333,32.0,3.525642610682601,246.66666666666666,197.0,412.62000000000006,-39.0,,,,,86.66666666666667,4716.0,
0.0,20,0,0,0,1,1,1353963.3333333333,633.3333333333334,-3.3333333333332575,-6.6666666666667425,0.0,342.0,15,9,,,,,,,90,50.0,342.0,276.0,,,,,173.33333333333334,159.0,399.8,-38.0,62.0,4.60205078125,0.00017744797004670508,2.8960322910769314,,4924.0,3241.335044929397
0.0,20,0,0,1,1,1,1354590.0,626.6666666666666,-6.6666666666667425,-10.0,0.0,320.0,15,9,,,,,,,90,50.0,320.0,276.0,176.66666666666666,130.0,36.0,4.540288048225513,153.33333333333334,159.0,397.49333333333334,-9.0,33.0,3.0029296875,2.7674167340731514e-06,2.8916640979512707,103.33333333333333,4998.0,3870.9677419354844
0.0,20,0,0,0,1,1,1355206.6666666667,616.6666666666666,-10.0,0.0,0.0022803630337949804,313.0,17,9,,,,,,,90,56.666666666666664,313.0,340.0,,,,,160.0,160.0,412.3666666666667,-12.0,77.0,5.11474609375,0.0002528574818049323,3.017778798833683,,5127.0,4418.296579131926
0.0,20,0,0,0,1,1,1355823.3333333333,616.6666666666666,0.0,10.0,0.11583011583011583,393.0,13,7,,,,,,,90,43.333333333333336,393.0,384.0,,,,,240.0,193.0,395.7,-42.0,77.0,4.541015625,0.00047050962440382333,2.797392519299862,,5386.0,4255.725190839694
0.0,20,0,0,0,1,1,1356450.0,626.6666666666666,10.0,0.0,0.11347671025613315,341.0,16,11,,,,,,,90,53.333333333333336,341.0,283.0,,,,,220.0,201.0,414.16,-5.0,83.0,5.029296875,0.00020177357593479097,2.94999954011917,,5231.0,3283.026965167013
0.0,20,0,0,1,1,1,1357076.6666666667,626.6666666666666,0.0,3.3333333333333712,0.0,337.0,16,11,,,,,,,90,53.333333333333336,337.0,278.0,136.66666666666666,76.66666666666667,25.0,2.987074293905721,193.33333333333334,160.0,407.49333333333334,-3.0,32.0,6.11572265625,0.00010283881641326432,3.105049276562577,130.0,4875.0,3013.0107281442592
0.0,20,0,0,1,1,1,1357706.6666666667,630.0,3.3333333333333712,16.66666666666663,0.0,334.0,16,10,,,,,,,90,53.333333333333336,334.0,247.0,143.33333333333334,123.33333333333333,41.0,1.6732787936849007,190.0,168.0,400.3133333333333,5.0,23.0,6.0302734375,8.799818912518003e-05,3.0854019180942274,136.66666666666666,4438.0,2585.073754929166
0.0,20,0,0,1,1,1,1358353.3333333333,646.6666666666666,16.66666666666663,-13.333333333333258,0.002266374556168316,275.0,16,11,,,,,,,90,53.333333333333336,275.0,249.0,153.33333333333334,123.33333333333333,37.0,5.354126236352741,203.33333333333334,178.0,397.74666666666667,0.0,30.0,6.6650390625,7.53800510521225e-05,3.1528765673655164,143.33333333333334,4249.0,3323.4672304439746
0.0,20,0,0,1,1,1,1358986.6666666667,633.3333333333334,-13.333333333333258,3.3333333333332575,0.1105021216407355,272.0,15,10,,,,,,,90,50.0,272.0,224.0,146.66666666666666,96.66666666666667,28.0,4.277627216286582,196.66666666666666,147.0,413.1333333333333,5.0,26.0,7.2021484375,2.5581395300036033e-05,3.157560167946462,143.33333333333334,4096.0,2462.380300957592
0.0,20,0,0,1,1,1,1359623.3333333333,636.6666666666666,3.3333333333332575,10.0,0.11277008435202307,283.0,15,8,,,,,,,90,50.0,283.0,253.0,163.33333333333334,110.0,26.0,2.654764138842957,173.33333333333334,162.0,409.2866666666667,-21.0,19.0,3.0029296875,2.9733855258777837e-06,3.16708237576805,120.0,4077.0,2915.194346289753
0.0,20,0,0,0,1,1,1360270.0,646.6666666666666,10.0,3.3333333333333712,0.11215624112096426,296.0,14,8,,,,,,,90,46.666666666666664,296.0,203.0,,,,,180.0,148.0,401.08,-21.0,62.0,8.740234375,0.0003254569799930438,2.8090512207140286,,4118.0,2842.497670083877
0.0,20,0,0,1,1,1,1360920.0,650.0,3.3333333333333712,-10.0,0.10823626430264921,285.0,15,8,,,,,,,90,50.0,285.0,310.0,146.66666666666666,100.0,36.0,4.841935333707397,183.33333333333334,154.0,400.56666666666666,-9.0,25.0,6.62841796875,9.123390056478934e-05,3.1518326704255504,153.33333333333334,4123.0,3363.844393592677
0.0,20,0,0,1,1,1,1361560.0,640.0,-10.0,-13.333333333333371,0.0,332.0,15,10,,,,,,,90,50.0,332.0,253.0,150.0,96.66666666666667,28.0,1.0034788696979238,183.33333333333334,147.0,395.44,-23.0,28.0,6.09130859375,5.958419327063409e-05,3.0916832816411564,133.33333333333334,4119.0,1874.9999999999998
0.0,20,0,0,1,1,1,1362186.6666666667,626.6666666666666,-13.333333333333371,10.0,0.0,300.0,15,10,,,,,,,90,50.0,300.0,223.0,146.66666666666666,96.66666666666667,28.0,4.722087831375244,193.33333333333334,160.0,407.49333333333334,-1.0,36.0,6.9580078125,7.099524356195509e-05,3.1539299675548316,136.66666666666666,4196.0,2195.121951219512
0.0,20,0,0,1,1,1,1362823.3333333333,636.6666666666666,10.0,-3.3333333333332575,0.0,322.0,15,10,,,,,,,90,50.0,322.0,212.0,163.33333333333334,133.33333333333334,37.0,5.200930081929737,246.66666666666666,194.0,395.9533333333334,-29.0,26.0,11.99951171875,3.720426808984118e-06,3.150260086150893,120.0,4041.0,1889.2339544513457
0.0,20,0,0,1,1,1,1363456.6666666667,633.3333333333334,-3.3333333333332575,0.0,0.0,278.0,14,9,,,,,,,90,46.666666666666664,278.0,172.0,150.0,96.66666666666667,21.0,3.4294208750334008,196.66666666666666,168.0,399.8,-19.0,25.0,6.77490234375,7.59846500929958e-05,3.1534959931831055,143.33333333333334,4124.0,2359.0429981596117
0.0,20,0,0,1,1,1,1364090.0,633.3333333333334,0.0,0.0,0.0,336.0,14,9,,,,,,,90,46.666666666666664,336.0,222.0,166.66666666666666,113.33333333333333,26.0,4.4579993017865895,190.0,164.0,399.8,-22.0,23.0,11.99951171875,7.2319629520685544e-06,3.112459243694165,120.0,4194.0,1686.5079365079364
0.0,20,0,0,1,1,1,1364723.3333333333,633.3333333333334,0.0,-6.6666666666667425,0.0,307.0,14,9,,,,,,,90,46.666666666666664,307.0,275.0,166.66666666666666,126.66666666666667,27.0,4.6402607403766325,180.0,173.0,389.79999999999995,-3.0,26.0,11.99951171875,4.761095074145711e-06,3.143165789376967,120.0,4415.0,2660.1520086862106
0.0,20,0,0,1,1,1,1365350.0,626.6666666666666,-6.6666666666667425,0.0,0.0,291.0,14,9,,,,,,,90,46.666666666666664,291.0,256.0,143.33333333333334,93.33333333333333,17.0,3.2644439377699275,210.0,175.0,400.82666666666665,2.0,40.0,9.0087890625,0.00010011497285311626,3.1461243217925796,146.66666666666666,4586.0,3865.9793814432987
0.0,20,0,0,0,1,1,1365976.6666666667,626.6666666666666,0.0,20.0,0.0,336.0,14,8,,,,,,,90,46.666666666666664,336.0,223.0,,,,,233.33333333333334,215.0,400.82666666666665,-11.0,54.0,8.7646484375,0.0002731153345564973,2.991750793646739,,4573.0,2657.5630252100837
0.0,20,0,0,1,1,1,1366623.3333333333,646.6666666666666,20.0,16.666666666666742,0.0,315.0,14,8,,,,,,,90,46.666666666666664,315.0,248.0,166.66666666666666,106.66666666666667,24.0,3.2986361762231535,210.0,181.0,414.4133333333333,-7.0,34.0,5.9814453125,0.00011734775741899803,3.0982044991207713,133.33333333333334,4476.0,2880.9523809523807
0.0,20,0,0,1,1,1,1367286.6666666667,663.3333333333334,16.666666666666742,23.333333333333258,0.0022079929344226102,287.0,14,9,,,,,,,90,46.666666666666664,287.0,238.0,136.66666666666666,96.66666666666667,23.0,3.7957725790952317,183.33333333333334,173.0,408.5133333333333,18.0,40.0,5.6884765625,7.666682497804969e-05,3.0134695853119746,160.0,4277.0,2918.1184668989545
0.0,20,0,0,1,1,1,1367973.3333333333,686.6666666666666,23.333333333333258,6.6666666666667425,0.11406189471871907,286.0,13,8,,,,,,,90,43.333333333333336,286.0,290.0,170.0,123.33333333333333,39.0,4.0352026950212725,203.33333333333334,172.0,394.92,-4.0,31.0,6.0546875,4.053189729939828e-05,3.1139403889557586,160.0,4138.0,3059.4405594405594
0.0,20,0,0,1,1,1,1368666.6666666667,693.3333333333334,6.6666666666667425,3.3333333333332575,0.42120808719527414,290.0,14,9,,,,,,,90,46.666666666666664,290.0,263.0,146.66666666666666,100.0,24.0,4.655968577523147,210.0,166.0,410.56,15.0,28.0,8.349609375,0.0001280113268469897,3.0697503590380526,193.33333333333334,4277.0,3335.315101070154
0.0,20,0,0,1,1,1,1369363.3333333333,696.6666666666666,3.3333333333332575,6.6666666666667425,0.6726688367876715,330.0,13,8,,,,,,,90,43.333333333333336,330.0,263.0,136.66666666666666,86.66666666666667,30.0,3.4910362742537195,223.33333333333334,198.0,403.38,-18.0,33.0,7.8125,0.00010892862069742882,3.0752529348780056,196.66666666666666,4322.0,2557.7812018489985
0.0,20,0,0,1,1,1,1370066.6666666667,703.3333333333334,6.6666666666667425,13.333333333333258,0.8211005412497949,338.0,13,8,,,,,,,90,43.333333333333336,338.0,199.0,133.33333333333334,83.33333333333333,18.0,2.9404237076950235,216.66666666666666,206.0,392.35333333333335,-17.0,33.0,6.72607421875,9.767150546438676e-05,3.025633387544781,210.0,4388.0,1986.4750633981403
0.0,20,0,0,0,1,1,1370783.3333333333,716.6666666666666,13.333333333333258,-3.3333333333332575,0.8618939332412897,298.0,14,9,,,,,,,90,46.666666666666664,298.0,220.0,,,,,166.66666666666666,154.0,383.6333333333334,-9.0,60.0,6.0302734375,0.0005272509575570055,2.6764242727234473,,4220.0,3297.210762884059
0.0,20,0,0,1,1,1,1371496.6666666667,713.3333333333334,-3.3333333333332575,10.0,0.7934292891033052,271.0,13,8,,,,,,,90,43.333333333333336,271.0,193.0,143.33333333333334,100.0,23.0,4.265249895260425,213.33333333333334,169.0,390.81333333333333,-5.0,26.0,6.57958984375,0.0002473877537883041,2.936370751473407,230.0,4080.0,2823.6804107171506
0.0,20,0,0,1,1,1,1372220.0,723.3333333333334,10.0,3.3333333333332575,0.5976295030765739,287.0,14,9,,,,,,,90,46.666666666666664,287.0,209.0,150.0,106.66666666666667,29.0,4.254539728719944,203.33333333333334,199.0,395.94,1.0,22.0,6.5673828125,0.00020830676094683433,2.9473355770736065,220.0,4125.0,2787.456445993031
0.0,20,0,0,1,1,1,1372946.6666666667,726.6666666666666,3.3333333333332575,-3.3333333333332575,0.44136814250167855,280.0,13,9,,,,,,,90,43.333333333333336,280.0,216.0,146.66666666666666,96.66666666666667,20.0,2.914205802984471,173.33333333333334,176.0,382.09333333333336,-7.0,29.0,7.32421875,6.104578010142818e-05,3.094536032987402,223.33333333333334,4160.0,2974.4136460554373
0.0,20,0,0,1,1,1,1373670.0,723.3333333333334,-3.3333333333332575,-30.0,0.29294954976210136,279.0,14,8,,,,,,,90,46.666666666666664,279.0,227.0,153.33333333333334,100.0,29.0,4.162793573463119,186.66666666666666,173.0,379.27333333333337,-17.0,37.0,6.689453125,0.00011872116073292943,2.9568092396787558,230.0,4210.0,3069.9703911485117
0.0,20,0,0,1,1,1,1374363.3333333333,693.3333333333334,-30.0,0.0,0.1976623137032693,330.0,14,9,,,,,,,90,46.666666666666664,330.0,194.0,156.66666666666666,100.0,21.0,4.115852158871935,163.33333333333334,174.0,387.2266666666667,-29.0,29.0,8.63037109375,0.0002611408064004832,3.0886913762938537,193.33333333333334,4153.0,1927.8996865203762
0.0,20,0,0,1,1,1,1375056.6666666667,693.3333333333334,0.0,-16.666666666666742,0.20810439560439556,298.0,14,9,,,,,,,90,46.666666666666664,298.0,224.0,153.33333333333334,86.66666666666667,22.0,3.2682352631489255,173.33333333333334,190.0,377.22666666666663,1.0,35.0,8.43505859375,0.00017020186755041316,3.082361432397179,196.66666666666666,4308.0,2320.5551131839384
0.0,20,0,0,0,1,1,1375733.3333333333,676.6666666666666,-16.666666666666742,-13.333333333333258,0.3143681715110286,299.0,14,9,,,,,,,90,46.666666666666664,299.0,262.0,,,,,220.0,214.0,423.12666666666667,5.0,67.0,6.8603515625,0.0008066037591585093,2.699486193461766,,4167.0,3389.9405786277885
0.0,20,0,0,1,1,1,1376396.6666666667,663.3333333333334,-13.333333333333258,30.0,0.5860860015206555,288.0,14,8,,,,,,,90,46.666666666666664,288.0,171.0,156.66666666666666,110.0,27.0,4.718448599730063,176.66666666666666,190.0,381.8466666666667,9.0,32.0,5.89599609375,0.00012558741374314172,3.053222040511785,133.33333333333334,4120.0,2265.625
0.0,20,0,0,1,1,1,1377090.0,693.3333333333334,30.0,53.33333333333326,0.8628232897737868,316.0,14,9,,,,,,,90,46.666666666666664,316.0,234.0,140.0,103.33333333333333,39.0,3.9734947584643763,190.0,204.0,407.22666666666663,1.0,29.0,6.57958984375,0.0004649183071714182,2.898131171467847,216.66666666666666,3984.0,2278.481012658228
0.0,20,0,0,1,1,1,1377836.6666666667,746.6666666666666,53.33333333333326,30.0,0.9257735352205398,294.0,14,9,,,,,,,90,46.666666666666664,294.0,231.0,170.0,120.0,24.0,3.575100052089633,213.33333333333334,188.0,385.68,-5.0,30.0,6.7626953125,0.0002595477413104558,3.033662405181815,213.33333333333334,4211.0,3172.831632653061
0.0,20,0,0,0,1,1,1378613.3333333333,776.6666666666666,30.0,36.66666666666674,0.862189821954297,311.0,14,9,,,,,,,90,46.666666666666664,311.0,308.0,,,,,213.33333333333334,218.0,401.06,-14.0,78.0,4.91943359375,0.0007139572182671858,2.8220578663274605,,4147.0,3270.6993569131832
0.0,20,0,0,1,1,1,1379426.6666666667,813.3333333333334,36.66666666666674,40.0,0.9197324414715718,304.0,14,10,,,,,,,90,46.666666666666664,304.0,250.0,173.33333333333334,136.66666666666666,23.0,4.940607995734844,233.33333333333334,228.0,372.08,18.0,27.0,6.89697265625,0.0002579352204985131,2.974132526194582,266.6666666666667,3992.0,1998.3552631578946
0.0,20,0,0,1,1,1,1380280.0,853.3333333333334,40.0,13.333333333333258,0.9238570960647605,275.0,14,9,,,,,,,90,46.666666666666664,275.0,166.0,130.0,93.33333333333333,31.0,3.9320687010520814,190.0,195.0,369.25333333333333,20.0,40.0,5.52978515625,0.0004261530579238428,2.916629301010711,380.0,4035.0,2507.1770334928233
0.0,20,0,0,1,1,1,1381146.6666666667,866.6666666666666,13.333333333333258,-16.66666666666663,1.0049872807604765,287.0,14,9,,,,,,,90,46.666666666666664,287.0,247.0,143.33333333333334,123.33333333333333,47.0,2.004253391975425,173.33333333333334,181.0,363.8666666666667,-2.0,36.0,5.2001953125,0.0003321921892470724,2.864733729756074,373.3333333333333,3961.0,2519.910403185665
0.0,20,0,0,1,1,1,1381996.6666666667,850.0,-16.66666666666663,-6.666666666666629,1.0306161710548014,341.0,14,9,,,,,,,90,46.666666666666664,341.0,220.0,150.0,96.66666666666667,20.0,3.8978289272371818,213.33333333333334,233.0,409.76666666666665,-18.0,36.0,5.4443359375,0.00043153742474023475,2.792314868224472,353.3333333333333,4303.0,1867.4265478891166
0.0,20,0,0,1,1,1,1382840.0,843.3333333333334,-6.666666666666629,10.0,1.0480635617912055,341.0,14,8,,,,,,,90,46.666666666666664,341.0,229.0,146.66666666666666,90.0,27.0,2.9722776806136615,186.66666666666666,217.0,384.12666666666667,-17.0,40.0,6.0302734375,0.00024978969753152163,2.9514098443377246,310.0,4424.0,2506.85838615079
0.0,20,0,0,1,1,1,1383693.3333333333,853.3333333333334,10.0,-33.33333333333337,0.9280690067855166,301.0,14,9,,,,,,,90,46.666666666666664,301.0,254.0,143.33333333333334,93.33333333333333,23.0,4.4946753871140395,170.0,211.0,379.25333333333333,7.0,32.0,5.67626953125,0.00037270608866059855,2.725485869607195,343.3333333333333,4430.0,2602.9739057510565
0.0,20,0,0,1,1,1,1384513.3333333333,820.0,-33.33333333333337,-16.66666666666663,0.7522618116832347,334.0,14,9,,,,,,,90,46.666666666666664,334.0,261.0,146.66666666666666,100.0,28.0,4.647411405325197,146.66666666666666,185.0,367.72,-39.0,37.0,5.908203125,0.0003844191012821945,2.8331568045521403,313.3333333333333,4383.0,2541.7250605172635
0.0,20,0,0,1,1,1,1385316.6666666667,803.3333333333334,-16.66666666666663,-23.33333333333337,0.6954046360309069,356.0,14,9,,,,,,,90,46.666666666666664,356.0,219.0,140.0,93.33333333333333,26.0,4.030890102317986,163.33333333333334,206.0,366.9533333333334,0.0,38.0,5.615234375,0.0002468812998337803,2.9628277873499016,320.0,4458.0,2203.300561797753
0.0,20,0,0,1,1,1,1386096.6666666667,780.0,-23.33333333333337,-6.666666666666629,0.6236580823477775,323.0,14,9,,,,,,,90,46.666666666666664,323.0,233.0,150.0,110.0,39.0,3.758776081045678,186.66666666666666,223.0,377.2133333333333,9.0,48.0,5.8837890625,0.000353604483438384,2.872886187488983,290.0,4472.0,2145.8311092131953
0.0,20,0,0,1,1,1,1386870.0,773.3333333333334,-6.666666666666629,-16.666666666666742,0.6896783332926263,309.0,14,9,,,,,,,90,46.666666666666664,309.0,238.0,173.33333333333334,133.33333333333334,25.0,3.7150599835427034,173.33333333333334,202.0,371.5733333333333,21.0,34.0,5.31005859375,0.00035652946564532976,2.7830555056441266,253.33333333333334,4643.0,3436.3822176801227
0.0,20,0,0,0,1,1,1387626.6666666667,756.6666666666666,-16.666666666666742,-16.66666666666663,0.8325632969876178,318.0,14,9,,,,,,,90,46.666666666666664,318.0,241.0,,,,,150.0,206.0,364.14000000000004,0.0,65.0,5.23681640625,0.0011312873699798986,2.609477187428217,,4411.0,3456.6037735849054
0.0,20,0,0,1,1,1,1388366.6666666667,740.0,-16.66666666666663,6.666666666666629,0.8981300761820815,286.0,14,9,,,,,,,90,46.666666666666664,286.0,182.0,136.66666666666666,93.33333333333333,26.0,3.3359801947480943,233.33333333333334,243.0,386.7066666666667,24.0,59.0,5.70068359375,0.0004033326783190601,2.72003086440733,273.3333333333333,4353.0,2763.090567968617
0.0,20,0,0,1,1,1,1389113.3333333333,746.6666666666666,6.666666666666629,50.0,0.9641120004117664,308.0,14,9,,,,,,,90,46.666666666666664,308.0,235.0,150.0,86.66666666666667,16.0,3.049908264818436,216.66666666666666,236.0,372.34666666666664,14.0,31.0,5.5908203125,0.0004363697710915564,2.8102320677494137,246.66666666666666,4168.0,1921.726921726922
0.0,20,0,0,1,1,1,1389910.0,796.6666666666666,50.0,0.0,0.9037640914591428,291.0,14,8,,,,,,,90,46.666666666666664,291.0,246.0,173.33333333333334,140.0,36.0,3.6612045188211617,230.0,227.0,371.3133333333334,5.0,51.0,6.09130859375,0.00040505407790555225,2.6498251124678065,290.0,4340.0,3424.57637160801
0.0,20,0,0,0,0,1,1390706.6666666667,796.6666666666666,0.0,10.0,0.6706515242080096,315.0,14,9,,,,,,,90,46.666666666666664,315.0,270.0,,,,,,,,-11.0,57.0,4.62646484375,0.0013345576852035867,2.7042935459796262,,4324.0,3047.6190476190477
0.0,20,0,0,0,1,0,1391513.3333333333,806.6666666666666,10.0,13.333333333333371,0.58263914617968,331.0,15,8,,,,,,,90,50.0,331.0,271.0,,,,,196.66666666666666,232.0,379.7733333333333,-27.0,,,,,,4505.0,
0.0,20,0,0,1,1,1,1392333.3333333333,820.0,13.333333333333371,16.66666666666663,0.5771409687470495,349.0,16,9,,,,,,,90,53.333333333333336,349.0,256.0,150.0,130.0,48.0,4.992739437257029,236.66666666666666,270.0,377.72,-21.0,38.0,5.87158203125,0.000519442305228794,2.62280316658288,313.3333333333333,4582.0,2359.32451380845
0.0,20,0,0,1,1,1,1393170.0,836.6666666666666,16.66666666666663,-26.66666666666663,0.6556568177860336,326.0,17,10,,,,,,,90,56.666666666666664,326.0,230.0,140.0,100.0,30.0,2.867580331382424,173.33333333333334,226.0,388.4866666666666,9.0,36.0,5.31005859375,0.00047523849733115847,2.7331611392434567,340.0,4420.0,2273.547455792133
0.0,20,0,0,1,1,1,1393980.0,810.0,-26.66666666666663,26.66666666666663,0.7662824338793085,313.0,17,10,,,,,,,90,56.666666666666664,313.0,216.0,146.66666666666666,103.33333333333333,25.0,3.9330958108086342,190.0,234.0,399.26,-5.0,29.0,5.908203125,0.0005861858606162526,2.9215563644657454,296.6666666666667,4136.0,2358.473633198119
0.0,20,0,0,1,1,1,1394816.6666666667,836.6666666666666,26.66666666666663,-3.3333333333332575,0.6591779663008482,344.0,16,10,,,,,,,90,53.333333333333336,344.0,178.0,183.33333333333334,163.33333333333334,45.0,0.364794783473803,173.33333333333334,216.0,378.4866666666666,10.0,27.0,5.8837890625,0.0002825830567115397,2.8653483856238324,280.0,4303.0,1931.063122923588
0.0,20,0,0,0,1,1,1395650.0,833.3333333333334,-3.3333333333332575,-43.33333333333337,0.5506984051091152,355.0,17,10,,,,,,,90,56.666666666666664,355.0,279.0,,,,,220.0,229.0,382.33333333333337,6.0,62.0,4.8583984375,0.0004652814179533125,2.539165943565847,,4450.0,2765.6850192061456
0.0,20,0,0,1,1,1,1396440.0,790.0,-43.33333333333337,26.66666666666663,0.34321408550606913,305.0,16,10,,,,,,,90,53.333333333333336,305.0,180.0,160.0,110.0,19.0,3.6475420646433925,233.33333333333334,245.0,379.00666666666666,-13.0,34.0,5.4443359375,0.0004335244886615597,2.9597292875674235,270.0,4264.0,2744.383727990285
0.0,20,0,0,0,1,1,1397256.6666666667,816.6666666666666,26.66666666666663,-13.333333333333258,0.358709008987302,329.0,16,10,,,,,,,90,53.333333333333336,329.0,205.0,,,,,166.66666666666666,241.0,381.56666666666666,-2.0,54.0,4.52880859375,0.0008228529413919935,2.674013165251785,,4371.0,1966.99956578376
0.0,20,0,0,0,1,1,1398060.0,803.3333333333334,-13.333333333333258,-20.0,0.21960523552880243,320.0,16,10,,,,,,,90,53.333333333333336,320.0,263.0,,,,,210.0,226.0,380.28666666666663,-2.0,65.0,4.541015625,0.0011221199909217329,2.707422617359856,,4523.0,3239.272388059701
0.0,20,0,0,1,1,1,1398843.3333333333,783.3333333333334,-20.0,-13.333333333333371,0.27043696920814153,333.0,16,9,,,,,,,90,53.333333333333336,333.0,241.0,146.66666666666666,126.66666666666667,33.0,1.5515697984307852,153.33333333333334,202.0,380.03333333333336,-13.0,31.0,5.89599609375,0.0003816494562799268,2.7307404340701376,286.6666666666667,4679.0,1917.0333123821495
0.0,20,0,0,0,1,1,1399613.3333333333,770.0,-13.333333333333371,-3.3333333333333712,0.45790664299092704,344.0,16,11,,,,,,,90,53.333333333333336,344.0,284.0,,,,,186.66666666666666,213.0,378.75333333333333,-10.0,52.0,5.17578125,0.0010104788840402676,2.504478702923792,,4799.0,3136.7216804201053
0.0,20,0,0,0,1,1,1400380.0,766.6666666666666,-3.3333333333333712,-16.66666666666663,0.559417636653761,365.0,16,10,,,,,,,90,53.333333333333336,365.0,225.0,,,,,156.66666666666666,209.0,372.6,7.0,58.0,5.13916015625,0.0011440248788276335,2.612946680794343,,4760.0,2549.8867436091036
0.0,20,0,0,1,1,1,1401130.0,750.0,-16.66666666666663,0.0,0.6990617038463929,338.0,18,12,,,,,,,90,60.0,338.0,224.0,140.0,120.0,40.0,2.5867019837467122,233.33333333333334,231.0,381.8333333333333,18.0,44.0,5.43212890625,0.000326364055958367,2.653195047737507,263.3333333333333,4564.0,2887.4241629840467
0.0,20,0,0,1,1,1,1401880.0,750.0,0.0,46.66666666666663,0.7123809523809523,361.0,15,9,,,,,,,90,50.0,361.0,201.0,150.0,93.33333333333333,16.0,3.3357479260790868,186.66666666666666,222.0,375.16666666666663,-25.0,46.0,5.37109375,0.000457864170933938,2.7488435270205094,263.3333333333333,4407.0,1977.6289491216382
0.0,20,0,0,1,1,1,1402676.6666666667,796.6666666666666,46.66666666666663,-6.666666666666629,0.6192294034090909,396.0,15,9,,,,,,,90,50.0,396.0,156.0,170.0,126.66666666666667,22.0,4.620288961751655,170.0,201.0,371.3133333333334,-29.0,36.0,5.7373046875,0.0004077413297471261,2.61963233823623,286.6666666666667,4327.0,1638.4778012684988
0.0,20,0,0,1,1,1,1403466.6666666667,790.0,-6.666666666666629,-16.66666666666663,0.6250298914343105,319.0,15,9,,,,,,,90,50.0,319.0,152.0,150.0,100.0,13.0,3.7252116508281734,203.33333333333334,223.0,365.6733333333333,-2.0,34.0,5.84716796875,0.0003448427190539138,2.7051908483545386,296.6666666666667,4193.0,1680.1098939804867
0.0,20,0,0,1,1,1,1404240.0,773.3333333333334,-16.66666666666663,16.66666666666663,0.4938792739552553,319.0,15,9,,,,,,,90,50.0,319.0,125.0,153.33333333333334,110.0,16.0,4.189298979151761,226.66666666666666,248.0,374.9066666666667,12.0,51.0,5.8349609375,0.0005036960969050242,2.6802502217727255,283.3333333333333,4068.0,1670.6619952056058
0.0,20,0,0,1,1,1,1405030.0,790.0,16.66666666666663,-26.66666666666663,0.3231365790607497,351.0,15,9,,,,,,,90,50.0,351.0,215.0,150.0,106.66666666666667,28.0,1.8063934837525082,210.0,225.0,372.34000000000003,-17.0,36.0,5.55419921875,0.00036682664457523965,2.7571442459799984,296.6666666666667,4273.0,1555.7476231633534
0.0,20,0,0,0,1,1,1405793.3333333333,763.3333333333334,-26.66666666666663,10.0,0.31757425145366375,360.0,15,9,,,,,,,90,50.0,360.0,211.0,,,,,173.33333333333334,213.0,386.4466666666666,-16.0,60.0,5.1025390625,0.0011163727088195278,2.6044602170179507,,4347.0,1957.6719576719577
0.0,20,0,0,1,1,1,1406566.6666666667,773.3333333333334,10.0,-36.66666666666674,0.37326464681742766,355.0,15,9,,,,,,,90,50.0,355.0,138.0,150.0,103.33333333333333,17.0,3.1738996882368458,206.66666666666666,226.0,371.5733333333333,-12.0,31.0,5.65185546875,0.0003606375504916792,2.881871781185324,270.0,4229.0,1533.6463223787166
0.0,20,0,0,1,1,1,1407303.3333333333,736.6666666666666,-36.66666666666674,3.3333333333333712,0.32543175178432754,308.0,15,9,,,,,,,90,50.0,308.0,175.0,153.33333333333334,110.0,22.0,3.0264560444132282,226.66666666666666,225.0,380.55333333333334,8.0,37.0,5.43212890625,0.00042502966746344796,2.7103609395642754,243.33333333333334,4117.0,2201.5655577299412
0.0,20,0,0,1,1,1,1408043.3333333333,740.0,3.3333333333333712,73.33333333333337,0.43822795609964205,336.0,15,10,,,,,,,90,50.0,336.0,182.0,140.0,103.33333333333333,30.0,3.3576817905732526,170.0,189.0,383.37333333333333,-15.0,28.0,5.52978515625,0.0003056660413115269,2.8227989851248076,253.33333333333334,4124.0,1398.0263157894738
0.0,20,0,0,1,1,1,1408856.6666666667,813.3333333333334,73.33333333333337,-26.666666666666742,0.5317645849924217,365.0,15,9,,,,,,,90,50.0,365.0,186.0,136.66666666666666,73.33333333333333,7.0,2.117689243340749,170.0,174.0,368.74666666666667,-21.0,24.0,5.4443359375,0.00038699887960242025,2.7789301600892045,333.3333333333333,4009.0,1446.5753424657535
0.0,20,0,0,1,1,1,1409643.3333333333,786.6666666666666,-26.666666666666742,33.33333333333337,0.5712176602924635,275.0,15,9,,,,,,,90,50.0,275.0,128.0,143.33333333333334,96.66666666666667,13.0,4.247993246263086,163.33333333333334,174.0,369.52000000000004,-14.0,29.0,6.04248046875,0.0004310337259233874,2.817857852571964,300.0,3691.0,1503.030303030303
0.0,20,0,0,1,1,1,1410463.3333333333,820.0,33.33333333333337,16.66666666666663,0.5915084069190759,295.0,15,9,,,,,,,90,50.0,295.0,160.0,146.66666666666666,100.0,23.0,4.460953501527182,186.66666666666666,201.0,381.05333333333334,-10.0,32.0,5.2978515625,0.0004462866869795422,2.789729534917914,333.3333333333333,3420.0,1586.4406779661017
0.0,20,0,0,1,1,1,1411300.0,836.6666666666666,16.66666666666663,-16.66666666666663,0.6556568177860336,296.0,14,8,,,,,,,90,46.666666666666664,296.0,172.0,150.0,106.66666666666667,25.0,1.9606643881044352,226.66666666666666,214.0,361.82000000000005,-22.0,22.0,5.48095703125,0.0004702031789276869,2.8047166986603096,333.3333333333333,3658.0,1337.837837837838
0.0,20,0,0,1,1,1,1412120.0,820.0,-16.66666666666663,-23.33333333333337,0.7695154586346296,286.0,15,9,,,,,,,90,50.0,286.0,185.0,146.66666666666666,103.33333333333333,19.0,2.179537782506289,186.66666666666666,212.0,387.72,-27.0,41.0,5.4931640625,0.0002570172711725037,2.835562637103468,330.0,3916.0,2638.270820089002
0.0,20,0,0,1,1,1,1412916.6666666667,796.6666666666666,-23.33333333333337,6.6666666666667425,0.8253826219335046,327.0,16,11,,,,,,,90,53.333333333333336,327.0,150.0,170.0,130.0,18.0,3.7594974698665666,170.0,185.0,381.31333333333333,-12.0,21.0,6.2255859375,0.00019059151600479048,3.0418517590251604,256.6666666666667,4184.0,1572.7391874180864
0.0,20,0,0,0,1,1,1413720.0,803.3333333333334,6.6666666666667425,3.3333333333332575,0.7135685599541021,316.0,15,9,,,,,,,90,50.0,316.0,251.0,,,,,190.0,218.0,376.9533333333334,34.0,68.0,7.91015625,0.0006947818129167433,2.8266536633669204,,4620.0,3194.5856047306656
0.0,20,0,0,1,1,1,1414526.6666666667,806.6666666666666,3.3333333333332575,-16.66666666666663,0.5281126640349941,300.0,16,10,,,,,,,90,53.333333333333336,300.0,387.0,146.66666666666666,103.33333333333333,37.0,3.9424460449286336,180.0,198.0,369.77333333333337,4.0,55.0,6.1767578125,0.00040652420220704317,2.738664620168033,306.6666666666667,4770.0,4358.695652173913
0.0,20,0,0,0,0,1,1415316.6666666667,790.0,-16.66666666666663,13.333333333333371,0.26663910706903676,307.0,16,11,,,,,,,90,53.333333333333336,307.0,331.0,,,,,,,,-6.0,60.0,4.72412109375,0.0009027837437910331,2.613485324462691,,4640.0,4525.972912737871
0.0,20,0,0,0,1,0,1416120.0,803.3333333333334,13.333333333333371,6.666666666666629,0.314541203692545,311.0,16,11,,,,,,,90,53.333333333333336,311.0,290.0,,,,,203.33333333333334,222.0,413.62,4.0,,,,,,4641.0,
0.0,20,0,0,0,1,1,1416930.0,810.0,6.666666666666629,-16.66666666666663,0.22225119719311556,368.0,15,10,,,,,,,90,50.0,368.0,230.0,,,,,170.0,211.0,392.59333333333336,60.0,61.0,4.9560546875,0.0003514402112266051,2.8556512784112504,,4732.0,2732.252038043478
0.0,20,0,0,1,1,1,1417723.3333333333,793.3333333333334,-16.66666666666663,-16.666666666666742,0.21613832853025935,354.0,16,11,,,,,,,90,53.333333333333336,354.0,296.0,126.66666666666667,76.66666666666667,19.0,3.313153213684757,183.33333333333334,223.0,391.82666666666665,-21.0,41.0,5.87158203125,0.00033970080244237645,2.9520779065108744,296.6666666666667,4973.0,2961.340697010093
0.0,20,0,0,1,1,1,1418500.0,776.6666666666666,-16.666666666666742,3.3333333333333712,0.0018014772113132769,354.0,15,9,,,,,,,90,50.0,354.0,255.0,136.66666666666666,103.33333333333333,42.0,4.428351822542659,203.33333333333334,257.0,394.3933333333333,30.0,39.0,5.96923828125,0.00030553108246704534,2.606957363027023,283.3333333333333,4777.0,2981.056829511466
0.0,20,0,0,1,1,1,1419280.0,780.0,3.3333333333333712,20.0,0.09287982637909682,340.0,16,10,,,,,,,90,53.333333333333336,340.0,222.0,133.33333333333334,100.0,30.0,2.0614348405881664,190.0,224.0,380.5466666666667,12.0,34.0,5.33447265625,0.00045970442986042955,2.788352921152449,280.0,4506.0,1764.705882352941
0.0,20,0,0,0,1,1,1420080.0,800.0,20.0,-3.3333333333333712,0.13729223109028338,339.0,16,11,,,,,,,90,53.333333333333336,339.0,153.0,,,,,246.66666666666666,223.0,377.4666666666667,29.0,54.0,4.7119140625,0.0010748662705065003,2.647801888592762,,4235.0,1809.5363888521993
0.0,20,0,0,0,1,1,1420876.6666666667,796.6666666666666,-3.3333333333333712,26.666666666666742,0.1330468015191742,302.0,16,11,,,,,,,90,53.333333333333336,302.0,156.0,,,,,190.0,210.0,377.98,6.0,42.0,4.65087890625,0.0012177662791340753,2.6186442179897575,,4293.0,2038.647820500148
0.0,20,0,0,0,1,1,1421700.0,823.3333333333334,26.666666666666742,3.3333333333332575,0.09228729123360331,387.0,15,10,,,,,,,90,50.0,387.0,185.0,,,,,153.33333333333334,193.0,370.53999999999996,-8.0,49.0,4.62646484375,0.0007223297589343765,2.7301475899193033,,4401.0,1821.4343795739146
0.0,20,0,0,1,1,1,1422526.6666666667,826.6666666666666,3.3333333333332575,10.0,0.22034074742357473,349.0,15,10,,,,,,,90,50.0,349.0,209.0,143.33333333333334,106.66666666666667,28.0,4.105433510743584,166.66666666666666,199.0,366.6933333333334,-8.0,36.0,5.5419921875,0.0004050140736097699,2.6280137425748205,336.6666666666667,4302.0,2255.383131436353
0.0,20,0,0,1,1,1,1423363.3333333333,836.6666666666666,10.0,-16.66666666666663,0.3913223759228759,342.0,16,9,,,,,,,90,53.333333333333336,342.0,161.0,133.33333333333334,86.66666666666667,22.0,2.2886864203373047,166.66666666666666,190.0,368.4866666666666,14.0,47.0,5.23681640625,0.0004312426150817141,2.4938562082020415,363.3333333333333,4007.0,1609.5284081764044
0.0,20,0,0,1,1,1,1424183.3333333333,820.0,-16.66666666666663,-23.33333333333337,0.5115868587371177,315.0,16,9,,,,,,,90,53.333333333333336,315.0,190.0,170.0,126.66666666666667,14.0,4.254284931921816,250.0,225.0,371.05333333333334,-3.0,43.0,5.7861328125,0.000419063353804391,2.6327416075008556,303.3333333333333,4044.0,2312.9251700680275
0.0,20,0,0,0,1,1,1424980.0,796.6666666666666,-23.33333333333337,-6.666666666666629,0.4776237347619435,355.0,16,9,,,,,,,90,53.333333333333336,355.0,162.0,,,,,163.33333333333334,203.0,367.98,-7.0,53.0,4.638671875,0.0012531553832144568,2.6011736433545405,,4167.0,1558.6854460093896
0.0,20,0,0,1,1,1,1425770.0,790.0,-6.666666666666629,6.666666666666629,0.40263762016356597,372.0,15,9,,,,,,,90,50.0,372.0,153.0,133.33333333333334,90.0,18.0,3.048654988953018,250.0,244.0,372.34000000000003,-4.0,57.0,6.01806640625,0.00042452723049982925,2.749932385013998,316.6666666666667,4330.0,1893.0390492359932
0.0,20,0,0,1,1,1,1426566.6666666667,796.6666666666666,6.666666666666629,6.6666666666667425,0.3625066293814184,333.0,15,8,,,,,,,90,50.0,333.0,212.0,160.0,116.66666666666667,28.0,4.2467066024847,210.0,220.0,371.3133333333334,-11.0,31.0,5.76171875,0.0003308892417864711,2.6055734463795948,296.6666666666667,4262.0,2044.7413705840672
0.0,20,0,0,1,1,1,1427370.0,803.3333333333334,6.6666666666667425,-20.0,0.4025028686173265,322.0,15,9,,,,,,,90,50.0,322.0,207.0,150.0,110.0,25.0,3.1286424052958264,233.33333333333334,228.0,373.62,-8.0,39.0,5.7373046875,0.00042790631944007414,2.6791763601538854,306.6666666666667,4105.0,1863.3540372670805
0.0,20,0,0,1,1,1,1428153.3333333333,783.3333333333334,-20.0,13.333333333333258,0.3576173079660293,316.0,15,9,,,,,,,90,50.0,316.0,175.0,143.33333333333334,100.0,22.0,3.0329110881898576,180.0,200.0,383.3666666666666,1.0,32.0,5.79833984375,0.0003658518184390001,2.717552764862389,293.3333333333333,4035.0,1445.6271576524744
0.0,20,0,0,1,1,1,1428950.0,796.6666666666666,13.333333333333258,30.0,0.45303726391015825,328.0,15,9,,,,,,,90,50.0,328.0,156.0,140.0,100.0,21.0,3.9202644432439797,170.0,189.0,374.6466666666667,-3.0,26.0,6.0302734375,0.00038172132662099226,2.710447409369877,303.3333333333333,3900.0,1366.9257571696598
0.0,20,0,0,0,1,1,1429776.6666666667,826.6666666666666,30.0,-13.333333333333258,0.3126754506468529,300.0,15,9,,,,,,,90,50.0,300.0,219.0,,,,,180.0,189.0,370.02666666666664,-15.0,51.0,4.7119140625,0.0005003651000109808,2.658852632066038,,3972.0,2423.6111111111113
0.0,20,0,0,0,1,1,1430590.0,813.3333333333334,-13.333333333333258,26.66666666666663,0.2593002350988798,353.0,13,8,,,,,,,90,43.333333333333336,353.0,162.0,,,,,166.66666666666666,190.0,368.74666666666667,-16.0,45.0,4.57763671875,0.0006513977550118339,2.782931346380275,,3917.0,1663.552528479296
0.0,20,0,0,1,1,1,1431430.0,840.0,26.66666666666663,33.33333333333337,0.26680396929413963,304.0,13,8,,,,,,,90,43.333333333333336,304.0,193.0,173.33333333333334,126.66666666666667,22.0,4.208367217774413,190.0,218.0,381.3066666666667,25.0,39.0,5.712890625,0.00031047581026550963,2.508528270531569,323.3333333333333,3970.0,1780.385241454151
0.0,20,0,0,0,1,1,1432303.3333333333,873.3333333333334,33.33333333333337,30.0,0.4290812280503002,314.0,13,8,,,,,,,90,43.333333333333336,314.0,162.0,,,,,263.3333333333333,212.0,356.17333333333335,35.0,51.0,4.1748046875,0.0004793397932630546,2.7694837942891315,,3821.0,1898.4200512862933
0.0,20,0,0,0,1,1,1433206.6666666667,903.3333333333334,30.0,10.0,0.6154441332563232,298.0,13,7,,,,,,,90,43.333333333333336,298.0,164.0,,,,,186.66666666666666,199.0,351.55333333333334,9.0,51.0,5.8837890625,0.0006755359956290564,2.687988985777008,,3816.0,2066.719305171733
0.0,20,0,0,0,0,1,1434120.0,913.3333333333334,10.0,-6.6666666666667425,0.7138640891315576,320.0,17,11,,,,,,,90,56.666666666666664,320.0,172.0,,,,,,,,-9.0,52.0,4.89501953125,0.0004454079708594313,2.5770725979864086,,3731.0,2215.401785714286
0.0,20,0,0,0,1,0,1435026.6666666667,906.6666666666666,-6.6666666666667425,3.3333333333333712,0.8205056004004756,327.0,17,11,,,,,,,90,56.666666666666664,327.0,165.0,,,,,193.33333333333334,215.0,387.70666666666665,15.0,,,,,,3715.0,
0.0,20,0,0,1,1,1,1435936.6666666667,910.0,3.3333333333333712,10.0,0.7861816883212369,315.0,17,10,,,,,,,90,56.666666666666664,315.0,208.0,140.0,120.0,41.0,4.672390983660108,200.0,212.0,370.52666666666664,9.0,35.0,5.029296875,0.0005407593052048806,2.8116279108848445,396.6666666666667,3843.0,1784.7138855542216
0.0,20,0,0,1,1,1,1436856.6666666667,920.0,10.0,-26.66666666666663,0.7047116803214365,363.0,17,10,,,,,,,90,56.666666666666664,363.0,172.0,130.0,86.66666666666667,20.0,2.9767013167567633,190.0,217.0,378.9866666666667,-7.0,29.0,5.078125,0.0006141093723681222,2.639006996325458,430.0,3854.0,1274.9055032353128
0.0,20,0,0,1,1,1,1437750.0,893.3333333333334,-26.66666666666663,10.0,0.6175940503811733,326.0,17,10,,,,,,,90,56.666666666666664,326.0,189.0,126.66666666666667,86.66666666666667,15.0,3.592087309470097,193.33333333333334,231.0,389.75999999999993,12.0,27.0,4.98046875,0.000502392842422903,2.821139644017951,396.6666666666667,4091.0,1554.364076919111
0.0,20,0,0,0,1,1,1438653.3333333333,903.3333333333334,10.0,16.66666666666663,0.4340712633632129,374.0,23,11,,,,,,,90,76.66666666666667,374.0,194.0,,,,,226.66666666666666,238.0,371.55333333333334,9.0,43.0,6.15234375,0.0007161489638315416,2.7906585693419537,,4116.0,1864.8455328859973
0.0,20,0,0,1,1,1,1439573.3333333333,920.0,16.66666666666663,-60.0,0.1549243821468093,323.0,22,10,,,,,,,90,73.33333333333333,323.0,217.0,136.66666666666666,96.66666666666667,26.0,2.4665656447534907,193.33333333333334,235.0,382.32,-1.0,41.0,5.1513671875,0.000635456028209105,2.2624193736371114,426.6666666666667,4383.0,2336.4938080495353
0.0,20,0,0,1,1,1,1440433.3333333333,860.0,-60.0,10.0,0.00544188071397475,390.0,19,10,,,,,,,90,63.333333333333336,390.0,222.0,170.0,133.33333333333334,26.0,4.55285444312387,170.0,230.0,368.2266666666667,11.0,25.0,5.7861328125,0.0004161736242710539,2.9095627992479463,316.6666666666667,4502.0,1797.570850202429
0.0,20,0,0,1,1,1,1441303.3333333333,870.0,10.0,-26.66666666666663,0.2939515727239512,340.0,23,11,,,,,,,90,76.66666666666667,340.0,201.0,143.33333333333334,93.33333333333333,25.0,4.235997385056336,206.66666666666666,242.0,380.02,5.0,48.0,5.01708984375,0.00031626014904940873,2.836253308151941,373.3333333333333,4448.0,2733.718487394958
0.0,20,0,0,1,1,1,1442146.6666666667,843.3333333333334,-26.66666666666663,-26.666666666666742,0.45430148750191696,310.0,20,11,,,,,,,90,66.66666666666667,310.0,162.0,146.66666666666666,103.33333333333333,21.0,3.7223557093061217,210.0,229.0,374.12666666666667,23.0,23.0,5.33447265625,0.0004458801117158427,2.8039307796161697,333.3333333333333,4012.0,1645.1612903225807
0.0,20,0,0,1,1,1,1442963.3333333333,816.6666666666666,-26.666666666666742,-16.66666666666663,0.5958031052952742,314.0,17,11,,,,,,,90,56.666666666666664,314.0,147.0,170.0,123.33333333333333,17.0,3.8904334986609044,180.0,216.0,371.56666666666666,18.0,33.0,5.7373046875,0.00033772569000544377,2.699677461868035,293.3333333333333,4080.0,1758.8303416328897
0.0,20,0,0,0,1,1,1443763.3333333333,800.0,-16.66666666666663,-6.666666666666629,0.7454937875517703,350.0,15,8,,,,,,,90,50.0,350.0,186.0,,,,,166.66666666666666,207.0,370.8,-10.0,55.0,4.78515625,0.0008707071276778008,2.7427007652565356,,4227.0,2059.6094552929085
0.0,20,0,0,1,1,1,1444556.6666666667,793.3333333333334,-6.666666666666629,13.333333333333258,0.8492486843045268,352.0,15,8,,,,,,,90,50.0,352.0,193.0,150.0,106.66666666666667,26.0,3.908545639134754,210.0,232.0,371.8266666666667,13.0,44.0,5.37109375,0.00022919212707744513,2.6804023296377473,300.0,4463.0,2320.0757575757575
0.0,20,0,0,0,1,1,1445363.3333333333,806.6666666666666,13.333333333333258,-3.3333333333332575,0.8982574884792627,358.0,15,8,,,,,,,90,50.0,358.0,258.0,,,,,250.0,234.0,369.77333333333337,-2.0,55.0,4.69970703125,0.00090586003895633,2.6490615572655836,,4271.0,2513.9664804469276
0.0,20,0,0,1,1,1,1446166.6666666667,803.3333333333334,-3.3333333333332575,10.0,0.7934540044631788,325.0,15,9,,,,,,,90,50.0,325.0,143.0,150.0,100.0,19.0,3.478127815415805,170.0,191.0,370.2866666666667,-4.0,46.0,5.7373046875,0.00029768029879720945,2.7580919746861965,306.6666666666667,4148.0,1585.284280936455
0.0,20,0,0,1,1,1,1446980.0,813.3333333333334,10.0,26.66666666666663,0.619584928470683,338.0,15,9,,,,,,,90,50.0,338.0,155.0,143.33333333333334,103.33333333333333,24.0,3.5672374068748987,250.0,225.0,372.08,1.0,37.0,5.35888671875,0.0004900326605119229,2.667410849005614,326.6666666666667,3930.0,1503.441613331723
0.0,20,0,0,0,1,1,1447820.0,840.0,26.66666666666663,46.66666666666663,0.48094926043812014,334.0,15,8,,,,,,,90,50.0,334.0,140.0,,,,,233.33333333333334,224.0,367.9733333333333,-5.0,48.0,4.16259765625,0.0008071481164695023,2.6722363100056694,,3743.0,1507.053008077804
0.0,20,0,0,1,1,1,1448706.6666666667,886.6666666666666,46.66666666666663,33.33333333333337,0.3839271557679676,308.0,16,11,,,,,,,90,53.333333333333336,308.0,172.0,150.0,110.0,24.0,4.199422886086349,233.33333333333334,209.0,367.4533333333333,13.0,31.0,4.91943359375,0.00032967287610833327,2.5904466007812976,380.0,3765.0,1461.038961038961
0.0,20,0,0,0,1,1,1449626.6666666667,920.0,33.33333333333337,-10.0,0.44756895996565416,320.0,16,11,,,,,,,90,53.333333333333336,320.0,192.0,,,,,250.0,214.0,362.32,24.0,51.0,5.70068359375,0.0006035985022122926,2.685547220463874,,3835.0,2167.279411764706
0.0,20,0,0,0,1,1,1450536.6666666667,910.0,-10.0,-3.3333333333333712,0.6616345168204267,360.0,15,10,,,,,,,90,50.0,360.0,194.0,,,,,173.33333333333334,195.0,360.52666666666664,-11.0,45.0,4.43115234375,0.00026632179661630214,2.786030901601979,,3934.0,1656.7460317460318
0.0,20,0,0,0,1,1,1451443.3333333333,906.6666666666666,-3.3333333333333712,46.66666666666674,0.7457375213254764,330.0,14,9,,,,,,,90,46.666666666666664,330.0,159.0,,,,,230.0,223.0,357.70666666666665,-3.0,50.0,4.345703125,0.000325654713337073,2.664368873715008,,3881.0,1796.5367965367966
0.0,20,0,0,0,1,1,1452396.6666666667,953.3333333333334,46.66666666666674,-16.666666666666742,0.7492287351256061,308.0,17,10,,,,,,,90,56.666666666666664,308.0,184.0,,,,,233.33333333333334,212.0,357.18666666666667,6.0,51.0,5.26123046875,0.0006585294880279652,2.628392058137788,,3768.0,1985.721460859582
0.0,20,0,0,1,1,1,1453333.3333333333,936.6666666666666,-16.666666666666742,-46.66666666666663,0.7854894318692849,353.0,16,10,,,,,,,90,53.333333333333336,353.0,123.0,140.0,96.66666666666667,12.0,4.000847664229916,176.66666666666666,196.0,359.75333333333333,-14.0,41.0,4.8583984375,0.0003303336977125862,2.5298463754220313,443.3333333333333,3946.0,1329.1017913054593
0.0,20,0,0,1,1,1,1454223.3333333333,890.0,-46.66666666666663,-36.66666666666663,0.7236493913609902,373.0,15,10,,,,,,,90,50.0,373.0,176.0,136.66666666666666,90.0,19.0,3.225973257823032,250.0,244.0,360.2733333333333,-22.0,44.0,5.0537109375,0.0003406365324246855,2.647494194582313,400.0,4127.0,1534.85254691689
0.0,20,0,0,0,1,1,1455076.6666666667,853.3333333333334,-36.66666666666663,20.0,0.6827455474280574,327.0,17,10,,,,,,,90,56.666666666666664,327.0,160.0,,,,,236.66666666666666,236.0,372.58666666666664,13.0,61.0,4.345703125,0.000503699865039423,2.6620173890291126,,4112.0,1865.0410429744086
0.0,20,0,0,1,1,1,1455950.0,873.3333333333334,20.0,33.33333333333326,0.711998839829544,350.0,17,10,,,,,,,90,56.666666666666664,350.0,215.0,143.33333333333334,100.0,24.0,2.271216367847467,156.66666666666666,193.0,366.17333333333335,-3.0,40.0,4.82177734375,0.00041184361733669626,2.5047736101236584,376.6666666666667,4039.0,1547.408343868521
0.0,20,0,0,1,1,1,1456856.6666666667,906.6666666666666,33.33333333333326,-10.0,0.7355344883949002,339.0,17,10,,,,,,,90,56.666666666666664,339.0,209.0,170.0,133.33333333333334,22.0,0.6630594294322041,170.0,205.0,364.37333333333333,1.0,55.0,4.91943359375,0.0004704627522197995,2.465096562615562,386.6666666666667,4051.0,1777.5404333231613
0.0,20,0,0,1,1,1,1457753.3333333333,896.6666666666666,-10.0,23.33333333333337,0.7091900524275313,344.0,16,10,,,,,,,90,53.333333333333336,344.0,153.0,146.66666666666666,103.33333333333333,22.0,3.803975589680231,216.66666666666666,231.0,369.24666666666667,7.0,42.0,4.94384765625,0.0004139492437050291,2.4696941349107773,396.6666666666667,3912.0,1451.0455344928669
0.0,20,0,0,1,1,1,1458673.3333333333,920.0,23.33333333333337,33.33333333333337,0.7165681164343571,339.0,17,10,,,,,,,90,56.666666666666664,339.0,162.0,140.0,103.33333333333333,20.0,3.260439318038321,233.33333333333334,229.0,362.32,12.0,40.0,4.67529296875,0.00048481300786799327,2.390444379963939,423.3333333333333,3741.0,1400.5992613755138
0.0,20,0,0,0,0,1,1459626.6666666667,953.3333333333334,33.33333333333337,-10.0,0.6982517844212268,318.0,17,10,,,,,,,90,56.666666666666664,318.0,162.0,,,,,,,,13.0,49.0,4.2724609375,0.0005618349157198415,2.3223490201383004,,3636.0,1771.4884696016773
0.0,20,0,0,0,1,0,1460570.0,943.3333333333334,-10.0,0.0,0.6744671709349614,309.0,17,10,,,,,,,90,56.666666666666664,309.0,151.0,,,,,250.0,228.0,375.3933333333334,3.0,,,,,,3649.0,
0.0,20,0,0,1,1,1,1461513.3333333333,943.3333333333334,0.0,-20.0,0.6814740030287734,330.0,16,10,,,,,,,90,53.333333333333336,330.0,170.0,140.0,93.33333333333333,13.0,2.440125062736062,246.66666666666666,230.0,368.72666666666663,2.0,22.0,4.736328125,0.0004985403951320308,2.6311910135411747,433.3333333333333,3733.0,1461.5384615384617
0.0,20,0,0,1,1,1,1462436.6666666667,923.3333333333334,-20.0,-13.333333333333371,0.6787330316742081,350.0,16,10,,,,,,,90,53.333333333333336,350.0,174.0,150.0,110.0,22.0,3.381933239479075,176.66666666666666,206.0,361.8066666666667,8.0,25.0,4.79736328125,0.0005310024626736489,2.4402589239565016,410.0,3787.0,1233.4494773519166
0.0,20,0,0,0,1,1,1463346.6666666667,910.0,-13.333333333333371,-50.0,0.5393512308866923,322.0,17,11,,,,,,,90,56.666666666666664,322.0,192.0,,,,,180.0,201.0,370.52666666666664,16.0,56.0,4.18701171875,0.0004912969209419233,2.5106577699258463,,3912.0,1891.4165980692956
0.0,20,0,0,0,1,1,1464206.6666666667,860.0,-50.0,6.666666666666629,0.43532924721043526,335.0,14,9,,,,,,,90,46.666666666666664,335.0,159.0,,,,,186.66666666666666,207.0,384.8933333333334,-12.0,48.0,4.18701171875,0.0005647990959587938,2.6591199477633323,,3813.0,1879.4186959937156
0.0,20,0,0,0,1,1,1465073.3333333333,866.6666666666666,6.666666666666629,-6.666666666666629,0.6244878977788605,316.0,16,9,,,,,,,90,53.333333333333336,316.0,174.0,,,,,170.0,210.0,383.8666666666667,3.0,52.0,4.11376953125,0.000580734495216516,2.7120138207035507,,3883.0,1683.5443037974683
0.0,20,0,0,1,1,1,1465933.3333333333,860.0,-6.666666666666629,23.33333333333337,0.7023058492515333,341.0,16,9,,,,,,,90,53.333333333333336,341.0,164.0,150.0,103.33333333333333,21.0,3.2152665528413245,190.0,210.0,388.22666666666674,6.0,22.0,5.28564453125,0.0003995735243411252,2.5889803291561324,343.3333333333333,3906.0,1409.3329157532103
0.0,20,0,0,1,1,1,1466816.6666666667,883.3333333333334,23.33333333333337,0.0,0.7869483890247817,334.0,15,9,,,,,,,90,50.0,334.0,187.0,146.66666666666666,100.0,22.0,1.9729783805847987,193.33333333333334,210.0,384.6333333333333,1.0,24.0,4.89501953125,0.00033634751148171866,2.5893196245681955,366.6666666666667,4111.0,1608.6009798584648
0.0,20,0,0,1,1,1,1467700.0,883.3333333333334,0.0,-30.0,0.6849056603773584,357.0,16,10,,,,,,,90,53.333333333333336,357.0,194.0,163.33333333333334,126.66666666666667,26.0,0.17924911038051583,256.6666666666667,230.0,371.29999999999995,-12.0,22.0,5.26123046875,0.00047042909331214546,2.7053145584883813,346.6666666666667,4054.0,1672.5921137685843
0.0,20,0,0,1,1,1,1468553.3333333333,853.3333333333334,-30.0,10.0,0.5648041257134225,302.0,16,9,,,,,,,90,53.333333333333336,302.0,203.0,143.33333333333334,93.33333333333333,21.0,2.073226229248867,233.33333333333334,236.0,369.25333333333333,-5.0,44.0,5.37109375,0.0003918889865982603,2.661021954,356.6666666666667,3964.0,2488.085659466485
0.0,20,0,0,1,1,1,1469416.6666666667,863.3333333333334,10.0,26.66666666666663,0.49793017261579314,335.0,16,10,,,,,,,90,53.333333333333336,335.0,171.0,143.33333333333334,106.66666666666667,22.0,1.9343806161746109,166.66666666666666,198.0,371.0466666666666,11.0,50.0,5.11474609375,0.00035039403982529206,2.4887282832626734,366.6666666666667,3752.0,1351.4246947082765
0.0,20,0,0,1,1,1,1470306.6666666667,890.0,26.66666666666663,-3.3333333333333712,0.28774281745419267,339.0,16,10,,,,,,,90,53.333333333333336,339.0,174.0,136.66666666666666,93.33333333333333,21.0,3.3620158068477206,170.0,192.0,363.6066666666667,-2.0,41.0,4.99267578125,0.00028420523226416406,2.414333805275256,400.0,3666.0,1084.070796460177
0.0,20,0,0,0,1,1,1471193.3333333333,886.6666666666666,-3.3333333333333712,10.0,0.20065708506790236,306.0,16,9,,,,,,,90,53.333333333333336,306.0,154.0,,,,,180.0,193.0,374.12,-14.0,61.0,3.86962890625,0.000504707164081838,2.7401067354724415,,3709.0,1676.3495521665457
0.0,20,0,0,1,1,1,1472090.0,896.6666666666666,10.0,-6.666666666666629,0.20376714167588408,345.0,16,9,,,,,,,90,53.333333333333336,345.0,198.0,143.33333333333334,103.33333333333333,26.0,3.3090401789559447,233.33333333333334,224.0,359.24666666666667,-1.0,36.0,4.96826171875,0.0003528668972150421,2.6571567410937975,393.3333333333333,3709.0,1289.6094325718498
0.0,20,0,0,1,1,1,1472980.0,890.0,-6.666666666666629,23.33333333333337,0.31789113622843546,316.0,16,9,,,,,,,90,53.333333333333336,316.0,180.0,150.0,113.33333333333333,26.0,4.257176919749941,176.66666666666666,193.0,366.94,0.0,54.0,5.09033203125,0.0004051169990475489,2.4595862354949847,393.3333333333333,3689.0,1416.0051491096333
0.0,20,0,0,1,1,1,1473893.3333333333,913.3333333333334,23.33333333333337,-43.33333333333337,0.2815538134097691,298.0,16,10,,,,,,,90,53.333333333333336,298.0,145.0,143.33333333333334,100.0,17.0,3.063610673960522,240.0,217.0,366.68,3.0,45.0,4.72412109375,0.0004281758266616528,2.4470516192991476,413.3333333333333,3548.0,1501.9484736956051
0.0,20,0,0,1,1,1,1474763.3333333333,870.0,-43.33333333333337,-3.3333333333333712,0.3131229842707888,315.0,16,9,,,,,,,90,53.333333333333336,315.0,148.0,150.0,110.0,21.0,4.1226754023279675,180.0,204.0,370.02,-5.0,35.0,4.91943359375,0.0004304166726705019,2.5163961218977127,366.6666666666667,3651.0,1290.04329004329
0.0,20,0,0,1,1,1,1475630.0,866.6666666666666,-3.3333333333333712,6.6666666666667425,0.3259691492506267,334.0,16,9,,,,,,,90,53.333333333333336,334.0,184.0,160.0,126.66666666666667,21.0,2.8729601475962916,173.33333333333334,201.0,370.5333333333333,-2.0,41.0,5.37109375,0.0004132363445334256,2.5672835179583906,353.3333333333333,3787.0,1516.7777652242685
0.0,20,0,0,1,1,1,1476503.3333333333,873.3333333333334,6.6666666666667425,-20.0,0.20518821280242602,334.0,16,9,,,,,,,90,53.333333333333336,334.0,125.0,140.0,100.0,18.0,2.5386674827185693,170.0,196.0,366.17333333333335,10.0,38.0,4.77294921875,0.0004614394555167049,2.408450761300429,380.0,3888.0,1433.9741569492594
0.0,20,0,0,1,1,1,1477356.6666666667,853.3333333333334,-20.0,-13.333333333333371,0.1669248728970739,336.0,16,10,,,,,,,90,53.333333333333336,336.0,150.0,140.0,100.0,16.0,2.240231377142324,243.33333333333334,221.0,379.25333333333333,2.0,47.0,5.2734375,0.00041012453125231985,2.63491270037742,360.0,3907.0,1769.1798941798943
0.0,20,0,0,0,1,1,1478196.6666666667,840.0,-13.333333333333371,0.0,0.33827535390523816,356.0,15,9,,,,,,,90,50.0,356.0,139.0,,,,,250.0,238.0,367.9733333333333,-13.0,49.0,4.1748046875,0.000964396258394781,2.5297063634603685,,3978.0,1296.009298721426
0.0,20,0,0,0,1,1,1479036.6666666667,840.0,0.0,33.33333333333337,0.5110544217687075,334.0,16,9,,,,,,,90,53.333333333333336,334.0,215.0,,,,,173.33333333333334,197.0,374.64,-2.0,61.0,4.30908203125,0.0009586362990117433,2.5164142037151187,,3982.0,1972.4065382748017
0.0,20,0,0,0,1,1,1479910.0,873.3333333333334,33.33333333333337,-13.333333333333371,0.5522827687776142,337.0,15,9,,,,,,,90,50.0,337.0,183.0,,,,,183.33333333333334,199.0,376.17333333333335,4.0,50.0,4.39453125,0.0005790926321964794,2.4577198714531336,,3921.0,1546.4505820588906
0.0,20,0,0,1,1,1,1480770.0,860.0,-13.333333333333371,-6.666666666666629,0.5260603019460686,349.0,16,10,,,,,,,90,53.333333333333336,349.0,130.0,140.0,100.0,19.0,3.916247822017361,226.66666666666666,222.0,381.56,-12.0,31.0,5.31005859375,0.0004530113491869511,2.549494295506494,356.6666666666667,3967.0,1606.7268296601774
0.0,20,0,0,1,1,1,1481623.3333333333,853.3333333333334,-6.666666666666629,6.666666666666629,0.247546684978845,335.0,16,9,,,,,,,90,53.333333333333336,335.0,174.0,143.33333333333334,100.0,20.0,4.233666602463657,220.0,220.0,379.25333333333333,0.0,19.0,5.28564453125,0.00041971465998058555,2.63904900405918,350.0,3959.0,1398.720682302772
0.0,20,0,0,1,1,1,1482483.3333333333,860.0,6.666666666666629,0.0,0.16738456044814426,310.0,16,9,,,,,,,90,53.333333333333336,310.0,157.0,136.66666666666666,96.66666666666667,18.0,3.0536916184924134,233.33333333333334,226.0,368.2266666666667,-2.0,29.0,4.82177734375,0.00044686974936744095,2.3848778533295976,363.3333333333333,4042.0,1642.4977804084049
0.0,20,0,0,1,1,1,1483343.3333333333,860.0,0.0,-20.0,0.1644518272425249,346.0,15,9,,,,,,,90,50.0,346.0,142.0,146.66666666666666,96.66666666666667,16.0,3.000659234059997,253.33333333333334,226.0,368.2266666666667,-14.0,40.0,4.84619140625,0.00045214002602478955,2.484530572716105,363.3333333333333,3977.0,1423.8744232910858
0.0,20,0,0,1,1,1,1484183.3333333333,840.0,-20.0,26.66666666666663,0.08392607857475236,319.0,16,9,,,,,,,90,53.333333333333336,319.0,181.0,140.0,100.0,20.0,2.69303017808806,216.66666666666666,221.0,374.64,3.0,52.0,5.65185546875,0.0002678619499524352,2.704165692839017,350.0,3966.0,1925.6605463502015
0.0,20,0,0,1,1,1,1485050.0,866.6666666666666,26.66666666666663,33.33333333333337,0.12662028643944886,329.0,16,9,,,,,,,90,53.333333333333336,329.0,188.0,156.66666666666666,116.66666666666667,17.0,1.7174682961366372,233.33333333333334,219.0,367.20000000000005,9.0,39.0,5.40771484375,0.0003279433790497311,2.5898348149880874,356.6666666666667,3749.0,1764.0541999261425
0.0,20,0,0,1,1,1,1485950.0,900.0,33.33333333333337,0.0,0.08647194465795542,338.0,16,9,,,,,,,90,53.333333333333336,338.0,146.0,140.0,100.0,17.0,3.8003593593335587,233.33333333333334,214.0,358.73333333333335,4.0,49.0,4.96826171875,0.0003278955328786258,2.5432877508380534,410.0,3723.0,1313.3208255159475
0.0,20,0,0,1,1,1,1486850.0,900.0,0.0,-20.0,0.28174603174603174,315.0,15,9,,,,,,,90,50.0,315.0,121.0,143.33333333333334,100.0,14.0,3.123824187418286,233.33333333333334,227.0,362.06666666666666,2.0,56.0,4.94384765625,0.00033993081622389897,2.630202011180478,410.0,4070.0,1409.2140921409216
0.0,20,0,0,1,1,1,1487730.0,880.0,-20.0,-16.66666666666663,0.4756082068220796,356.0,16,9,,,,,,,90,53.333333333333336,356.0,232.0,133.33333333333334,86.66666666666667,18.0,3.5176777352948587,193.33333333333334,215.0,405.14666666666665,-9.0,56.0,5.09033203125,0.00037824152704638437,2.615732698498861,396.6666666666667,4126.0,2152.7712208478897
0.0,20,0,0,1,1,1,1488593.3333333333,863.3333333333334,-16.66666666666663,13.333333333333258,0.4465977372381313,317.0,16,9,,,,,,,90,53.333333333333336,317.0,178.0,136.66666666666666,93.33333333333333,21.0,3.91588701545691,230.0,216.0,384.38,0.0,25.0,5.4931640625,0.00029273063537857966,2.7687025635473708,336.6666666666667,4026.0,1780.3042133866384
0.0,20,0,0,1,1,1,1489470.0,876.6666666666666,13.333333333333258,3.3333333333333712,0.4540792695030768,361.0,15,9,,,,,,,90,50.0,361.0,143.0,146.66666666666666,103.33333333333333,26.0,4.406956652148189,190.0,193.0,382.3266666666667,-9.0,24.0,4.9560546875,0.0003333771892276192,2.5968073051945892,363.3333333333333,3856.0,1105.491880352741
0.0,20,0,0,0,1,1,1490350.0,880.0,3.3333333333333712,-16.66666666666663,0.4065415992265662,299.0,15,9,,,,,,,90,50.0,299.0,169.0,,,,,243.33333333333334,221.0,375.1466666666667,-7.0,46.0,4.30908203125,0.0004211644506267804,2.6340946551919333,,3869.0,1830.7779177344391
0.0,20,0,0,1,1,1,1491213.3333333333,863.3333333333334,-16.66666666666663,-10.0,0.36296216099171763,310.0,16,10,,,,,,,90,53.333333333333336,310.0,167.0,136.66666666666666,96.66666666666667,23.0,3.1027828371230743,200.0,222.0,374.38,0.0,33.0,4.98046875,0.0005058984914775105,2.6747272557519057,363.3333333333333,3725.0,1598.105948505475
0.0,20,0,0,0,1,1,1492066.6666666667,853.3333333333334,-10.0,23.333333333333258,0.24826490416974695,345.0,16,9,,,,,,,90,53.333333333333336,345.0,132.0,,,,,246.66666666666666,224.0,379.25333333333333,1.0,51.0,4.2724609375,0.0005731458267448228,2.6944339978719,,3645.0,1460.8695652173915
0.0,20,0,0,1,1,1,1492943.3333333333,876.6666666666666,23.333333333333258,-26.66666666666663,0.24846902921393432,311.0,16,9,,,,,,,90,53.333333333333336,311.0,141.0,146.66666666666666,110.0,22.0,3.2825766444129307,173.33333333333334,188.0,375.66,0.0,32.0,4.87060546875,0.00034625767689020615,2.4835010292762147,370.0,3552.0,1347.0061701572954
0.0,20,0,0,1,1,1,1493793.3333333333,850.0,-26.66666666666663,-13.333333333333371,0.1214753136074092,300.0,15,10,,,,,,,90,50.0,300.0,121.0,146.66666666666666,110.0,21.0,4.28610518927065,173.33333333333334,192.0,376.43333333333334,-9.0,27.0,5.26123046875,0.0005919369285714294,2.6513258624091947,340.0,3563.0,1274.5098039215686
0.0,20,0,0,1,1,1,1494630.0,836.6666666666666,-13.333333333333371,6.6666666666667425,0.08574118490955146,341.0,17,10,,,,,,,90,56.666666666666664,341.0,136.0,130.0,86.66666666666667,17.0,2.857389743396091,173.33333333333334,190.0,378.4866666666666,3.0,38.0,5.4443359375,0.0004206528514736651,2.6548171750755567,350.0,3599.0,955.1738583996648
0.0,20,0,0,0,1,1,1495473.3333333333,843.3333333333334,6.6666666666667425,-16.666666666666742,0.17327915869980878,323.0,17,10,,,,,,,90,56.666666666666664,323.0,135.0,,,,,180.0,188.0,377.46000000000004,5.0,49.0,4.18701171875,0.0008775579709506228,2.636721449489294,,3860.0,1736.7148734043003
0.0,20,0,0,1,1,1,1496300.0,826.6666666666666,-16.666666666666742,-30.0,0.29740721911540413,328.0,17,11,,,,,,,90,56.666666666666664,328.0,193.0,133.33333333333334,100.0,21.0,4.108411214379039,176.66666666666666,184.0,383.36,-4.0,40.0,5.35888671875,0.0003147038520943647,2.6403809515108234,333.3333333333333,3940.0,2131.09756097561
0.0,20,0,0,1,1,1,1497096.6666666667,796.6666666666666,-30.0,-13.333333333333258,0.3484672054601843,329.0,17,11,,,,,,,90,56.666666666666664,329.0,209.0,140.0,103.33333333333333,18.0,4.7780777711605715,166.66666666666666,182.0,381.31333333333333,0.0,42.0,5.95703125,0.0001932108104860657,2.765684317761941,296.6666666666667,4038.0,1577.814965335883
0.0,20,0,0,1,1,1,1497880.0,783.3333333333334,-13.333333333333258,20.0,0.49687881179593885,344.0,16,10,,,,,,,90,53.333333333333336,344.0,177.0,146.66666666666666,116.66666666666667,28.0,4.891521023235352,180.0,180.0,386.7,0.0,47.0,5.79833984375,0.00022933827875624163,2.765788921545864,286.6666666666667,4127.0,1592.0767982693346
0.0,20,0,0,1,1,1,1498683.3333333333,803.3333333333334,20.0,-26.666666666666742,0.6853643124483547,350.0,17,11,,,,,,,90,56.666666666666664,350.0,164.0,136.66666666666666,100.0,18.0,3.8657049351854553,170.0,180.0,380.28666666666663,-4.0,44.0,5.82275390625,0.00023239438830482845,2.7904679405750548,306.6666666666667,3984.0,1723.6024844720496
0.0,20,0,0,1,1,1,1499460.0,776.6666666666666,-26.666666666666742,16.666666666666742,0.7545020997935796,291.0,16,10,,,,,,,90,53.333333333333336,291.0,107.0,156.66666666666666,116.66666666666667,16.0,3.1916940234424,233.33333333333334,213.0,384.3933333333333,-7.0,44.0,5.50537109375,0.0002904854689106868,2.8095107814041684,270.0,3865.0,1820.0330915107547
0.0,20,0,0,1,1,1,1500253.3333333333,793.3333333333334,16.666666666666742,33.33333333333326,0.6885456885456886,335.0,16,10,,,,,,,90,53.333333333333336,335.0,130.0,143.33333333333334,103.33333333333333,17.0,3.2444173149637656,170.0,185.0,378.49333333333334,3.0,40.0,5.8349609375,0.00027311321860480636,2.7578986818101403,296.6666666666667,3673.0,1609.9278886466543
0.0,20,0,0,0,1,1,1501080.0,826.6666666666666,33.33333333333326,33.33333333333337,0.6288233177401943,311.0,17,11,,,,,,,90,56.666666666666664,311.0,128.0,,,,,236.66666666666666,201.0,380.0266666666667,-3.0,52.0,4.72412109375,0.00039634027687372877,2.6426775654938868,,3620.0,1997.1921561523484
0.0,20,0,0,1,1,1,1501940.0,860.0,33.33333333333337,20.0,0.5629100955450673,299.0,17,11,,,,,,,90,56.666666666666664,299.0,108.0,133.33333333333334,93.33333333333333,13.0,3.548635915132298,183.33333333333334,172.0,381.56,4.0,35.0,4.8583984375,0.00037006240300498853,2.5839956209995187,370.0,3618.0,1247.4012474012472
0.0,20,0,0,0,1,1,1502820.0,880.0,20.0,-16.66666666666663,0.6234641694892741,339.0,16,10,,,,,,,90,53.333333333333336,339.0,126.0,,,,,183.33333333333334,172.0,378.47999999999996,-17.0,44.0,4.58984375,0.00036099561067358713,2.654428194054159,,3678.0,1560.018152938507
0.0,20,0,0,0,1,1,1503683.3333333333,863.3333333333334,-16.66666666666663,6.666666666666629,0.6512207004817842,327.0,16,10,,,,,,,90,53.333333333333336,327.0,151.0,,,,,170.0,188.0,384.38,-6.0,50.0,4.13818359375,0.0004953449922050445,2.7551913023748473,,3820.0,1455.65749235474
0.0,20,0,0,1,1,1,1504553.3333333333,870.0,6.666666666666629,16.66666666666663,0.744507191387982,323.0,17,11,,,,,,,90,56.666666666666664,323.0,190.0,136.66666666666666,100.0,24.0,3.9734160270487067,166.66666666666666,187.0,366.68666666666667,9.0,26.0,4.94384765625,0.0003837169257689923,2.6730357906069595,363.3333333333333,3835.0,1516.7438293521177
0.0,20,0,0,0,1,1,1505440.0,886.6666666666666,16.66666666666663,-3.3333333333332575,0.7378125512939762,311.0,17,11,,,,,,,90,56.666666666666664,311.0,162.0,,,,,176.66666666666666,183.0,374.12,2.0,61.0,3.9794921875,0.0005618217017470073,2.750797429198488,,3686.0,2396.596832497853
0.0,20,0,0,1,1,1,1506323.3333333333,883.3333333333334,-3.3333333333332575,-46.66666666666674,0.6815764880281009,302.0,17,11,,,,,,,90,56.666666666666664,302.0,143.0,143.33333333333334,103.33333333333333,17.0,3.0748202213417137,180.0,188.0,377.96666666666664,-2.0,42.0,4.9560546875,0.0004030347158926678,2.5538296147749437,380.0,3566.0,1350.644823980481
0.0,20,0,0,0,1,1,1507160.0,836.6666666666666,-46.66666666666674,0.0,0.5237339722833829,310.0,17,10,,,,,,,90,56.666666666666664,310.0,164.0,,,,,216.66666666666666,219.0,378.4866666666666,6.0,49.0,4.69970703125,0.0004696168450340808,2.747164342187159,,3664.0,1739.2285134220615
0.0,20,0,0,0,1,1,1507996.6666666667,836.6666666666666,0.0,30.0,0.4251565167899829,343.0,17,10,,,,,,,90,56.666666666666664,343.0,171.0,,,,,236.66666666666666,217.0,378.4866666666666,14.0,49.0,4.78515625,0.0004343739607690868,2.5896100530870996,,3692.0,1767.4927113702622
0.0,20,0,0,1,1,1,1508863.3333333333,866.6666666666666,30.0,3.3333333333333712,0.34124645956798194,325.0,17,11,,,,,,,90,56.666666666666664,325.0,137.0,133.33333333333334,100.0,18.0,3.6285590043307305,246.66666666666666,211.0,383.8666666666667,11.0,37.0,4.91943359375,0.0003793371055466628,2.408441944808847,373.3333333333333,3673.0,1524.7252747252746
0.0,20,0,0,1,1,1,1509733.3333333333,870.0,3.3333333333333712,23.33333333333337,0.32964497236476314,299.0,17,10,,,,,,,90,56.666666666666664,299.0,208.0,133.33333333333334,93.33333333333333,20.0,2.4011675928221994,180.0,191.0,380.02,2.0,25.0,4.8095703125,0.0003932208863294053,2.5196715061899155,373.3333333333333,3740.0,2078.3564261825136
0.0,20,0,0,1,1,1,1510626.6666666667,893.3333333333334,23.33333333333337,6.666666666666629,0.3298723180778783,346.0,16,10,,,,,,,90,53.333333333333336,346.0,151.0,153.33333333333334,103.33333333333333,10.0,2.1702359712057966,253.33333333333334,228.0,366.4266666666666,-4.0,27.0,4.91943359375,0.00048185132307153024,2.5419832007213663,376.6666666666667,3735.0,1465.548109877743
0.0,20,0,0,0,1,1,1511526.6666666667,900.0,6.666666666666629,0.0,0.40132602809815165,329.0,17,10,,,,,,,90,56.666666666666664,329.0,133.0,,,,,250.0,219.0,385.4,17.0,53.0,4.11376953125,0.0005267517317974409,2.5245649438044713,,3913.0,1862.6288086589075
0.0,20,0,0,0,1,1,1512426.6666666667,900.0,0.0,-10.0,0.47777777777777775,362.0,16,10,,,,,,,90,53.333333333333336,362.0,187.0,,,,,230.0,240.0,382.06666666666666,-19.0,47.0,3.7109375,0.0007675446397339806,2.687525411001745,,4034.0,1468.634170221694
0.0,20,0,0,1,1,1,1513316.6666666667,890.0,-10.0,16.66666666666663,0.5556790397866193,321.0,16,9,,,,,,,90,53.333333333333336,321.0,216.0,133.33333333333334,93.33333333333333,20.0,3.343048619840303,173.33333333333334,206.0,383.6066666666667,-2.0,32.0,5.078125,0.00031704967831543693,2.584638242619178,390.0,4230.0,2444.2846872753416
0.0,20,0,0,1,1,1,1514223.3333333333,906.6666666666666,16.66666666666663,-6.666666666666629,0.5599828849548055,356.0,17,10,,,,,,,90,56.666666666666664,356.0,145.0,130.0,93.33333333333333,22.0,2.885317289712267,173.33333333333334,215.0,384.37333333333333,-15.0,27.0,4.87060546875,0.0004970115738577544,2.4989911590129816,403.3333333333333,4125.0,1434.6736001485747
0.0,20,0,0,1,1,1,1515123.3333333333,900.0,-6.666666666666629,3.3333333333333712,0.46960687496060344,336.0,17,10,,,,,,,90,56.666666666666664,336.0,190.0,140.0,106.66666666666667,35.0,3.9611835035294405,250.0,252.0,382.06666666666666,7.0,30.0,4.8828125,0.0007807806583442227,2.5848951061210275,386.6666666666667,4161.0,1847.2906403940885
0.0,20,0,0,1,1,1,1516026.6666666667,903.3333333333334,3.3333333333333712,-10.0,0.3150560275958394,348.0,17,10,,,,,,,90,56.666666666666664,348.0,171.0,153.33333333333334,110.0,15.0,3.272676534622258,193.33333333333334,202.0,384.88666666666666,15.0,31.0,4.96826171875,0.0002934283890906569,2.6430187350537455,380.0,4058.0,1459.4676346037509
0.0,20,0,0,1,1,1,1516920.0,893.3333333333334,-10.0,-6.6666666666667425,0.19376983834059203,340.0,16,10,,,,,,,90,53.333333333333336,340.0,177.0,140.0,100.0,29.0,3.5189946307332765,186.66666666666666,210.0,376.4266666666666,3.0,29.0,4.8583984375,0.0005109653650674018,2.453090673497671,380.0,4232.0,1571.2074303405573
0.0,20,0,0,1,1,1,1517806.6666666667,886.6666666666666,-6.6666666666667425,-33.33333333333326,0.0,367.0,15,9,,,,,,,90,50.0,367.0,214.0,146.66666666666666,100.0,25.0,4.107452196851476,166.66666666666666,186.0,374.12,-18.0,33.0,4.9072265625,0.00044215878912882593,2.6536281560523296,380.0,4173.0,1556.0017209235623
0.0,20,0,0,0,1,1,1518660.0,853.3333333333334,-33.33333333333326,-13.333333333333371,0.005643340857787811,331.0,16,9,,,,,,,90,53.333333333333336,331.0,111.0,,,,,226.66666666666666,221.0,382.58666666666664,-2.0,43.0,4.150390625,0.0009239439023747591,2.640923118921109,,4054.0,1763.6972319751778
0.0,20,0,0,1,1,1,1519500.0,840.0,-13.333333333333371,-23.33333333333337,0.2972469075157415,364.0,16,8,,,,,,,90,53.333333333333336,364.0,147.0,153.33333333333334,106.66666666666667,19.0,4.017960417051107,183.33333333333334,201.0,381.3066666666667,10.0,22.0,5.33447265625,0.0004942292981417417,2.729589042725134,326.6666666666667,4012.0,815.7658667862748
0.0,20,0,0,1,1,1,1520316.6666666667,816.6666666666666,-23.33333333333337,43.33333333333337,0.5138909371419496,402.0,15,9,,,,,,,90,50.0,402.0,132.0,156.66666666666666,113.33333333333333,19.0,3.006374129898713,186.66666666666666,196.0,384.90000000000003,-10.0,26.0,6.0302734375,0.00016938149097949707,2.689484238084935,296.6666666666667,4018.0,754.6536978031191
0.0,20,0,0,1,1,1,1521176.6666666667,860.0,43.33333333333337,16.66666666666663,0.6998404026048158,321.0,16,10,,,,,,,90,53.333333333333336,321.0,154.0,143.33333333333334,90.0,9.0,2.587230588497718,226.66666666666666,210.0,381.56,7.0,27.0,5.3955078125,0.0002360817676445314,2.6240578047931633,353.3333333333333,4506.0,1207.899841297831
0.0,25,1,0,1,1,1,1522053.3333333333,876.6666666666666,16.66666666666663,16.666666666666742,0.7040460508108706,381.0,19,9,-139.0,13.0,8.0,,,,53,106.66666666666667,405.0,213.0,156.66666666666666,113.33333333333333,18.0,3.5447648115068215,196.66666666666666,202.0,422.3266666666667,71.0,37.0,5.43212890625,0.00026204019898804024,2.6140578186347985,360.0,4668.0,1063.100137174211
0.0,20,0,0,1,1,1,1522946.6666666667,893.3333333333334,16.666666666666742,-10.0,0.6108486724222186,313.0,16,10,,,,,,,90,53.333333333333336,313.0,162.0,156.66666666666666,116.66666666666667,18.0,4.089940734886202,253.33333333333334,213.0,383.09333333333336,-1.0,25.0,5.55419921875,0.00011165668691541478,3.084897942033027,326.6666666666667,4691.0,2210.3410054117494
0.0,20,0,0,1,1,1,1523830.0,883.3333333333334,-10.0,23.333333333333258,0.5990147047846532,337.0,16,9,,,,,,,90,53.333333333333336,337.0,181.0,140.0,96.66666666666667,25.0,2.7141783826318076,163.33333333333334,171.0,374.6333333333333,0.0,25.0,4.91943359375,0.00042816287581941807,2.6681491601730647,376.6666666666667,3780.0,1260.4711010740264
0.0,20,0,0,1,1,1,1524736.6666666667,906.6666666666666,23.333333333333258,0.0,0.5673552516729706,325.0,16,10,,,,,,,90,53.333333333333336,325.0,166.0,140.0,96.66666666666667,20.0,3.1831443213962984,186.66666666666666,182.0,377.7066666666667,-2.0,42.0,4.94384765625,0.00039507330833673534,2.6535509813698663,403.3333333333333,3812.0,1685.950413223141
0.0,20,0,0,0,1,1,1525643.3333333333,906.6666666666666,0.0,-16.66666666666663,0.6302521008403361,307.0,16,11,,,,,,,90,53.333333333333336,307.0,163.0,,,,,190.0,181.0,381.04,-5.0,51.0,3.7109375,0.00042861288376854547,2.800947233058422,,3682.0,2051.5103081311836
0.0,20,0,0,1,1,1,1526533.3333333333,890.0,-16.66666666666663,-6.666666666666629,0.6281195817790154,300.0,16,10,,,,,,,90,53.333333333333336,300.0,156.0,136.66666666666666,100.0,19.0,2.750899281690865,186.66666666666666,185.0,380.27333333333337,-17.0,24.0,5.0048828125,0.00034839708489735376,2.708512935061438,386.6666666666667,3703.0,1836.206896551724
0.0,20,0,0,0,1,1,1527416.6666666667,883.3333333333334,-6.666666666666629,0.0,0.5161286870157112,329.0,15,9,,,,,,,90,50.0,329.0,186.0,,,,,186.66666666666666,189.0,377.96666666666664,-4.0,49.0,4.4189453125,0.00031657004533265924,2.717490548606606,,3699.0,1765.2560205751695
0.0,20,0,0,1,1,1,1528300.0,883.3333333333334,0.0,-16.666666666666742,0.23935309973045818,303.0,16,10,,,,,,,90,53.333333333333336,303.0,176.0,136.66666666666666,93.33333333333333,18.0,2.6690036783907622,186.66666666666666,187.0,381.29999999999995,-21.0,33.0,4.8583984375,0.000388499002328256,2.6611062373166403,380.0,3933.0,1823.8665971860344
0.0,20,0,0,0,1,1,1529166.6666666667,866.6666666666666,-16.666666666666742,-50.0,0.08089305937550556,356.0,16,10,,,,,,,90,53.333333333333336,356.0,157.0,,,,,246.66666666666666,246.0,383.8666666666667,-28.0,54.0,4.16259765625,0.0005160042187580784,2.702851425099024,,4144.0,1702.247191011236
0.0,20,0,0,0,1,1,1529983.3333333333,816.6666666666666,-50.0,6.6666666666667425,0.08828868474613566,362.0,16,9,,,,,,,90,53.333333333333336,362.0,176.0,,,,,190.0,231.0,391.56666666666666,-28.0,52.0,4.6142578125,0.0010342852133632858,2.6853767140482514,,4439.0,1828.0792980175497
0.0,20,0,0,1,1,1,1530806.6666666667,823.3333333333334,6.6666666666667425,13.333333333333258,0.3978942213516161,329.0,16,10,,,,,,,90,53.333333333333336,329.0,248.0,156.66666666666666,106.66666666666667,20.0,4.5457700972438815,156.66666666666666,228.0,390.54,-21.0,34.0,5.76171875,0.0004223636283354311,2.7969772905303976,296.6666666666667,4331.0,2817.526723814077
0.0,20,0,0,1,1,1,1531643.3333333333,836.6666666666666,13.333333333333258,13.333333333333371,0.6079580933879136,340.0,16,10,,,,,,,90,53.333333333333336,340.0,154.0,143.33333333333334,100.0,22.0,3.5004647935672413,260.0,245.0,381.82000000000005,-21.0,28.0,5.33447265625,0.0005575540326747887,2.6675557301472628,326.6666666666667,4140.0,1188.4753901560623
0.0,20,0,0,1,1,1,1532493.3333333333,850.0,13.333333333333371,10.0,0.6400919456519265,349.0,16,10,,,,,,,90,53.333333333333336,349.0,149.0,143.33333333333334,93.33333333333333,14.0,3.581870246293697,170.0,202.0,379.7666666666667,-8.0,49.0,5.56640625,0.000388596537233788,2.5322863569618193,346.6666666666667,4165.0,1496.0326206744544
0.0,20,0,0,1,1,1,1533353.3333333333,860.0,10.0,13.333333333333371,0.6284235642033807,341.0,16,10,,,,,,,90,53.333333333333336,341.0,187.0,150.0,93.33333333333333,25.0,0.5880653776108336,240.0,247.0,378.2266666666667,15.0,48.0,5.56640625,0.0003654544611116865,2.5460373724576746,350.0,4411.0,2237.1177209886887
0.0,20,0,0,1,1,1,1534226.6666666667,873.3333333333334,13.333333333333371,16.66666666666663,0.5388694535470729,366.0,16,9,,,,,,,90,53.333333333333336,366.0,248.0,153.33333333333334,103.33333333333333,29.0,4.881520921630482,246.66666666666666,242.0,379.50666666666666,-5.0,33.0,4.736328125,0.0006213159889977069,2.4911406701394556,363.3333333333333,4428.0,2022.860580538427
0.0,20,0,0,1,1,1,1535116.6666666667,890.0,16.66666666666663,13.333333333333371,0.491360985447212,367.0,16,9,,,,,,,90,53.333333333333336,367.0,207.0,143.33333333333334,100.0,24.0,4.25964919153569,246.66666666666666,238.0,376.94,-1.0,28.0,4.8095703125,0.00039793752615977277,2.4263104505761435,383.3333333333333,4302.0,1805.4732851557874
0.0,20,0,0,1,1,1,1536020.0,903.3333333333334,13.333333333333371,-30.0,0.5239200667536748,358.0,16,9,,,,,,,90,53.333333333333336,358.0,151.0,160.0,113.33333333333333,16.0,3.623451960840322,180.0,215.0,364.88666666666666,-1.0,26.0,4.84619140625,0.0005167580292420212,2.5055762226422735,380.0,4234.0,1889.1502499264923
0.0,20,0,0,1,1,1,1536893.3333333333,873.3333333333334,-30.0,-3.3333333333333712,0.6306244527203098,336.0,16,10,,,,,,,90,53.333333333333336,336.0,244.0,160.0,116.66666666666667,30.0,3.5314398975148045,243.33333333333334,238.0,376.17333333333335,12.0,76.0,5.76171875,0.0001960619859298999,2.8362380975185775,356.6666666666667,4144.0,2002.6702269692923
0.0,20,0,0,0,1,1,1537763.3333333333,870.0,-3.3333333333333712,-26.66666666666663,0.5292116083016151,320.0,15,8,,,,,,,90,50.0,320.0,159.0,,,,,180.0,208.0,386.68666666666667,-1.0,44.0,4.18701171875,0.0006057389837379756,2.627927707797996,,4014.0,2068.5483870967746
0.0,20,0,0,1,1,1,1538606.6666666667,843.3333333333334,-26.66666666666663,6.666666666666629,0.4099393169321095,331.0,15,10,,,,,,,90,50.0,331.0,178.0,143.33333333333334,83.33333333333333,12.0,2.141438466565109,193.33333333333334,202.0,394.12666666666667,1.0,32.0,5.2001953125,0.00029813234224973387,2.458252133713044,323.3333333333333,4176.0,1513.6886037312736
0.0,20,0,0,1,1,1,1539456.6666666667,850.0,6.666666666666629,-3.3333333333333712,0.381080348674405,348.0,14,7,,,,,,,90,46.666666666666664,348.0,254.0,140.0,93.33333333333333,24.0,2.6406378443870047,233.33333333333334,246.0,383.1,-9.0,40.0,5.33447265625,0.00024493832626728716,2.6303783493146904,346.6666666666667,4378.0,2238.0636604774536
0.0,20,0,0,0,1,1,1540303.3333333333,846.6666666666666,-3.3333333333333712,-16.66666666666663,0.37818092175296664,348.0,14,8,,,,,,,90,46.666666666666664,348.0,191.0,,,,,193.33333333333334,210.0,383.6133333333333,-19.0,60.0,4.6630859375,0.00028413559556113283,2.637243876636112,,4433.0,2011.4942528735633
0.0,20,0,0,1,1,1,1541133.3333333333,830.0,-16.66666666666663,16.66666666666663,0.3823214989028302,380.0,14,7,,,,,,,90,46.666666666666664,380.0,185.0,160.0,123.33333333333333,30.0,2.220140124664418,216.66666666666666,246.0,372.84666666666664,-2.0,25.0,5.79833984375,0.00022966205030640582,2.7755207519334357,310.0,4350.0,1604.414261460102
0.0,20,0,0,1,1,1,1541980.0,846.6666666666666,16.66666666666663,23.33333333333337,0.5135631129208006,344.0,14,7,,,,,,,90,46.666666666666664,344.0,183.0,146.66666666666666,100.0,22.0,4.249640344639964,183.33333333333334,196.0,376.94666666666666,-3.0,49.0,5.46875,0.00031674564382119097,2.6787179269520154,350.0,4172.0,1785.7142857142858
0.0,20,0,0,1,1,1,1542850.0,870.0,23.33333333333337,20.0,0.3752150108489135,333.0,14,8,,,,,,,90,46.666666666666664,333.0,194.0,146.66666666666666,93.33333333333333,16.0,2.9543100261549693,186.66666666666666,194.0,373.3533333333333,-6.0,38.0,4.84619140625,0.0003405166979255633,2.6850946317223063,363.3333333333333,4033.0,1446.4005289693364
0.0,20,0,0,1,1,1,1543740.0,890.0,20.0,-46.66666666666663,0.16659007352941177,314.0,13,7,,,,,,,90,43.333333333333336,314.0,197.0,156.66666666666666,110.0,23.0,4.801981906337275,250.0,214.0,373.6066666666667,-12.0,35.0,4.931640625,0.0003594439933805552,2.6987726335496998,380.0,4032.0,1927.5896748240027
0.0,20,0,0,1,1,1,1544583.3333333333,843.3333333333334,-46.66666666666663,6.666666666666629,0.2811937612477505,339.0,14,8,,,,,,,90,46.666666666666664,339.0,178.0,150.0,103.33333333333333,18.0,3.1348598556496317,166.66666666666666,196.0,377.46000000000004,-15.0,26.0,5.31005859375,0.00042929453621637093,2.7766612916325677,330.0,4084.0,1349.780995798695
0.0,20,0,0,1,1,1,1545433.3333333333,850.0,6.666666666666629,16.66666666666663,0.2963958267467594,370.0,14,7,,,,,,,90,46.666666666666664,370.0,167.0,170.0,126.66666666666667,23.0,3.310239638008417,176.66666666666666,204.0,366.43333333333334,-12.0,32.0,5.3466796875,0.00036466275687226264,2.6884107212787365,326.6666666666667,4105.0,1489.2443463872034
0.0,20,0,0,1,1,1,1546300.0,866.6666666666666,16.66666666666663,-6.666666666666629,0.2940023520188162,325.0,14,7,,,,,,,90,46.666666666666664,325.0,173.0,156.66666666666666,113.33333333333333,26.0,1.4673834449390455,183.33333333333334,205.0,367.20000000000005,-9.0,48.0,5.224609375,0.00040137544131676117,2.5575573097132134,363.3333333333333,4025.0,1981.651376146789
0.0,20,0,0,1,1,1,1547160.0,860.0,-6.666666666666629,23.33333333333337,0.2893302266282725,315.0,15,10,,,,,,,90,50.0,315.0,210.0,153.33333333333334,133.33333333333334,36.0,1.3683770660827488,250.0,230.0,384.8933333333334,-6.0,45.0,5.4443359375,0.0003297334759460035,2.6219957314438576,346.6666666666667,3880.0,1639.194139194139
0.0,20,0,0,0,1,1,1548043.3333333333,883.3333333333334,23.33333333333337,-6.6666666666667425,0.33121561943131633,353.0,16,10,,,,,,,90,53.333333333333336,353.0,135.0,,,,,190.0,205.0,377.96666666666664,10.0,47.0,4.28466796875,0.0004681079348958354,2.6849362799220966,,4023.0,1628.4382710408481
0.0,20,0,0,1,1,1,1548920.0,876.6666666666666,-6.6666666666667425,66.66666666666674,0.28225284679089024,365.0,16,10,,,,,,,90,53.333333333333336,365.0,181.0,146.66666666666666,100.0,23.0,2.517697668371401,176.66666666666666,202.0,368.99333333333334,14.0,31.0,5.01708984375,0.00044087348412473633,2.608284698626668,366.6666666666667,4070.0,1703.6114570361146
0.0,20,0,0,1,1,1,1549863.3333333333,943.3333333333334,66.66666666666674,16.66666666666663,0.24975593882199806,333.0,16,10,,,,,,,90,53.333333333333336,333.0,214.0,153.33333333333334,110.0,21.0,3.1275158666830354,190.0,196.0,372.06,3.0,60.0,5.0537109375,0.000249764800187358,2.7029160819305678,436.6666666666667,3930.0,2063.1318341242004
0.0,20,0,0,1,1,1,1550823.3333333333,960.0,16.66666666666663,33.33333333333337,0.4935156683655448,321.0,15,9,,,,,,,90,50.0,321.0,207.0,136.66666666666666,100.0,19.0,2.9564042320102697,253.33333333333334,220.0,369.49333333333334,-6.0,43.0,5.0048828125,0.0001757627123760141,2.6877384317876816,460.0,3566.0,1706.6233238520924
0.0,20,0,0,0,1,1,1551816.6666666667,993.3333333333334,33.33333333333337,-43.33333333333337,0.5598790522454644,312.0,15,9,,,,,,,90,50.0,312.0,173.0,,,,,250.0,212.0,364.36,7.0,50.0,5.0048828125,0.00032094541214051307,2.724771210038517,,3555.0,2281.0965630114565
0.0,20,0,0,1,1,1,1552766.6666666667,950.0,-43.33333333333337,16.66666666666663,0.6484564672916926,331.0,15,10,,,,,,,90,50.0,331.0,143.0,166.66666666666666,126.66666666666667,10.0,3.1947275897469254,263.3333333333333,231.0,364.3666666666667,5.0,40.0,5.0537109375,0.0002481669760212678,2.738647965239279,413.3333333333333,3840.0,1549.5565734333888
0.0,20,0,0,0,1,1,1553733.3333333333,966.6666666666666,16.66666666666663,-13.333333333333258,0.7132835596532546,322.0,15,9,,,,,,,90,50.0,322.0,193.0,,,,,186.66666666666666,200.0,361.8,3.0,50.0,5.11474609375,0.0005295883838171236,2.6638975855925535,,3976.0,2296.100193462987
0.0,20,0,0,0,1,1,1554686.6666666667,953.3333333333334,-13.333333333333258,-6.6666666666667425,0.6637298959318827,346.0,16,10,,,,,,,90,53.333333333333336,346.0,156.0,,,,,173.33333333333334,193.0,367.18666666666667,4.0,58.0,5.06591796875,0.0003540808493962697,2.6047321300856967,,3817.0,1748.7998432448321
0.0,20,0,0,1,1,1,1555633.3333333333,946.6666666666666,-6.6666666666667425,-23.333333333333258,0.5964870211618007,333.0,16,10,,,,,,,90,53.333333333333336,333.0,188.0,170.0,130.0,16.0,4.32919860935073,243.33333333333334,230.0,364.88000000000005,6.0,47.0,4.78515625,0.00039115527601365797,2.6023706445267614,413.3333333333333,3844.0,1736.4138331880265
0.0,20,0,0,0,1,1,1556556.6666666667,923.3333333333334,-23.333333333333258,16.66666666666663,0.4506748799710118,312.0,16,10,,,,,,,90,53.333333333333336,312.0,198.0,,,,,203.33333333333334,233.0,368.47333333333336,-2.0,49.0,5.7861328125,0.0008383681633691493,2.6365652789937823,,3970.0,2315.657715065999
0.0,20,0,0,1,1,1,1557496.6666666667,940.0,16.66666666666663,13.333333333333371,0.34799195751920403,339.0,15,10,,,,,,,90,50.0,339.0,162.0,146.66666666666666,93.33333333333333,16.0,4.062215224824882,166.66666666666666,200.0,369.24,-12.0,50.0,4.77294921875,0.0004241324413198757,2.473116813219547,433.3333333333333,4039.0,1878.8291354663036
0.0,20,0,0,1,1,1,1558450.0,953.3333333333334,13.333333333333371,10.0,0.34184831050968323,324.0,15,9,,,,,,,90,50.0,324.0,163.0,143.33333333333334,103.33333333333333,18.0,2.259114087203324,190.0,215.0,367.18666666666667,8.0,35.0,4.7119140625,0.00045320801081909137,2.505536712814262,450.0,3967.0,2146.7764060356653
0.0,20,0,0,1,1,1,1559413.3333333333,963.3333333333334,10.0,-6.6666666666667425,0.33334665055283114,332.0,16,10,,,,,,,90,53.333333333333336,332.0,169.0,170.0,130.0,17.0,2.684111689128848,180.0,209.0,365.64666666666665,8.0,35.0,4.62646484375,0.0003608125640504662,2.5541439091592277,426.6666666666667,3892.0,1369.5406626506021
0.0,20,0,0,1,1,1,1560370.0,956.6666666666666,-6.6666666666667425,-30.0,0.14905671570953963,310.0,16,10,,,,,,,90,53.333333333333336,310.0,210.0,173.33333333333334,130.0,15.0,1.7792499210083523,183.33333333333334,207.0,363.34,-2.0,49.0,4.9560546875,0.0002975096847246216,2.555279669887881,420.0,3898.0,2142.8571428571427
0.0,20,0,0,1,1,1,1561296.6666666667,926.6666666666666,-30.0,-16.66666666666663,0.18752428103240462,329.0,16,10,,,,,,,90,53.333333333333336,329.0,185.0,143.33333333333334,110.0,28.0,3.5269245241705605,246.66666666666666,237.0,367.96000000000004,9.0,44.0,4.78515625,0.0004375241974521748,2.614886975915578,423.3333333333333,3841.0,1866.7879281047317
0.0,20,0,0,1,1,1,1562206.6666666667,910.0,-16.66666666666663,-13.333333333333371,0.233640055518429,326.0,16,10,,,,,,,90,53.333333333333336,326.0,194.0,146.66666666666666,110.0,25.0,3.6347075038351164,193.33333333333334,218.0,373.85999999999996,5.0,51.0,5.17578125,0.0002761221240091278,2.537604641327194,403.3333333333333,3804.0,2190.3361557572375
0.0,20,0,0,1,1,1,1563103.3333333333,896.6666666666666,-13.333333333333371,-10.0,0.35646238562844157,309.0,16,10,,,,,,,90,53.333333333333336,309.0,163.0,143.33333333333334,100.0,19.0,3.1993625041270484,203.33333333333334,224.0,372.58000000000004,4.0,40.0,4.931640625,0.0003112468614061883,2.4639535143660627,390.0,3792.0,1833.8727076591153
0.0,20,0,0,0,1,1,1563990.0,886.6666666666666,-10.0,-16.66666666666663,0.5194998353323631,317.0,16,10,,,,,,,90,53.333333333333336,317.0,143.0,,,,,240.0,243.0,370.78666666666663,2.0,53.0,3.79638671875,0.0008412435343203103,2.661455939561069,,3808.0,1826.8578045761292
0.0,20,0,0,1,1,1,1564860.0,870.0,-16.66666666666663,23.33333333333337,0.606833933272444,311.0,15,9,,,,,,,90,50.0,311.0,192.0,140.0,93.33333333333333,22.0,2.9483181200936492,176.66666666666666,208.0,373.3533333333333,-4.0,51.0,5.029296875,0.00040902666049357243,2.6261709577200003,376.6666666666667,3850.0,2142.674216771476
0.0,20,0,0,1,1,1,1565753.3333333333,893.3333333333334,23.33333333333337,20.0,0.7376995371940613,312.0,16,10,,,,,,,90,53.333333333333336,312.0,147.0,143.33333333333334,93.33333333333333,15.0,2.9746241349467137,236.66666666666666,233.0,369.76,9.0,48.0,5.16357421875,0.0003036537925372618,2.5210939592090105,390.0,3806.0,2218.9349112426034
0.0,20,0,0,1,1,1,1566666.6666666667,913.3333333333334,20.0,3.3333333333332575,0.6761364847296518,325.0,16,10,,,,,,,90,53.333333333333336,325.0,187.0,143.33333333333334,100.0,20.0,3.7767690462017818,220.0,221.0,370.0133333333334,3.0,52.0,4.9072265625,0.0003105342308688394,2.5622465665768352,413.3333333333333,3775.0,1831.265508684864
0.0,20,0,0,1,1,1,1567583.3333333333,916.6666666666666,3.3333333333332575,3.3333333333333712,0.504394882542463,324.0,16,10,,,,,,,90,53.333333333333336,324.0,142.0,146.66666666666666,103.33333333333333,21.0,3.9834597583770694,236.66666666666666,229.0,366.1666666666667,1.0,52.0,4.84619140625,0.0003918522158683769,2.581584730386495,410.0,3739.0,2213.188798554652
0.0,20,0,0,1,1,1,1568503.3333333333,920.0,3.3333333333333712,3.3333333333333712,0.31010731687046134,320.0,16,10,,,,,,,90,53.333333333333336,320.0,148.0,143.33333333333334,100.0,19.0,3.873006967782093,180.0,205.0,375.65333333333336,12.0,55.0,4.98046875,0.0003318236971089413,2.6115449245802322,420.0,3723.0,1555.0595238095239
0.0,20,0,0,1,1,1,1569426.6666666667,923.3333333333334,3.3333333333333712,6.666666666666629,0.2336787189334106,341.0,16,9,,,,,,,90,53.333333333333336,341.0,163.0,143.33333333333334,100.0,19.0,3.8001474063125222,246.66666666666666,228.0,368.47333333333336,4.0,35.0,4.79736328125,0.0004460191360253617,2.552622280985147,416.6666666666667,3912.0,1668.0351906158357
0.0,20,0,0,1,1,1,1570356.6666666667,930.0,6.666666666666629,-23.33333333333337,0.273039478569366,326.0,15,10,,,,,,,90,50.0,326.0,214.0,140.0,100.0,24.0,3.0393955402482593,266.6666666666667,223.0,370.78,-3.0,46.0,4.78515625,0.00042462037391091195,2.555712016736877,426.6666666666667,4071.0,2365.318251533742
0.0,20,0,0,1,1,1,1571263.3333333333,906.6666666666666,-23.33333333333337,-23.333333333333258,0.3819120705730473,335.0,15,10,,,,,,,90,50.0,335.0,141.0,140.0,93.33333333333333,16.0,2.4756789794147593,170.0,189.0,374.37333333333333,-9.0,40.0,4.74853515625,0.00041894161366452413,2.5635731803341,403.3333333333333,4160.0,2050.080177624275
0.0,20,0,0,0,1,1,1572146.6666666667,883.3333333333334,-23.333333333333258,3.3333333333332575,0.2743008481256109,365.0,15,10,,,,,,,90,50.0,365.0,172.0,,,,,186.66666666666666,210.0,377.96666666666664,-15.0,43.0,4.39453125,0.00039502954858456967,2.676110246689043,,4205.0,2154.899894625922
0.0,20,0,0,1,1,1,1573033.3333333333,886.6666666666666,3.3333333333332575,20.0,0.2045667712409845,330.0,16,10,,,,,,,90,53.333333333333336,330.0,165.0,143.33333333333334,93.33333333333333,15.0,3.727631950548343,186.66666666666666,203.0,380.7866666666667,9.0,42.0,5.09033203125,0.00030251123097453956,2.5317424337995043,380.0,3993.0,2153.1100478468898
0.0,20,0,0,1,1,1,1573940.0,906.6666666666666,20.0,10.0,0.32208885357840716,310.0,16,10,,,,,,,90,53.333333333333336,310.0,162.0,136.66666666666666,86.66666666666667,15.0,2.8895083810895024,250.0,227.0,377.7066666666667,2.0,39.0,4.98046875,0.0002694879869137967,2.5332269794992417,403.3333333333333,4005.0,1535.5905091975474
0.0,20,0,0,0,1,1,1574856.6666666667,916.6666666666666,10.0,-36.66666666666663,0.3150565526512009,384.0,16,10,,,,,,,90,53.333333333333336,384.0,203.0,,,,,263.3333333333333,228.0,372.83333333333337,3.0,55.0,3.9306640625,0.00023008268929928556,2.719003815486259,,4230.0,2007.5757575757575
0.0,20,0,0,1,1,1,1575736.6666666667,880.0,-36.66666666666663,20.0,0.31271770663283877,358.0,16,10,,,,,,,90,53.333333333333336,358.0,175.0,170.0,103.33333333333333,8.0,2.302998275648605,163.33333333333334,193.0,378.47999999999996,-11.0,34.0,5.33447265625,0.00038125977502798044,2.630097737331597,346.6666666666667,4432.0,1667.9200687580576
0.0,20,0,0,1,1,1,1576636.6666666667,900.0,20.0,13.333333333333371,0.36347114947751025,359.0,15,9,,,,,,,90,50.0,359.0,139.0,150.0,103.33333333333333,16.0,3.1517622495372315,246.66666666666666,228.0,375.4,0.0,36.0,5.029296875,0.0004358932962117673,2.5039901177868162,390.0,4235.0,2028.42654096136
0.0,20,0,0,1,1,1,1577550.0,913.3333333333334,13.333333333333371,6.666666666666629,0.27531525050778605,325.0,16,10,,,,,,,90,53.333333333333336,325.0,158.0,140.0,96.66666666666667,21.0,3.848570033008091,183.33333333333334,187.0,380.0133333333334,4.0,34.0,4.72412109375,0.0003279914945792421,2.5147681430838817,406.6666666666667,3928.0,2156.368221941992
0.0,20,0,0,1,1,1,1578470.0,920.0,6.666666666666629,-3.3333333333333712,0.1587359509560648,328.0,15,10,,,,,,,90,50.0,328.0,146.0,150.0,100.0,16.0,3.7149716998724003,190.0,200.0,375.65333333333336,2.0,33.0,4.91943359375,0.00034798325078292297,2.5391219930110482,400.0,3678.0,1143.2926829268292
0.0,20,0,0,0,1,1,1579386.6666666667,916.6666666666666,-3.3333333333333712,23.33333333333337,0.2717588231031234,324.0,16,10,,,,,,,90,53.333333333333336,324.0,157.0,,,,,170.0,194.0,366.1666666666667,9.0,47.0,3.94287109375,0.0003722474189617555,2.739601243496482,,3795.0,1498.3164983164984
0.0,20,0,0,1,1,1,1580326.6666666667,940.0,23.33333333333337,6.666666666666629,0.2725885003997965,328.0,16,10,,,,,,,90,53.333333333333336,328.0,188.0,140.0,100.0,24.0,3.7789215474545763,250.0,219.0,369.24,8.0,58.0,5.09033203125,0.0003832973909925458,2.5825654883636497,443.3333333333333,3764.0,1664.2215294333398
0.0,20,0,0,1,1,1,1581273.3333333333,946.6666666666666,6.666666666666629,-13.333333333333258,0.268958810300464,338.0,16,10,,,,,,,90,53.333333333333336,338.0,159.0,133.33333333333334,93.33333333333333,19.0,2.539473909013246,186.66666666666666,188.0,371.5466666666667,7.0,44.0,4.9560546875,0.0002891843268009058,2.5542997887873238,450.0,3600.0,1558.1854043392505
0.0,20,0,0,0,1,1,1582206.6666666667,933.3333333333334,-13.333333333333258,-80.0,0.4151068711508272,318.0,16,9,,,,,,,90,53.333333333333336,318.0,125.0,,,,,250.0,215.0,370.26666666666665,5.0,53.0,5.77392578125,0.0004128470096302484,2.7375620486969376,,3851.0,1384.7511861414541
0.0,20,0,0,1,1,1,1583060.0,853.3333333333334,-80.0,-20.0,0.42240780112846515,357.0,16,10,,,,,,,90,53.333333333333336,357.0,221.0,140.0,100.0,20.0,3.447927532053793,163.33333333333334,184.0,382.58666666666664,-11.0,44.0,5.4443359375,0.0003176013978652197,2.751760313555347,346.6666666666667,4079.0,1914.9967679379445
0.0,20,0,0,1,1,1,1583893.3333333333,833.3333333333334,-20.0,-10.0,0.5041425668282007,353.0,16,10,,,,,,,90,53.333333333333336,353.0,136.0,143.33333333333334,100.0,16.0,0.6901135277295065,173.33333333333334,191.0,389.0,-4.0,44.0,5.52978515625,0.000251811772021299,2.686290972737557,326.6666666666667,4175.0,1231.427415158698
0.0,20,0,0,0,1,1,1584716.6666666667,823.3333333333334,-10.0,13.333333333333258,0.6027160804307319,332.0,16,10,,,,,,,90,53.333333333333336,332.0,187.0,,,,,220.0,215.0,380.53999999999996,10.0,57.0,4.65087890625,0.0006598814849253978,2.7162008191543627,,4203.0,2407.4399788936767
0.0,20,0,0,1,1,1,1585553.3333333333,836.6666666666666,13.333333333333258,-13.333333333333258,0.7380489835565114,335.0,16,10,,,,,,,90,53.333333333333336,335.0,207.0,136.66666666666666,90.0,18.0,2.074010516003076,220.0,223.0,378.4866666666666,10.0,57.0,5.50537109375,0.0003174558646278641,2.6337533328426477,343.3333333333333,3988.0,2399.6522243153167
0.0,20,0,0,0,1,1,1586376.6666666667,823.3333333333334,-13.333333333333258,33.33333333333326,0.7677461228393797,311.0,16,10,,,,,,,90,53.333333333333336,311.0,219.0,,,,,170.0,188.0,390.54,-10.0,56.0,4.65087890625,0.0006046150184027656,2.6596282213603666,,3860.0,2184.1984382177307
0.0,20,0,0,0,1,1,1587233.3333333333,856.6666666666666,33.33333333333326,33.33333333333337,0.7359570041608876,343.0,16,10,,,,,,,90,53.333333333333336,343.0,153.0,,,,,186.66666666666666,202.0,382.0733333333333,9.0,49.0,4.1748046875,0.0005249848008669592,2.6929956575632907,,3812.0,1469.6257511751057
0.0,20,0,0,1,1,1,1588123.3333333333,890.0,33.33333333333337,20.0,0.6673516996223061,357.0,15,10,,,,,,,90,50.0,357.0,161.0,140.0,86.66666666666667,14.0,2.7757248163237698,190.0,191.0,380.27333333333337,-1.0,39.0,5.04150390625,0.0002584792645336081,2.4339179010111343,386.6666666666667,3885.0,1209.7942625325993
0.0,20,0,0,1,1,1,1589033.3333333333,910.0,20.0,-16.66666666666663,0.6810743165190605,312.0,16,10,,,,,,,90,53.333333333333336,312.0,157.0,136.66666666666666,93.33333333333333,18.0,2.700424483603168,236.66666666666666,214.0,383.85999999999996,7.0,31.0,4.74853515625,0.0002802377008984658,2.4963976080892296,406.6666666666667,3866.0,2309.268600252207
0.0,20,0,0,1,1,1,1589926.6666666667,893.3333333333334,-16.66666666666663,20.0,0.6289588022823639,340.0,16,10,,,,,,,90,53.333333333333336,340.0,183.0,130.0,83.33333333333333,18.0,2.1028144843464016,186.66666666666666,201.0,376.4266666666666,-3.0,22.0,4.89501953125,0.0003699988309627844,2.669567433635751,390.0,3778.0,1334.841628959276
0.0,20,0,0,1,1,1,1590840.0,913.3333333333334,20.0,16.66666666666663,0.6801325632446025,352.0,16,9,,,,,,,90,53.333333333333336,352.0,149.0,126.66666666666667,83.33333333333333,21.0,2.3319358112529702,186.66666666666666,199.0,373.34666666666664,9.0,37.0,5.0048828125,0.00030674605092483433,2.5778037393847524,426.6666666666667,3954.0,1538.0859374999998
0.0,20,0,0,1,1,1,1591770.0,930.0,16.66666666666663,13.333333333333371,0.7036013967790693,349.0,15,9,,,,,,,90,50.0,349.0,177.0,136.66666666666666,93.33333333333333,18.0,3.7619280919477553,180.0,188.0,367.4466666666667,9.0,40.0,4.84619140625,0.00037702967753059616,2.4816780201697286,430.0,4023.0,1985.7399880055973
0.0,20,0,0,1,1,1,1592713.3333333333,943.3333333333334,13.333333333333371,-50.0,0.6918139192039149,334.0,15,10,,,,,,,90,50.0,334.0,176.0,143.33333333333334,100.0,18.0,3.7783548645675396,243.33333333333334,216.0,365.3933333333334,9.0,39.0,4.7119140625,0.00032051443135358636,2.5041463434653286,436.6666666666667,4020.0,2008.9591808748912
0.0,20,0,0,1,1,1,1593606.6666666667,893.3333333333334,-50.0,-20.0,0.717065036131184,343.0,16,10,,,,,,,90,53.333333333333336,343.0,164.0,136.66666666666666,83.33333333333333,9.0,2.3933652594537804,246.66666666666666,216.0,376.4266666666666,5.0,50.0,5.029296875,0.0003341945256463782,2.583755708263389,396.6666666666667,3969.0,1852.169439204253
0.0,20,0,0,0,1,1,1594480.0,873.3333333333334,-20.0,-16.666666666666742,0.597549009151219,340.0,16,10,,,,,,,90,53.333333333333336,340.0,217.0,,,,,180.0,189.0,376.17333333333335,4.0,49.0,4.21142578125,0.00041911687597280615,2.7199005293312837,,3967.0,1868.5121107266436
0.0,20,0,0,0,1,1,1595336.6666666667,856.6666666666666,-16.666666666666742,6.6666666666667425,0.4941908034691539,339.0,16,10,,,,,,,90,53.333333333333336,339.0,223.0,,,,,163.33333333333334,181.0,385.4066666666667,0.0,58.0,4.2236328125,0.0005423874456216284,2.6860712761764383,,4113.0,2221.2983310566015
0.0,20,0,0,0,1,1,1596200.0,863.3333333333334,6.6666666666667425,-26.666666666666742,0.6686007736427905,350.0,15,10,,,,,,,90,50.0,350.0,179.0,,,,,180.0,194.0,374.38,-3.0,52.0,4.18701171875,0.0006074353732606351,2.650402384261628,,4204.0,2243.52828379674
0.0,20,0,0,0,1,1,1597036.6666666667,836.6666666666666,-26.666666666666742,30.0,0.7459103251870984,325.0,16,10,,,,,,,90,53.333333333333336,325.0,239.0,,,,,250.0,227.0,391.82000000000005,3.0,53.0,4.52880859375,0.00044466825523192035,2.6290594346760354,,4130.0,2544.871794871795
0.0,20,0,0,1,1,1,1597903.3333333333,866.6666666666666,30.0,23.33333333333337,0.8079009930271974,346.0,16,10,,,,,,,90,53.333333333333336,346.0,169.0,146.66666666666666,103.33333333333333,25.0,4.061843180409628,250.0,216.0,387.20000000000005,21.0,30.0,5.3466796875,0.00035744726889474284,2.691563908166043,350.0,4075.0,1907.5144508670521
0.0,20,0,0,0,1,1,1598793.3333333333,890.0,23.33333333333337,26.66666666666663,0.6565146239936739,356.0,16,10,,,,,,,90,53.333333333333336,356.0,228.0,,,,,190.0,192.0,380.27333333333337,-1.0,56.0,4.35791015625,0.0003921844971906951,2.6024846363572594,,4101.0,1955.4883318928262
0.0,20,0,0,1,1,1,1599710.0,916.6666666666666,26.66666666666663,3.3333333333333712,0.5197527431394776,334.0,16,10,,,,,,,90,53.333333333333336,334.0,237.0,140.0,100.0,23.0,3.3147265123051053,180.0,183.0,372.83333333333337,1.0,27.0,4.82177734375,0.0003329427243977832,2.5283097809243245,410.0,4243.0,2154.2281291076383
0.0,20,0,0,0,1,1,1600630.0,920.0,3.3333333333333712,0.0,0.4308777543451386,377.0,16,10,,,,,,,90,53.333333333333336,377.0,157.0,,,,,173.33333333333334,181.0,375.65333333333336,-12.0,47.0,4.150390625,0.0003848749683052325,2.6417996503907957,,4069.0,1662.9870233008785
0.0,20,0,0,1,1,1,1601550.0,920.0,0.0,6.666666666666629,0.5450310559006211,336.0,16,10,,,,,,,90,53.333333333333336,336.0,196.0,153.33333333333334,110.0,23.0,3.5073343770296184,183.33333333333334,195.0,378.9866666666667,4.0,32.0,5.0048828125,0.00031944706313134433,2.6079381011622664,400.0,4029.0,1361.607142857143
0.0,20,0,0,0,1,1,1602476.6666666667,926.6666666666666,6.666666666666629,13.333333333333371,0.6210280083631772,318.0,15,9,,,,,,,90,50.0,318.0,196.0,,,,,166.66666666666666,183.0,367.96000000000004,-3.0,46.0,4.0771484375,0.0004879330046308954,2.5431141799432178,,3916.0,1836.2533692722373
0.0,20,0,0,1,1,1,1603416.6666666667,940.0,13.333333333333371,-23.33333333333337,0.615701545290153,330.0,16,10,,,,,,,90,53.333333333333336,330.0,171.0,143.33333333333334,100.0,20.0,3.4973653712775175,176.66666666666666,190.0,379.24,-1.0,44.0,4.74853515625,0.00035353611674831257,2.582875447229663,433.3333333333333,4022.0,2076.923076923077
0.0,20,0,0,1,1,1,1604333.3333333333,916.6666666666666,-23.33333333333337,-23.333333333333258,0.5663906093197231,335.0,15,9,,,,,,,90,50.0,335.0,212.0,150.0,103.33333333333333,16.0,2.8935005542154872,163.33333333333334,184.0,376.1666666666667,-10.0,38.0,5.04150390625,0.00023075536321220296,2.6530627689430544,396.6666666666667,3934.0,2061.95911200301
0.0,20,0,0,1,1,1,1605226.6666666667,893.3333333333334,-23.333333333333258,-16.666666666666742,0.38669036704400167,317.0,16,9,,,,,,,90,53.333333333333336,317.0,151.0,143.33333333333334,100.0,20.0,3.289515225287401,183.33333333333334,204.0,373.0933333333333,7.0,40.0,5.126953125,0.00024036892919784632,2.733600052250019,383.3333333333333,3911.0,1711.6993553696338
0.0,20,0,0,1,1,1,1606103.3333333333,876.6666666666666,-16.666666666666742,23.33333333333337,0.2415613501839705,331.0,16,10,,,,,,,90,53.333333333333336,331.0,154.0,136.66666666666666,100.0,23.0,3.6187921509013137,163.33333333333334,186.0,382.3266666666667,-2.0,48.0,5.09033203125,0.0003231818165784842,2.585029861723428,376.6666666666667,3851.0,1740.5020987621313
0.0,20,0,0,1,1,1,1607003.3333333333,900.0,23.33333333333337,6.666666666666629,0.3257364357919196,335.0,15,10,,,,,,,90,50.0,335.0,140.0,146.66666666666666,103.33333333333333,18.0,3.2268294602890855,166.66666666666666,182.0,378.73333333333335,-15.0,35.0,5.029296875,0.00033088475298702916,2.555428455052604,386.6666666666667,3856.0,1327.843540916109
0.0,20,0,0,1,1,1,1607910.0,906.6666666666666,6.666666666666629,-3.3333333333332575,0.3182068265018939,328.0,16,10,,,,,,,90,53.333333333333336,328.0,144.0,156.66666666666666,120.0,21.0,4.358840059744175,250.0,218.0,377.7066666666667,3.0,33.0,5.01708984375,0.0002853423452360262,2.640602048751607,383.3333333333333,3893.0,1304.3478260869565
0.0,20,0,0,1,1,1,1608813.3333333333,903.3333333333334,-3.3333333333332575,16.66666666666663,0.35454287605181056,344.0,15,10,,,,,,,90,50.0,344.0,179.0,143.33333333333334,103.33333333333333,21.0,3.613283674832994,263.3333333333333,236.0,371.55333333333334,-13.0,42.0,5.04150390625,0.0003015121755097252,2.6419714076745247,393.3333333333333,4042.0,982.9523058730784
0.0,20,0,0,0,1,1,1609733.3333333333,920.0,16.66666666666663,13.333333333333371,0.3549033039995785,345.0,16,10,,,,,,,90,53.333333333333336,345.0,138.0,,,,,170.0,189.0,378.9866666666667,1.0,57.0,5.5419921875,0.0002202634374061737,2.6772870955646813,,4102.0,1946.1697722567287
0.0,20,0,0,0,1,1,1610666.6666666667,933.3333333333334,13.333333333333371,-10.0,0.3096928426543031,307.0,16,9,,,,,,,90,53.333333333333336,307.0,191.0,,,,,190.0,205.0,393.59999999999997,3.0,46.0,5.72509765625,0.000580638990331639,2.692469647867333,,3791.0,2190.0747269591875
0.0,20,0,0,0,1,1,1611590.0,923.3333333333334,-10.0,0.0,0.2679145531185254,323.0,16,10,,,,,,,90,53.333333333333336,323.0,129.0,,,,,186.66666666666666,210.0,395.14,6.0,43.0,6.14013671875,0.0005011817291442313,2.804701680331132,,3726.0,1695.0464396284829
0.0,20,0,0,1,1,1,1612513.3333333333,923.3333333333334,0.0,0.0,0.27075812274368233,327.0,17,10,,,,,,,90,56.666666666666664,327.0,245.0,140.0,93.33333333333333,18.0,4.127259395292828,186.66666666666666,205.0,388.4733333333334,7.0,20.0,4.96826171875,0.00036575653705573925,2.775255959864185,396.6666666666667,3899.0,1888.8289260658394
0.0,20,0,0,0,1,1,1613436.6666666667,923.3333333333334,0.0,13.333333333333258,0.2668901495616297,330.0,17,10,,,,,,,90,56.666666666666664,330.0,172.0,,,,,250.0,222.0,378.47333333333336,18.0,47.0,6.103515625,0.00030391980168070087,2.801680655610826,,3848.0,2230.897936419409
0.0,20,0,0,1,1,1,1614373.3333333333,936.6666666666666,13.333333333333258,0.0,0.07811049928849842,332.0,17,10,,,,,,,90,56.666666666666664,332.0,178.0,140.0,100.0,22.0,3.501041345962726,166.66666666666666,172.0,373.0866666666667,-2.0,34.0,5.126953125,0.00020862555610649363,2.5630747478718265,426.6666666666667,3794.0,1298.9457831325299
0.0,20,0,0,0,1,1,1615310.0,936.6666666666666,0.0,-40.0,0.11438739196746314,328.0,17,10,,,,,,,90,56.666666666666664,328.0,183.0,,,,,186.66666666666666,197.0,369.75333333333333,-2.0,59.0,5.79833984375,0.0005019823142116133,2.735001101656617,,3983.0,1968.3354728284125
0.0,20,0,0,0,1,1,1616206.6666666667,896.6666666666666,-40.0,-6.666666666666629,0.11448517289805223,333.0,16,9,,,,,,,90,53.333333333333336,333.0,220.0,,,,,180.0,199.0,375.9133333333333,-3.0,53.0,3.80859375,0.0006521597176787501,2.7616042770910845,,3882.0,2249.454423367467
0.0,20,0,0,1,1,1,1617096.6666666667,890.0,-6.666666666666629,3.3333333333333712,0.12428826378856123,279.0,16,9,,,,,,,90,53.333333333333336,279.0,159.0,170.0,123.33333333333333,22.0,3.6113667147459143,213.33333333333334,199.0,383.6066666666667,9.0,37.0,5.46875,0.0006131488178202252,2.5801351232149345,356.6666666666667,3777.0,2582.655009546779
0.0,20,0,0,1,1,1,1617990.0,893.3333333333334,3.3333333333333712,20.0,0.36112864739933875,288.0,16,9,,,,,,,90,53.333333333333336,288.0,202.0,153.33333333333334,106.66666666666667,21.0,4.190099866443855,163.33333333333334,181.0,373.0933333333333,-4.0,34.0,5.17578125,0.00019852750924916515,2.732634331814542,370.0,3593.0,2421.171171171171
0.0,20,0,0,1,1,1,1618903.3333333333,913.3333333333334,20.0,-23.33333333333337,0.3588478506425694,295.0,15,10,,,,,,,90,50.0,295.0,177.0,146.66666666666666,110.0,28.0,3.7979669294480622,193.33333333333334,199.0,373.34666666666664,-18.0,62.0,4.931640625,0.0002457113486796613,2.6202917359038547,403.3333333333333,3755.0,2059.111920437036
0.0,20,0,0,0,1,1,1619793.3333333333,890.0,-23.33333333333337,-3.3333333333333712,0.3145507089127917,330.0,15,9,,,,,,,90,50.0,330.0,183.0,,,,,170.0,186.0,373.6066666666667,-22.0,47.0,3.77197265625,0.0010058273843935892,2.6102252606331837,,3876.0,2069.7541452258433
0.0,20,0,0,1,1,1,1620680.0,886.6666666666666,-3.3333333333333712,23.33333333333337,0.4013141701358047,327.0,15,11,,,,,,,90,50.0,327.0,200.0,193.33333333333334,143.33333333333334,37.0,1.384992317170889,250.0,248.0,377.4533333333333,-1.0,54.0,5.33447265625,0.00034773801805514993,2.6548004169710864,326.6666666666667,4033.0,1301.2544467328216
0.0,20,0,0,1,1,1,1621590.0,910.0,23.33333333333337,30.0,0.398555003274324,375.0,15,10,,,,,,,90,50.0,375.0,202.0,153.33333333333334,113.33333333333333,27.0,5.085150697172409,230.0,233.0,377.1933333333333,5.0,42.0,4.78515625,0.0005009083135837215,2.4744700968388864,396.6666666666667,3946.0,1667.2268907563025
0.0,20,0,0,1,1,1,1622530.0,940.0,30.0,10.0,0.19610304038153806,317.0,14,9,,,,,,,90,46.666666666666664,317.0,181.0,136.66666666666666,86.66666666666667,21.0,2.3066675501587923,186.66666666666666,192.0,365.9066666666667,28.0,34.0,4.58984375,0.0003603068711843812,2.444751169903471,440.0,3881.0,1297.6770863206195
0.0,20,0,0,1,1,1,1623480.0,950.0,10.0,0.0,0.19372777828425564,355.0,15,9,,,,,,,90,50.0,355.0,141.0,150.0,103.33333333333333,19.0,3.7165087540617048,246.66666666666666,215.0,367.7,12.0,38.0,4.58984375,0.00025424894598205,2.7261563355081604,440.0,3853.0,1536.4916773367477
0.0,20,0,0,1,1,1,1624430.0,950.0,0.0,-80.0,0.3781954887218046,369.0,15,10,,,,,,,90,50.0,369.0,162.0,143.33333333333334,103.33333333333333,19.0,4.255615437237875,190.0,186.0,367.7,15.0,47.0,4.87060546875,0.00031251879143095833,2.6859172925749815,440.0,4124.0,1324.2177876324217
0.0,20,0,0,1,1,1,1625300.0,870.0,-80.0,-20.0,0.491052599867446,363.0,14,9,,,,,,,90,46.666666666666664,363.0,149.0,140.0,93.33333333333333,20.0,3.6518907320797194,180.0,186.0,380.02,9.0,47.0,4.96826171875,0.0005046239347240943,2.716364209204656,370.0,4250.0,1749.6835678653858
0.0,20,0,0,1,1,1,1626150.0,850.0,-20.0,-56.66666666666663,0.6185109738467603,337.0,15,10,,,,,,,90,50.0,337.0,143.0,150.0,113.33333333333333,22.0,3.2693244472537675,246.66666666666666,219.0,386.43333333333334,22.0,41.0,5.4443359375,0.0003966143581401865,2.67859146659347,333.3333333333333,4234.0,1842.7299703264096
0.0,20,0,0,1,1,1,1626943.3333333333,793.3333333333334,-56.66666666666663,-20.0,0.7598366449383492,304.0,15,8,,,,,,,90,50.0,304.0,236.0,146.66666666666666,100.0,25.0,4.678010092007554,170.0,178.0,391.82666666666665,-11.0,51.0,6.640625,3.9044387884656185e-05,3.0894531016265416,286.6666666666667,4205.0,2662.1787025703793
0.0,20,0,0,1,1,1,1627716.6666666667,773.3333333333334,-20.0,13.333333333333258,0.9467558673040427,326.0,15,8,,,,,,,90,50.0,326.0,219.0,133.33333333333334,90.0,25.0,3.798307305971388,186.66666666666666,197.0,394.90666666666664,-22.0,42.0,5.4931640625,0.0001958119956897671,2.7630191096754215,276.6666666666667,3976.0,2217.4587922241108
0.0,20,0,0,1,1,1,1628503.3333333333,786.6666666666666,13.333333333333258,16.666666666666742,1.0147362978283352,277.0,14,9,,,,,,,90,46.666666666666664,277.0,192.0,150.0,96.66666666666667,25.0,4.635555351384202,233.33333333333334,209.0,399.52000000000004,-12.0,32.0,5.33447265625,0.00025300078939202605,2.7257021238025887,270.0,3815.0,2219.5480679235193
0.0,20,0,0,1,1,1,1629306.6666666667,803.3333333333334,16.666666666666742,26.66666666666663,0.9529860228716647,276.0,15,9,,,,,,,90,50.0,276.0,186.0,140.0,86.66666666666667,13.0,2.644341232637146,183.33333333333334,192.0,393.62,3.0,21.0,5.70068359375,0.0002543190909716134,2.707072559739702,293.3333333333333,3639.0,1976.284584980237
0.0,20,0,0,1,1,1,1630136.6666666667,830.0,26.66666666666663,36.66666666666663,0.9321019832713314,285.0,15,9,,,,,,,90,50.0,285.0,189.0,150.0,103.33333333333333,20.0,3.425929134911021,203.33333333333334,204.0,392.8466666666667,14.0,30.0,5.7373046875,0.0002263829659748298,2.751078166039256,313.3333333333333,3738.0,2194.8488241881296
0.0,20,0,0,1,1,1,1631003.3333333333,866.6666666666666,36.66666666666663,0.0,0.8581058617171289,309.0,14,9,,,,,,,90,46.666666666666664,309.0,203.0,150.0,106.66666666666667,28.0,5.278062890470796,233.33333333333334,222.0,387.20000000000005,-1.0,20.0,5.2978515625,0.00035742262081024396,2.723068999713419,346.6666666666667,3894.0,1615.011202389843
0.0,20,0,0,1,1,1,1631870.0,866.6666666666666,0.0,16.666666666666742,0.7417582417582419,363.0,15,9,,,,,,,90,50.0,363.0,157.0,146.66666666666666,93.33333333333333,11.0,2.664589931268683,173.33333333333334,192.0,387.20000000000005,-4.0,29.0,5.2490234375,0.0002941546062302721,2.7227918108466733,350.0,4016.0,1731.6017316017317
0.0,20,0,0,0,1,1,1632753.3333333333,883.3333333333334,16.666666666666742,3.3333333333332575,0.7422969187675071,361.0,15,9,,,,,,,90,50.0,361.0,160.0,,,,,226.66666666666666,217.0,377.96666666666664,4.0,47.0,4.1748046875,0.00045960333228450075,2.6828675426258837,,4198.0,1521.746951109832
0.0,20,0,0,1,1,1,1633640.0,886.6666666666666,3.3333333333332575,-6.666666666666629,0.7681360975451987,379.0,15,9,,,,,,,90,50.0,379.0,202.0,153.33333333333334,110.0,24.0,4.254056412627342,250.0,221.0,380.7866666666667,14.0,34.0,4.79736328125,0.00037281223096977063,2.5150253251848524,370.0,4075.0,1540.326606289667
0.0,20,0,0,1,1,1,1634520.0,880.0,-6.666666666666629,26.66666666666663,0.7630041037320329,314.0,16,9,,,,,,,90,53.333333333333336,314.0,165.0,150.0,103.33333333333333,19.0,3.3131923380480863,203.33333333333334,198.0,385.1466666666667,11.0,39.0,4.82177734375,0.00048575731433020197,2.6124072030670247,363.3333333333333,4007.0,1919.5932916496233
0.0,20,0,0,0,1,1,1635426.6666666667,906.6666666666666,26.66666666666663,-10.0,0.6473349485160508,365.0,15,10,,,,,,,90,50.0,365.0,149.0,,,,,186.66666666666666,190.0,374.37333333333333,6.0,52.0,3.67431640625,0.0005494324767082475,2.757837622617392,,3842.0,1535.958904109589
0.0,20,0,0,1,1,1,1636323.3333333333,896.6666666666666,-10.0,-6.666666666666629,0.5492282961577659,341.0,15,10,,,,,,,90,50.0,341.0,149.0,130.0,86.66666666666667,18.0,3.0072581184245646,190.0,184.0,379.24666666666667,2.0,34.0,4.84619140625,0.00034980675862144353,2.6039982777529964,403.3333333333333,3927.0,1585.031870289135
0.0,20,0,0,1,1,1,1637213.3333333333,890.0,-6.666666666666629,-13.333333333333371,0.43261876434095353,323.0,15,10,,,,,,,90,50.0,323.0,143.0,143.33333333333334,100.0,16.0,3.101171605816818,186.66666666666666,179.0,380.27333333333337,21.0,33.0,4.8828125,0.0003578415121808823,2.6221919235431534,380.0,3932.0,1702.7863777089783
0.0,20,0,0,1,1,1,1638090.0,876.6666666666666,-13.333333333333371,-16.66666666666663,0.15975894328958914,362.0,15,10,,,,,,,90,50.0,362.0,187.0,173.33333333333334,133.33333333333334,20.0,0.20809263960576097,166.66666666666666,165.0,382.3266666666667,-6.0,39.0,5.35888671875,0.00030685730943022526,2.6988912350762995,336.6666666666667,3907.0,1435.9170723702202
0.0,20,0,0,0,1,1,1638950.0,860.0,-16.66666666666663,-46.66666666666663,0.12307775906102265,336.0,15,11,,,,,,,90,50.0,336.0,169.0,,,,,190.0,183.0,388.22666666666674,29.0,46.0,4.1259765625,0.0005497813377074515,2.6893872504851086,,4183.0,1718.9018464528667
0.0,20,0,0,1,1,1,1639763.3333333333,813.3333333333334,-46.66666666666663,-20.0,0.17211370036141105,348.0,15,10,,,,,,,90,50.0,348.0,281.0,173.33333333333334,113.33333333333333,7.0,1.385059978605664,210.0,206.0,395.41333333333336,34.0,30.0,5.48095703125,0.000234182289015505,2.8481641306385246,273.3333333333333,4154.0,2155.1724137931037
0.0,20,0,0,1,1,1,1640556.6666666667,793.3333333333334,-20.0,36.66666666666663,0.48765200684177223,351.0,15,9,,,,,,,90,50.0,351.0,191.0,143.33333333333334,103.33333333333333,21.0,4.099838904216956,173.33333333333334,184.0,385.16,13.0,25.0,5.65185546875,0.0002492127220471466,2.794803584236804,283.3333333333333,4216.0,1236.8024132730015
0.0,20,0,0,0,1,1,1641386.6666666667,830.0,36.66666666666663,10.0,0.7232210321791381,387.0,15,10,,,,,,,90,50.0,387.0,219.0,,,,,166.66666666666666,170.0,386.17999999999995,-5.0,66.0,4.638671875,0.0004377454567736605,2.6717034604198044,,4033.0,1775.7985595689704
0.0,20,0,0,1,1,1,1642226.6666666667,840.0,10.0,0.0,0.8595175000860379,326.0,15,10,,,,,,,90,50.0,326.0,131.0,143.33333333333334,103.33333333333333,19.0,4.160936713591614,250.0,209.0,387.97333333333336,26.0,32.0,5.26123046875,0.00031565870354127403,2.7494315275169425,333.3333333333333,4060.0,1380.3680981595094
0.0,20,0,0,1,1,1,1643066.6666666667,840.0,0.0,50.0,0.8061224489795918,347.0,14,9,,,,,,,90,46.666666666666664,347.0,156.0,133.33333333333334,86.66666666666667,15.0,-0.017846177030655497,180.0,186.0,391.3066666666667,-3.0,42.0,5.40771484375,0.0002821200660052348,2.7127949431566516,343.3333333333333,3863.0,1250.6645029517922
0.0,20,0,0,1,1,1,1643956.6666666667,890.0,50.0,-30.0,0.7219296755563105,315.0,16,11,,,,,,,90,53.333333333333336,315.0,145.0,136.66666666666666,86.66666666666667,15.0,1.539742528563174,173.33333333333334,179.0,383.6066666666667,-14.0,34.0,4.82177734375,0.00041192885181431244,2.6694451455274626,376.6666666666667,3940.0,1702.4863042562156
0.0,20,0,0,1,1,1,1644816.6666666667,860.0,-30.0,-33.33333333333337,0.6818400848083781,325.0,16,10,,,,,,,90,53.333333333333336,325.0,178.0,130.0,86.66666666666667,17.0,3.370063448684018,180.0,236.0,368.2266666666667,8.0,31.0,4.87060546875,0.0004598627137999042,2.5641902756549815,363.3333333333333,4063.0,1905.4340155257587
0.0,20,0,0,1,1,1,1645643.3333333333,826.6666666666666,-33.33333333333337,-23.333333333333258,0.6641360966419152,335.0,16,11,,,,,,,90,53.333333333333336,335.0,230.0,173.33333333333334,140.0,31.0,4.868762073035342,250.0,218.0,393.36000000000007,22.0,75.0,5.1513671875,0.0002699026294801784,2.671677234975207,300.0,4137.0,2616.915422885572
0.0,20,0,0,1,1,1,1646446.6666666667,803.3333333333334,-23.333333333333258,-26.666666666666742,0.6501365978490161,274.0,16,11,,,,,,,90,53.333333333333336,274.0,220.0,140.0,96.66666666666667,14.0,3.9670130388769778,183.33333333333334,176.0,390.2866666666667,15.0,33.0,5.99365234375,0.00023611745313288632,2.8842069311114313,293.3333333333333,3927.0,2426.1778367617785
0.0,20,0,0,1,1,1,1647223.3333333333,776.6666666666666,-26.666666666666742,-26.66666666666663,0.7562815858779984,299.0,16,12,,,,,,,90,53.333333333333336,299.0,170.0,146.66666666666666,100.0,18.0,4.56919634746836,180.0,169.0,401.06,30.0,38.0,5.419921875,0.0003955376370985566,2.8338326033670262,263.3333333333333,3828.0,2425.8075441344567
0.0,20,0,0,1,1,1,1647973.3333333333,750.0,-26.66666666666663,-23.33333333333337,0.7850271185608757,351.0,16,10,,,,,,,90,53.333333333333336,351.0,192.0,153.33333333333334,100.0,17.0,4.311171929704479,250.0,186.0,405.1666666666667,12.0,52.0,7.01904296875,0.00012392354704738839,2.9361946761397797,233.33333333333334,3751.0,1611.7216117216117
0.0,20,0,0,0,1,1,1648700.0,726.6666666666666,-23.33333333333337,-10.0,0.9548798617552509,326.0,16,10,,,,,,,90,53.333333333333336,326.0,198.0,,,,,180.0,155.0,412.0933333333333,-14.0,57.0,6.7626953125,0.0003158196544434839,2.7068314460470617,,3972.0,2141.505647611949
0.0,20,0,0,0,1,1,1649416.6666666667,716.6666666666666,-10.0,-20.0,1.0825390998833229,348.0,16,10,,,,,,,90,53.333333333333336,348.0,213.0,,,,,196.66666666666666,166.0,410.3,-13.0,77.0,7.14111328125,0.0005518391309948484,2.556137117169759,,3981.0,2217.9444258453295
0.0,20,0,0,1,1,1,1650113.3333333333,696.6666666666666,-20.0,10.0,1.1458222529518136,342.0,16,9,,,,,,,90,53.333333333333336,342.0,177.0,173.33333333333334,113.33333333333333,14.0,1.0618270689701212,176.66666666666666,179.0,396.7133333333333,-7.0,19.0,6.62841796875,0.00011817745864146268,3.1481112280465764,156.66666666666666,3937.0,1063.8297872340424
0.0,20,0,0,1,1,1,1650820.0,706.6666666666666,10.0,3.3333333333333712,1.1244208771234505,318.0,16,9,,,,,,,90,53.333333333333336,318.0,159.0,153.33333333333334,106.66666666666667,21.0,4.919530730677224,203.33333333333334,164.0,405.17333333333335,-3.0,44.0,6.14013671875,5.823070371152267e-05,3.1529384132575182,200.0,3892.0,1320.754716981132
0.0,20,0,0,0,1,1,1651530.0,710.0,3.3333333333333712,-16.66666666666663,0.9571199482528603,342.0,16,10,,,,,,,90,53.333333333333336,342.0,199.0,,,,,206.66666666666666,162.0,407.99333333333334,1.0,59.0,7.18994140625,0.00044359164012446414,2.6097375215485523,,4078.0,2078.0105603815364
0.0,20,0,0,0,1,1,1652223.3333333333,693.3333333333334,-16.66666666666663,10.0,0.8021874790310676,368.0,15,9,,,,,,,90,50.0,368.0,188.0,,,,,210.0,182.0,410.56,-7.0,58.0,7.2509765625,0.00048702898549685803,2.5620951666753946,,4267.0,1877.4703557312253
0.0,20,0,0,1,1,1,1652926.6666666667,703.3333333333334,10.0,-6.6666666666667425,0.6643001332033343,359.0,16,10,,,,,,,90,53.333333333333336,359.0,169.0,140.0,96.66666666666667,18.0,4.046435846476012,213.33333333333334,179.0,412.35333333333335,4.0,18.0,8.26416015625,2.787405230189364e-05,3.0918734121663354,193.33333333333334,4264.0,1700.1248679281528
0.0,20,0,0,1,1,1,1653623.3333333333,696.6666666666666,-6.6666666666667425,-3.3333333333332575,0.40122704371851126,315.0,16,9,,,,,,,90,53.333333333333336,315.0,216.0,170.0,120.0,29.0,4.075551078416275,210.0,166.0,410.0466666666667,0.0,25.0,6.33544921875,4.55099382007153e-05,3.1305893616579974,160.0,4267.0,2301.5873015873017
0.0,20,0,0,1,1,1,1654316.6666666667,693.3333333333334,-3.3333333333332575,-3.3333333333333712,0.1507321274763135,376.0,16,10,,,,,,,90,53.333333333333336,376.0,219.0,153.33333333333334,110.0,22.0,4.114006820529486,193.33333333333334,159.0,407.22666666666663,9.0,21.0,8.5205078125,0.00010711313066959898,3.0901686146897798,170.0,3949.0,1345.4317897371714
0.0,20,0,0,1,1,1,1655006.6666666667,690.0,-3.3333333333333712,0.0,0.0,304.0,16,9,,,,,,,90,53.333333333333336,304.0,177.0,146.66666666666666,100.0,20.0,3.411720836547337,190.0,148.0,411.0733333333333,-3.0,20.0,8.7646484375,8.729565279745769e-05,3.1027977581129416,183.33333333333334,4086.0,1668.6602870813397
0.0,20,0,0,1,1,1,1655696.6666666667,690.0,0.0,-16.66666666666663,0.0,350.0,16,10,,,,,,,90,53.333333333333336,350.0,187.0,143.33333333333334,93.33333333333333,19.0,3.918242826813806,210.0,176.0,417.74,5.0,27.0,7.94677734375,7.481264907733595e-05,3.130542694129116,176.66666666666666,4194.0,1568.7331536388142
0.0,20,0,0,1,1,1,1656370.0,673.3333333333334,-16.66666666666663,-10.0,0.002071394048194435,352.0,16,10,,,,,,,90,53.333333333333336,352.0,242.0,173.33333333333334,120.0,24.0,3.2237369939306184,173.33333333333334,175.0,406.97333333333336,-24.0,21.0,6.1767578125,5.682739487664296e-05,3.104714180608851,126.66666666666667,4342.0,2489.5334928229663
0.0,20,0,0,1,1,1,1657033.3333333333,663.3333333333334,-10.0,-3.3333333333333712,0.10929696232261349,320.0,16,10,,,,,,,90,53.333333333333336,320.0,178.0,143.33333333333334,100.0,20.0,4.223031025386444,233.33333333333334,193.0,421.84666666666664,-13.0,19.0,6.18896484375,0.00014789438415176723,3.1158096729717313,160.0,4404.0,2031.25
0.0,20,0,0,1,1,1,1657693.3333333333,660.0,-3.3333333333333712,-6.666666666666629,0.27138405869936677,351.0,16,10,,,,,,,90,53.333333333333336,351.0,202.0,140.0,100.0,21.0,4.347692983729374,203.33333333333334,185.0,412.36,-11.0,13.0,6.201171875,3.43587468875227e-05,3.1090172939207203,146.66666666666666,4347.0,1456.876456876457
0.0,20,0,0,1,1,1,1658346.6666666667,653.3333333333334,-6.666666666666629,6.666666666666629,0.3799468868169616,362.0,16,9,,,,,,,90,53.333333333333336,362.0,190.0,150.0,100.0,15.0,4.318766241013215,203.33333333333334,198.0,413.38666666666666,-6.0,19.0,6.3720703125,8.287110562547862e-05,3.1351016809830674,143.33333333333334,4433.0,1927.2773994603622
0.0,20,0,0,1,1,1,1659006.6666666667,660.0,6.666666666666629,-3.3333333333333712,0.4350424111697321,341.0,16,10,,,,,,,90,53.333333333333336,341.0,191.0,140.0,96.66666666666667,19.0,3.9617684847036294,183.33333333333334,199.0,412.36,14.0,17.0,6.2255859375,0.00013140999770041046,3.121532941130596,153.33333333333334,4310.0,1510.9014407752136
0.0,20,0,0,1,1,1,1659663.3333333333,656.6666666666666,-3.3333333333333712,-3.3333333333332575,0.3225434026525046,303.0,16,9,,,,,,,90,53.333333333333336,303.0,179.0,146.66666666666666,110.0,32.0,3.5902598937649675,190.0,179.0,412.87333333333333,-5.0,23.0,7.0068359375,6.710168663306642e-05,3.157228927121683,150.0,4223.0,2200.2200220022005
0.0,20,0,0,1,1,1,1660316.6666666667,653.3333333333334,-3.3333333333332575,-13.333333333333371,0.21648318175884426,357.0,16,10,,,,,,,90,53.333333333333336,357.0,157.0,143.33333333333334,113.33333333333333,36.0,4.122128189021623,196.66666666666666,190.0,423.3866666666667,8.0,20.0,6.40869140625,4.824682879069065e-05,3.134692309267126,143.33333333333334,4915.0,1211.6474496775454
0.0,20,0,0,0,1,1,1660956.6666666667,640.0,-13.333333333333371,-13.333333333333371,0.16187365105290788,310.0,17,12,,,,,,,90,56.666666666666664,310.0,892.0,,,,,243.33333333333334,205.0,402.1066666666667,-31.0,138.0,11.99951171875,0.0013471166983908013,2.594506355800957,,4853.0,11116.625310173697
0.0,20,0,0,1,1,1,1661583.3333333333,626.6666666666666,-13.333333333333371,10.0,0.0591764425653546,266.0,17,11,,,,,,,90,56.666666666666664,266.0,208.0,130.0,86.66666666666667,19.0,3.0797848982036644,206.66666666666666,172.0,447.49333333333334,-10.0,35.0,7.09228515625,0.0001558847592092635,3.1557687186803633,150.0,5115.0,2155.388471177945
0.0,20,0,0,0,1,1,1662220.0,636.6666666666666,10.0,0.0,0.22675134075750902,328.0,17,11,,,,,,,90,56.666666666666664,328.0,401.0,,,,,186.66666666666666,177.0,422.62000000000006,11.0,79.0,10.77880859375,0.00032740133501268307,2.874493388347422,,4480.0,4999.164717674573
0.0,20,0,0,1,1,1,1662856.6666666667,636.6666666666666,0.0,20.0,0.16716529543754677,376.0,15,8,,,,,,,90,50.0,376.0,208.0,146.66666666666666,86.66666666666667,12.0,2.632488110836361,180.0,170.0,409.2866666666667,-10.0,18.0,6.33544921875,0.0001126188513000407,3.133909730371472,130.0,4639.0,1554.8281505728314
0.0,20,0,0,1,1,1,1663513.3333333333,656.6666666666666,20.0,6.6666666666667425,0.11324224122466064,381.0,15,9,,,,,,,90,50.0,381.0,156.0,153.33333333333334,103.33333333333333,14.0,2.8894541607945445,196.66666666666666,175.0,402.8733333333333,-7.0,16.0,6.4453125,7.721725909470602e-05,3.139651126374445,143.33333333333334,4274.0,1300.128181651712
0.0,20,0,0,1,1,1,1664176.6666666667,663.3333333333334,6.6666666666667425,0.0,0.16312858882895423,318.0,15,10,,,,,,,90,50.0,318.0,159.0,140.0,96.66666666666667,13.0,4.2228166966881915,193.33333333333334,164.0,411.84666666666664,0.0,24.0,8.544921875,7.40713379125121e-05,3.1224610527945593,166.66666666666666,4189.0,1207.5471698113208
0.0,20,0,0,1,1,1,1664840.0,663.3333333333334,0.0,16.66666666666663,0.16152189519023688,391.0,14,7,,,,,,,90,46.666666666666664,391.0,202.0,150.0,103.33333333333333,22.0,3.603872543471681,186.66666666666666,156.0,405.18,-14.0,16.0,6.3232421875,8.071815617245196e-05,3.132563265866284,160.0,4038.0,1518.542199488491
0.0,20,0,0,1,1,1,1665520.0,680.0,16.66666666666663,6.666666666666629,0.16574585635359118,338.0,15,10,,,,,,,90,50.0,338.0,150.0,153.33333333333334,110.0,19.0,4.153788204539815,206.66666666666666,170.0,409.28,7.0,22.0,6.2255859375,7.129395051040608e-05,3.124122043263972,160.0,4009.0,1608.7278106508875
0.0,20,0,0,1,1,1,1666206.6666666667,686.6666666666666,6.666666666666629,10.0,0.37072562802811776,325.0,15,10,,,,,,,90,50.0,325.0,158.0,143.33333333333334,100.0,21.0,3.560322088824094,186.66666666666666,151.0,408.2533333333333,-11.0,19.0,8.72802734375,6.967217863494297e-05,3.053367227824446,180.0,3836.0,1162.3931623931624
0.0,20,0,0,1,1,1,1666903.3333333333,696.6666666666666,10.0,0.0,0.5199595124859612,374.0,15,10,,,,,,,90,50.0,374.0,159.0,146.66666666666666,96.66666666666667,17.0,3.9566547785965156,203.33333333333334,164.0,406.7133333333333,-14.0,23.0,9.228515625,4.549111774173411e-05,3.0217186985591256,186.66666666666666,3944.0,888.0825057295647
0.0,20,0,0,1,1,1,1667600.0,696.6666666666666,0.0,-3.3333333333332575,0.5136705399863295,333.0,14,9,,,,,,,90,46.666666666666664,333.0,187.0,136.66666666666666,83.33333333333333,16.0,2.9287559390355984,206.66666666666666,164.0,410.0466666666667,19.0,28.0,9.53369140625,6.409566521922259e-05,3.0253971053587723,200.0,4210.0,1831.8318318318316
0.0,20,0,0,1,1,1,1668293.3333333333,693.3333333333334,-3.3333333333332575,3.3333333333332575,0.5629383536360281,359.0,15,10,,,,,,,90,50.0,359.0,206.0,146.66666666666666,103.33333333333333,22.0,3.3622488373584556,186.66666666666666,166.0,407.22666666666663,2.0,20.0,8.5693359375,0.00011087956809465248,3.0469605665712622,176.66666666666666,4196.0,1970.8834813685814
0.0,20,0,0,1,1,1,1668990.0,696.6666666666666,3.3333333333332575,20.0,0.5130001236144875,349.0,15,10,,,,,,,90,50.0,349.0,167.0,140.0,86.66666666666667,19.0,3.1183758795981227,203.33333333333334,177.0,406.7133333333333,28.0,25.0,8.67919921875,8.905880721260898e-05,3.0473548318156816,193.33333333333334,4069.0,1496.8876593222012
0.0,20,0,0,0,1,1,1669706.6666666667,716.6666666666666,20.0,33.33333333333337,0.40885615914307577,353.0,15,9,,,,,,,90,50.0,353.0,162.0,,,,,200.0,176.0,400.3,14.0,54.0,6.53076171875,0.0002575722927560836,2.7599163518791725,,4053.0,1532.9220830796112
0.0,20,0,0,1,1,1,1670456.6666666667,750.0,33.33333333333337,23.33333333333337,0.3505045140732873,384.0,14,8,,,,,,,90,46.666666666666664,384.0,182.0,153.33333333333334,110.0,22.0,3.236814990035768,190.0,165.0,395.1666666666667,-25.0,24.0,6.75048828125,0.00010366052273332834,3.023926604752584,240.0,3932.0,1106.7708333333333
0.0,20,0,0,1,1,1,1671230.0,773.3333333333334,23.33333333333337,-6.6666666666667425,0.43211208264064266,321.0,15,9,,,,,,,90,50.0,321.0,133.0,143.33333333333334,96.66666666666667,16.0,3.0565645537195643,186.66666666666666,171.0,394.90666666666664,-8.0,27.0,7.1044921875,0.0001143224077121173,2.9806617866307783,266.6666666666667,3855.0,1285.0467289719627
0.0,20,0,0,0,1,1,1671996.6666666667,766.6666666666666,-6.6666666666667425,16.666666666666742,0.6023205971472915,332.0,15,8,,,,,,,90,50.0,332.0,133.0,,,,,180.0,164.0,382.6,-26.0,42.0,5.13916015625,0.00047829946144654445,2.6725447189082905,,3576.0,1466.5218250049377
0.0,20,0,0,1,1,1,1672780.0,783.3333333333334,16.666666666666742,3.3333333333332575,0.7003166325200224,322.0,15,8,,,,,,,90,50.0,322.0,137.0,140.0,93.33333333333333,19.0,2.862495100072934,186.66666666666666,174.0,390.03333333333336,-12.0,43.0,6.38427734375,0.00020567868725739294,2.881529828259165,293.3333333333333,3658.0,1291.6431394692265
0.0,20,0,0,1,1,1,1673566.6666666667,786.6666666666666,3.3333333333332575,10.0,0.7750100295415587,326.0,15,9,,,,,,,90,50.0,326.0,171.0,140.0,93.33333333333333,21.0,3.1028834039682653,183.33333333333334,178.0,386.18666666666667,-2.0,27.0,6.1767578125,0.00030954422031846527,2.9488796960982233,283.3333333333333,3678.0,1613.1360519667992
0.0,20,0,0,0,1,1,1674363.3333333333,796.6666666666666,10.0,16.666666666666742,0.770687839653357,341.0,15,9,,,,,,,90,50.0,341.0,126.0,,,,,196.66666666666666,186.0,394.6466666666667,3.0,46.0,5.01708984375,0.00032055909783081934,2.9119681180086734,,3695.0,1526.259664089576
0.0,20,0,0,1,1,1,1675176.6666666667,813.3333333333334,16.666666666666742,-16.666666666666742,0.7160781502061302,346.0,15,9,,,,,,,90,50.0,346.0,159.0,143.33333333333334,103.33333333333333,19.0,3.7617836758457255,243.33333333333334,199.0,385.41333333333336,7.0,26.0,6.1767578125,0.00035038158669589275,2.947113960951368,303.3333333333333,3704.0,1143.3653052150162
0.0,20,0,0,1,1,1,1675973.3333333333,796.6666666666666,-16.666666666666742,-23.333333333333258,0.6545422597083114,299.0,14,8,,,,,,,90,46.666666666666664,299.0,180.0,146.66666666666666,96.66666666666667,24.0,3.0020703440108427,183.33333333333334,185.0,384.6466666666667,-9.0,29.0,6.09130859375,0.00033609797346182465,2.810954689850302,293.3333333333333,3937.0,1413.8035877166315
0.0,20,0,0,0,1,1,1676746.6666666667,773.3333333333334,-23.333333333333258,13.333333333333258,0.44497075393835006,318.0,14,8,,,,,,,90,46.666666666666664,318.0,223.0,,,,,233.33333333333334,220.0,381.5733333333333,-17.0,59.0,5.13916015625,0.0008231308098301766,2.723800705272443,,3807.0,2603.7735849056603
0.0,20,0,0,1,1,1,1677533.3333333333,786.6666666666666,13.333333333333258,-10.0,0.2760747525483823,267.0,17,11,,,,,,,90,56.666666666666664,267.0,167.0,130.0,86.66666666666667,14.0,3.139056846799198,203.33333333333334,193.0,399.52000000000004,3.0,49.0,6.25,0.00023987670785487485,2.8836573446697873,296.6666666666667,4015.0,2209.3170054286074
0.0,20,0,0,1,1,1,1678310.0,776.6666666666666,-10.0,-16.66666666666663,0.22523886218045752,331.0,15,8,,,,,,,90,50.0,331.0,204.0,140.0,100.0,35.0,4.1918741685025545,236.66666666666666,221.0,381.06,-23.0,40.0,6.40869140625,0.00023189523890050062,2.931196691186681,276.6666666666667,4093.0,2031.0850653368761
0.0,20,0,0,1,1,1,1679070.0,760.0,-16.66666666666663,10.0,0.13985156106238117,373.0,15,8,,,,,,,90,50.0,373.0,174.0,143.33333333333334,103.33333333333333,21.0,4.624702835049327,190.0,199.0,396.96,-19.0,41.0,5.65185546875,0.00034638307341335723,2.884479295885877,266.6666666666667,4380.0,1497.98927613941
0.0,20,0,0,1,1,1,1679840.0,770.0,10.0,-13.333333333333371,0.2358401924305634,396.0,14,8,,,,,,,90,46.666666666666664,396.0,159.0,130.0,80.0,16.0,2.802986153496132,176.66666666666666,188.0,388.75333333333333,-24.0,24.0,5.76171875,0.00024530774641490043,2.920804141788968,276.6666666666667,4208.0,1159.1821832785686
0.0,20,0,0,0,1,1,1680596.6666666667,756.6666666666666,-13.333333333333371,-13.333333333333258,0.2802454777164633,335.0,17,11,,,,,,,90,56.666666666666664,335.0,159.0,,,,,176.66666666666666,191.0,394.14000000000004,9.0,50.0,5.322265625,0.0004552550285006152,2.814691553255953,,4079.0,1806.3528511289708
0.0,20,0,0,0,1,1,1681340.0,743.3333333333334,-13.333333333333258,3.3333333333332575,0.3758404472312457,356.0,17,11,,,,,,,90,56.666666666666664,356.0,136.0,,,,,233.33333333333334,222.0,389.52666666666664,11.0,48.0,5.6884765625,0.0007252968140306129,2.7188410569930976,,3911.0,1399.6091841719592
0.0,20,0,0,0,1,1,1682086.6666666667,746.6666666666666,3.3333333333332575,-10.0,0.2872900572658441,350.0,17,11,,,,,,,90,56.666666666666664,350.0,151.0,,,,,216.66666666666666,217.0,392.3466666666667,16.0,50.0,5.28564453125,0.0005769052367675468,2.73806571797134,,4078.0,1714.2857142857144
0.0,20,0,0,1,1,1,1682823.3333333333,736.6666666666666,-10.0,-10.0,0.2420929075390092,374.0,14,7,,,,,,,90,46.666666666666664,374.0,193.0,150.0,96.66666666666667,18.0,3.5711514775110995,170.0,193.0,377.22,-21.0,38.0,5.70068359375,0.0003184810292222095,2.853775670764583,243.33333333333334,4263.0,1439.4549849827852
0.0,20,0,0,1,1,1,1683550.0,726.6666666666666,-10.0,-6.666666666666629,0.3869828912827012,375.0,13,7,,,,,,,90,43.333333333333336,375.0,198.0,146.66666666666666,93.33333333333333,15.0,3.1796020971535928,250.0,227.0,378.76,-50.0,45.0,6.8115234375,0.00033370637353052364,2.9267430412859503,240.0,4287.0,2066.666666666667
0.0,20,0,0,0,1,1,1684270.0,720.0,-6.666666666666629,23.33333333333337,0.34311669244684473,330.0,14,7,,,,,,,90,46.666666666666664,330.0,194.0,,,,,206.66666666666666,209.0,416.45333333333326,-17.0,54.0,6.04248046875,0.0007290824189795274,2.642536176196263,,4187.0,2121.212121212121
0.0,20,0,0,1,1,1,1685013.3333333333,743.3333333333334,23.33333333333337,6.666666666666629,0.2954434295231927,369.0,16,10,,,,,,,90,53.333333333333336,369.0,143.0,146.66666666666666,103.33333333333333,14.0,3.129360962470237,250.0,212.0,406.1933333333333,-3.0,22.0,6.45751953125,0.00019401678058833128,2.9212325920446323,210.0,4014.0,1225.964640598787
0.0,20,0,0,1,1,1,1685763.3333333333,750.0,6.666666666666629,13.333333333333371,0.19022853043656485,320.0,16,10,,,,,,,90,53.333333333333336,320.0,176.0,163.33333333333334,116.66666666666667,17.0,4.512019751538659,193.33333333333334,198.0,405.1666666666667,6.0,23.0,6.5185546875,0.0002876522443689688,2.9431745466557424,216.66666666666666,4172.0,1875.0
0.0,20,0,0,1,1,1,1686526.6666666667,763.3333333333334,13.333333333333371,26.66666666666663,0.09615628728832921,371.0,15,9,,,,,,,90,50.0,371.0,147.0,163.33333333333334,116.66666666666667,19.0,2.9440585065711655,190.0,196.0,396.4466666666666,-11.0,19.0,6.494140625,0.0002785773783834082,2.9259928910496584,233.33333333333334,4183.0,773.9699653446285
0.0,20,0,0,1,1,1,1687316.6666666667,790.0,26.66666666666663,16.66666666666663,0.14587437348826768,359.0,15,10,,,,,,,90,50.0,359.0,184.0,146.66666666666666,110.0,24.0,3.073658869450515,190.0,193.0,392.34,-25.0,24.0,5.79833984375,0.0002857439743561055,2.938033144167565,276.6666666666667,4287.0,1812.2629794945797
0.0,20,0,0,1,1,1,1688123.3333333333,806.6666666666666,16.66666666666663,3.3333333333333712,0.41121889498102066,343.0,15,9,,,,,,,90,50.0,343.0,182.0,143.33333333333334,93.33333333333333,16.0,3.416298535084234,173.33333333333334,189.0,386.44,-6.0,22.0,5.95703125,0.0003237014710906462,2.8408949340529674,303.3333333333333,4011.0,1508.9866401819754
0.0,20,0,0,0,1,1,1688933.3333333333,810.0,3.3333333333333712,-3.3333333333333712,0.6224397039205732,324.0,16,9,,,,,,,90,53.333333333333336,324.0,129.0,,,,,166.66666666666666,187.0,372.5933333333333,-5.0,45.0,4.52880859375,0.0008166846320271211,2.7827717166380146,,3935.0,1941.0150891632372
0.0,20,0,0,1,1,1,1689740.0,806.6666666666666,-3.3333333333333712,3.3333333333333712,0.7496207800759614,360.0,15,8,,,,,,,90,50.0,360.0,141.0,146.66666666666666,103.33333333333333,20.0,3.467953279787128,170.0,195.0,369.77333333333337,-11.0,49.0,6.14013671875,0.0003177095338774456,2.7702394092994185,316.6666666666667,3941.0,1219.298245614035
0.0,20,0,0,1,1,1,1690550.0,810.0,3.3333333333333712,13.333333333333371,0.7499380216511032,334.0,14,8,,,,,,,90,46.666666666666664,334.0,199.0,160.0,116.66666666666667,24.0,3.9381542712262814,233.33333333333334,226.0,369.26000000000005,-11.0,56.0,6.04248046875,0.0003165502231895967,2.759235757359593,306.6666666666667,4013.0,2255.272064566519
0.0,20,0,0,1,1,1,1691373.3333333333,823.3333333333334,13.333333333333371,23.333333333333258,0.6153177084557699,317.0,15,8,,,,,,,90,50.0,317.0,162.0,163.33333333333334,116.66666666666667,19.0,3.5640790509227678,170.0,198.0,363.87333333333333,-13.0,46.0,6.09130859375,0.0003205089114216752,2.7456117023712094,316.6666666666667,3966.0,1892.744479495268
0.0,20,0,0,1,1,1,1692220.0,846.6666666666666,23.333333333333258,-6.666666666666629,0.5202372281760482,341.0,15,9,,,,,,,90,50.0,341.0,168.0,140.0,96.66666666666667,15.0,3.179091691954117,186.66666666666666,211.0,383.6133333333333,-6.0,59.0,5.28564453125,0.0004981190441064494,2.655392455944937,363.3333333333333,3965.0,1525.4647690279535
0.0,20,0,0,1,1,1,1693060.0,840.0,-6.666666666666629,-13.333333333333371,0.5037351213914452,333.0,14,8,,,,,,,90,46.666666666666664,333.0,158.0,153.33333333333334,100.0,13.0,4.014722389031402,180.0,201.0,371.3066666666667,-26.0,21.0,5.4443359375,0.0004819843182541495,2.689143975278841,326.6666666666667,4079.0,1526.0158117300973
0.0,20,0,0,0,1,1,1693886.6666666667,826.6666666666666,-13.333333333333371,13.333333333333371,0.3802227464501202,363.0,15,8,,,,,,,90,50.0,363.0,168.0,,,,,230.0,233.0,366.6933333333334,-2.0,53.0,4.55322265625,0.0005571403796079398,2.748494751653053,,3929.0,1664.4512512281108
0.0,20,0,0,1,1,1,1694726.6666666667,840.0,13.333333333333371,30.0,0.2582692219099829,339.0,15,8,,,,,,,90,50.0,339.0,154.0,143.33333333333334,96.66666666666667,16.0,3.461649797429896,233.33333333333334,232.0,367.9733333333333,0.0,53.0,5.6640625,0.0004120229170366329,2.656086219982711,353.3333333333333,3890.0,1118.7176490232093
0.0,20,0,0,0,1,1,1695596.6666666667,870.0,30.0,6.666666666666629,0.2166819618639747,346.0,15,8,,,,,,,90,50.0,346.0,179.0,,,,,233.33333333333334,228.0,363.3533333333333,-12.0,55.0,6.50634765625,0.000755572778491964,2.6609115556563547,,3866.0,1667.8325540296748
0.0,20,0,0,0,1,1,1696473.3333333333,876.6666666666666,6.666666666666629,-3.3333333333332575,0.41126701983275693,354.0,14,9,,,,,,,90,46.666666666666664,354.0,141.0,,,,,173.33333333333334,207.0,362.3266666666667,-25.0,55.0,6.43310546875,0.0008274344439754257,2.682874527425089,,4036.0,1405.277837373954
0.0,20,0,0,1,1,1,1697346.6666666667,873.3333333333334,-3.3333333333332575,20.0,0.4489749356279131,375.0,15,8,,,,,,,90,50.0,375.0,171.0,146.66666666666666,103.33333333333333,19.0,2.1908566076080636,180.0,217.0,359.5066666666667,7.0,43.0,4.8828125,0.0007034524158765447,2.5688361277963483,383.3333333333333,4244.0,1273.0434782608697
0.0,20,0,0,1,1,1,1698240.0,893.3333333333334,20.0,43.33333333333326,0.49132349414662857,360.0,15,8,,,,,,,90,50.0,360.0,208.0,146.66666666666666,90.0,16.0,2.908353541051774,150.0,179.0,356.4266666666667,-21.0,53.0,4.736328125,0.000595672480698673,2.627757007696157,403.3333333333333,4178.0,1831.955922865014
0.0,20,0,0,0,1,1,1699176.6666666667,936.6666666666666,43.33333333333326,-23.333333333333258,0.5240118861232705,333.0,14,8,,,,,,,90,46.666666666666664,333.0,149.0,,,,,176.66666666666666,196.0,356.42,-10.0,61.0,4.99267578125,0.0003899975422838528,2.6305654709492714,,4003.0,1751.1893916388299
0.0,20,0,0,0,1,1,1700090.0,913.3333333333334,-23.333333333333258,6.666666666666629,0.7248146000549334,349.0,15,8,,,,,,,90,50.0,349.0,169.0,,,,,183.33333333333334,199.0,366.68,-18.0,46.0,5.74951171875,0.0006528810645301232,2.6264294368255223,,4056.0,1759.8887777419845
0.0,20,0,0,1,1,1,1701010.0,920.0,6.666666666666629,-3.3333333333333712,0.7412890714598495,368.0,15,9,,,,,,,90,50.0,368.0,177.0,166.66666666666666,120.0,16.0,2.789848588566132,183.33333333333334,201.0,368.9866666666667,-26.0,43.0,5.8349609375,0.00032036972134515666,2.6530989831847807,393.3333333333333,4039.0,1464.6278555637437
0.0,20,0,0,1,1,1,1701926.6666666667,916.6666666666666,-3.3333333333333712,-3.3333333333332575,0.656879898129264,368.0,15,8,,,,,,,90,50.0,368.0,127.0,136.66666666666666,93.33333333333333,15.0,3.44439388067528,190.0,210.0,372.83333333333337,-19.0,36.0,4.84619140625,0.0004503757604297335,2.665536244356549,423.3333333333333,4034.0,1116.9120164327285
0.0,20,0,0,1,1,1,1702840.0,913.3333333333334,-3.3333333333332575,-6.6666666666667425,0.5049717901561672,357.0,15,9,,,,,,,90,50.0,357.0,145.0,166.66666666666666,126.66666666666667,16.0,2.511369894784682,186.66666666666666,205.0,370.0133333333334,-7.0,21.0,4.96826171875,0.0004857050851060089,2.666510396277808,380.0,3916.0,1422.674332891051
0.0,20,0,0,0,1,1,1703746.6666666667,906.6666666666666,-6.6666666666667425,-6.666666666666629,0.4278518240410487,320.0,15,7,,,,,,,90,50.0,320.0,156.0,,,,,243.33333333333334,227.0,367.7066666666667,-13.0,37.0,4.30908203125,0.0004803238274150808,2.6168586313039923,,3765.0,1835.4668674698794
0.0,20,0,0,1,1,1,1704646.6666666667,900.0,-6.666666666666629,10.0,0.3112327443111382,318.0,17,10,,,,,,,90,56.666666666666664,318.0,122.0,170.0,130.0,10.0,1.2779708759486006,186.66666666666666,225.0,382.06666666666666,5.0,25.0,4.99267578125,0.0005374421411447237,2.6238757849408074,363.3333333333333,3681.0,1384.8018002423403
0.0,20,0,0,1,1,1,1705556.6666666667,910.0,10.0,3.3333333333333712,0.11822769543276097,334.0,15,9,,,,,,,90,50.0,334.0,125.0,173.33333333333334,133.33333333333334,11.0,2.3926391174688035,243.33333333333334,239.0,367.1933333333333,-5.0,18.0,4.96826171875,0.00043623571542262564,2.683318265434295,370.0,3901.0,1375.627124130118
0.0,20,0,0,0,1,1,1706470.0,913.3333333333334,3.3333333333333712,13.333333333333258,0.076917441945645,363.0,15,9,,,,,,,90,50.0,363.0,157.0,,,,,170.0,213.0,356.68,4.0,42.0,4.8828125,0.0004661752926582675,2.5316719853798153,,4048.0,1529.1730588409957
0.0,20,0,0,0,1,1,1707396.6666666667,926.6666666666666,13.333333333333258,0.0,0.0,359.0,15,9,,,,,,,90,50.0,359.0,162.0,,,,,233.33333333333334,244.0,357.96,-5.0,63.0,5.72509765625,0.00047637568784828584,2.5659546451291657,,4150.0,1517.6255883200463
0.0,20,0,0,1,1,1,1708323.3333333333,926.6666666666666,0.0,26.666666666666742,0.0,364.0,15,9,,,,,,,90,50.0,364.0,158.0,133.33333333333334,93.33333333333333,16.0,1.8190498155062116,180.0,211.0,364.62666666666667,-18.0,55.0,4.89501953125,0.0004497090489509512,2.534314841376509,443.3333333333333,4040.0,1344.7079236552922
0.0,20,0,0,0,1,1,1709276.6666666667,953.3333333333334,26.666666666666742,-13.333333333333371,0.0038518427215579938,336.0,15,9,,,,,,,90,50.0,336.0,163.0,,,,,243.33333333333334,232.0,360.52,-2.0,40.0,4.39453125,0.00048463511691244194,2.5897092925499785,,3887.0,1611.1332801276935
0.0,20,0,0,0,0,1,1710216.6666666667,940.0,-13.333333333333371,3.3333333333333712,0.1881145575185866,341.0,14,9,,,,,,,90,46.666666666666664,341.0,118.0,,,,,,,,-5.0,37.0,4.150390625,0.0004992917014435669,2.530610180634347,,3844.0,1498.114788437369
0.0,20,0,0,1,1,0,1711160.0,943.3333333333334,3.3333333333333712,-20.0,0.22870718388766756,383.0,15,9,,,,,,,90,50.0,383.0,109.0,133.33333333333334,90.0,12.0,2.134555791789131,190.0,214.0,368.72666666666663,-18.0,,,,,,4084.0,
0.0,20,0,0,0,1,1,1712083.3333333333,923.3333333333334,-20.0,0.0,0.26361506140917906,351.0,15,9,,,,,,,90,50.0,351.0,168.0,,,,,223.33333333333334,244.0,368.47333333333336,-1.0,35.0,4.50439453125,0.000434940980562983,2.686304850621985,,4179.0,1770.4517704517702
0.0,20,0,0,0,1,1,1713006.6666666667,923.3333333333334,0.0,-3.3333333333333712,0.1926250644662197,337.0,15,9,,,,,,,90,50.0,337.0,182.0,,,,,173.33333333333334,216.0,358.47333333333336,-6.0,43.0,5.7861328125,0.0005029256539952842,2.57825287588942,,4189.0,1532.842870437027
0.0,20,0,0,1,1,1,1713926.6666666667,920.0,-3.3333333333333712,-6.666666666666629,0.15395644863476474,378.0,15,10,,,,,,,90,50.0,378.0,136.0,140.0,93.33333333333333,8.0,2.9175514166549625,206.66666666666666,242.0,408.9866666666667,-19.0,61.0,5.0537109375,0.0003849656115567503,2.535386009041165,426.6666666666667,4169.0,1357.8869047619048
0.0,20,0,0,1,1,1,1714840.0,913.3333333333334,-6.666666666666629,6.666666666666629,0.11802952808895698,342.0,17,10,,,,,,,90,56.666666666666664,342.0,146.0,173.33333333333334,73.33333333333333,8.0,0.5354946361892843,173.33333333333334,221.0,376.68,-5.0,24.0,5.40771484375,0.00034748625622947605,2.8730786470159906,340.0,4025.0,1393.1888544891642
0.0,20,0,0,0,1,1,1715760.0,920.0,6.666666666666629,0.0,0.1962695748274496,331.0,17,10,,,,,,,90,56.666666666666664,331.0,115.0,,,,,176.66666666666666,218.0,368.9866666666667,9.0,34.0,4.638671875,0.0005066446318865344,2.595725693636794,,3692.0,1501.4741746441962
0.0,20,0,0,0,1,1,1716680.0,920.0,0.0,3.3333333333333712,0.22903726708074534,315.0,17,10,,,,,,,90,56.666666666666664,315.0,113.0,,,,,246.66666666666666,243.0,375.65333333333336,5.0,43.0,4.6630859375,0.0006317994122328211,2.3542386718914976,,3655.0,1553.2879818594104
0.0,20,0,0,1,1,1,1717603.3333333333,923.3333333333334,3.3333333333333712,-23.33333333333337,0.03881706294574927,314.0,17,10,,,,,,,90,56.666666666666664,314.0,187.0,126.66666666666667,86.66666666666667,12.0,1.7535863354943295,233.33333333333334,237.0,361.8066666666667,6.0,33.0,4.9560546875,0.00036951058137048895,2.4383519090060086,430.0,3736.0,1540.5125166641978
0.0,20,0,0,0,1,1,1718503.3333333333,900.0,-23.33333333333337,-3.3333333333333712,0.037925305208408575,360.0,16,10,,,,,,,90,53.333333333333336,360.0,136.0,,,,,196.66666666666666,236.0,408.7333333333333,-27.0,57.0,4.4189453125,0.0004872164836290598,2.6645282784475746,,3888.0,1316.0569105691056
0.0,20,0,0,1,1,1,1719400.0,896.6666666666666,-3.3333333333333712,-3.3333333333332575,0.0,347.0,17,10,,,,,,,90,56.666666666666664,347.0,168.0,176.66666666666666,156.66666666666666,21.0,0.3470609724765179,183.33333333333334,221.0,382.58000000000004,12.0,22.0,5.7861328125,0.0001045190474674015,2.865478179685729,323.3333333333333,4213.0,1746.932469770344
0.0,20,0,0,0,1,1,1720293.3333333333,893.3333333333334,-3.3333333333332575,-10.0,0.0,359.0,15,10,,,,,,,90,50.0,359.0,188.0,,,,,170.0,207.0,376.4266666666666,-34.0,41.0,3.82080078125,0.000801934135103476,2.661056881145382,,4100.0,1703.24503663751
0.0,20,0,0,1,1,1,1721176.6666666667,883.3333333333334,-10.0,0.0,0.0023992578295780505,310.0,17,10,,,,,,,90,56.666666666666664,310.0,207.0,130.0,100.0,18.0,2.5560137053673415,160.0,183.0,371.29999999999995,-12.0,27.0,4.87060546875,0.0004196039688853542,2.6072429911937234,390.0,4031.0,2216.708023159636
0.0,20,0,0,1,1,1,1722060.0,883.3333333333334,0.0,-6.6666666666667425,0.12371967654986521,303.0,16,10,,,,,,,90,53.333333333333336,303.0,178.0,180.0,160.0,20.0,0.7667055219519998,176.66666666666666,198.0,371.29999999999995,-11.0,48.0,5.48095703125,0.00030045868404112965,2.6949471308212964,346.6666666666667,3591.0,1846.915460776847
0.0,20,0,0,1,1,1,1722936.6666666667,876.6666666666666,-6.6666666666667425,-10.0,0.24262422360248442,264.0,17,10,,,,,,,90,56.666666666666664,264.0,128.0,133.33333333333334,93.33333333333333,6.0,2.6941181938078387,153.33333333333334,180.0,368.99333333333334,-8.0,47.0,5.0048828125,0.0002704761270138469,2.6880338795885903,386.6666666666667,3467.0,2018.025078369906
0.0,20,0,0,1,1,1,1723803.3333333333,866.6666666666666,-10.0,-13.333333333333258,0.24448815047430703,281.0,17,10,,,,,,,90,56.666666666666664,281.0,141.0,140.0,100.0,10.0,3.16765535609464,180.0,198.0,380.53333333333336,-6.0,56.0,5.13916015625,0.0002982414988338194,2.67530670203175,373.3333333333333,3449.0,1572.8266395526182
0.0,20,0,0,0,1,1,1724656.6666666667,853.3333333333334,-13.333333333333258,-3.3333333333333712,0.2481532779316713,307.0,17,10,,,,,,,90,56.666666666666664,307.0,177.0,,,,,163.33333333333334,190.0,382.58666666666664,-11.0,42.0,4.18701171875,0.0005846482338894714,2.6906042581072462,,3607.0,2047.4639367147508
0.0,20,0,0,1,1,1,1725506.6666666667,850.0,-3.3333333333333712,-6.666666666666629,0.2946658779145692,301.0,17,10,,,,,,,90,56.666666666666664,301.0,178.0,180.0,140.0,13.0,0.8455328481747859,163.33333333333334,182.0,383.1,-8.0,35.0,5.7861328125,0.0001850044269821762,2.7925248155070483,306.6666666666667,3731.0,1733.3525928065865
0.0,20,0,0,1,1,1,1726350.0,843.3333333333334,-6.666666666666629,6.666666666666629,0.3790510556277736,325.0,17,9,,,,,,,90,56.666666666666664,325.0,185.0,136.66666666666666,116.66666666666667,24.0,3.0880007059082075,166.66666666666666,193.0,387.46000000000004,-5.0,41.0,5.40771484375,0.0003665206675253829,2.660149594374334,346.6666666666667,3896.0,1517.7514792899408
0.0,20,0,0,1,1,1,1727200.0,850.0,6.666666666666629,0.0,0.4225757644189512,365.0,15,9,,,,,,,90,50.0,365.0,188.0,133.33333333333334,100.0,18.0,3.885519887456855,183.33333333333334,197.0,383.1,-19.0,32.0,5.45654296875,0.0003660487893335744,2.7113574744126527,350.0,4006.0,1448.1409001956947
0.0,20,0,0,1,1,1,1728050.0,850.0,0.0,10.0,0.37563025210084033,329.0,15,9,,,,,,,90,50.0,329.0,180.0,130.0,93.33333333333333,13.0,3.3353266574805005,176.66666666666666,195.0,373.09999999999997,-10.0,32.0,5.40771484375,0.0004277471320812335,2.678725335009556,356.6666666666667,3934.0,1943.0162202085048
0.0,20,0,0,1,1,1,1728910.0,860.0,10.0,10.0,0.2478408441711194,338.0,15,9,,,,,,,90,50.0,338.0,185.0,126.66666666666667,86.66666666666667,18.0,1.839195619034685,160.0,178.0,371.56,-16.0,51.0,5.18798828125,0.00036025484360620823,2.6115676791249287,380.0,3792.0,1237.9321083774526
0.0,20,0,0,0,1,1,1729780.0,870.0,10.0,10.0,0.040688212043710766,327.0,15,9,,,,,,,90,50.0,327.0,172.0,,,,,240.0,221.0,376.68666666666667,-10.0,53.0,4.8828125,0.00028878527503786196,2.676802614720194,,3823.0,1846.7002071618824
0.0,20,0,0,0,1,1,1730660.0,880.0,10.0,10.0,0.0032833174639655908,334.0,15,10,,,,,,,90,50.0,334.0,158.0,,,,,180.0,196.0,371.81333333333333,-13.0,37.0,4.58984375,0.0003578387534797252,2.6244926041303422,,3762.0,1448.715472281244
0.0,20,0,0,0,1,1,1731550.0,890.0,10.0,-10.0,0.166358295192651,334.0,15,9,,,,,,,90,50.0,334.0,154.0,,,,,176.66666666666666,201.0,366.94,13.0,50.0,6.298828125,0.00023086228453171926,2.8210984870932343,,3964.0,1690.4080038680404
0.0,20,0,0,1,1,1,1732430.0,880.0,-10.0,-16.66666666666663,0.3620396236714511,381.0,15,9,,,,,,,90,50.0,381.0,136.0,136.66666666666666,100.0,16.0,3.388905350564297,176.66666666666666,208.0,365.14666666666665,-11.0,50.0,5.23681640625,0.00027561089412518933,2.551451702249685,390.0,4023.0,1278.6863180563969
0.0,20,0,0,1,1,1,1733293.3333333333,863.3333333333334,-16.66666666666663,-10.0,0.4035619552860932,330.0,15,10,,,,,,,90,50.0,330.0,186.0,123.33333333333333,80.0,20.0,2.5869032079767145,180.0,203.0,374.38,2.0,60.0,5.11474609375,0.00043779400144498614,2.545796970055332,386.6666666666667,4266.0,2021.9435736677117
0.0,20,0,0,1,1,1,1734146.6666666667,853.3333333333334,-10.0,-33.33333333333337,0.2879872888369065,333.0,15,9,,,,,,,90,50.0,333.0,166.0,143.33333333333334,106.66666666666667,18.0,3.4024218986573675,170.0,208.0,369.25333333333333,-5.0,42.0,5.35888671875,0.0006052556380259012,2.5906991934492702,356.6666666666667,4001.0,1532.3734949903173
0.0,20,0,0,0,1,1,1734966.6666666667,820.0,-33.33333333333337,10.0,0.21277783983022452,304.0,16,9,,,,,,,90,53.333333333333336,304.0,122.0,,,,,173.33333333333334,212.0,377.72,-12.0,54.0,4.65087890625,0.00103071646125744,2.5440211504382093,,4143.0,2043.6730123180291
0.0,20,0,0,1,1,1,1735796.6666666667,830.0,10.0,10.0,0.39450308287177355,363.0,16,9,,,,,,,90,53.333333333333336,363.0,250.0,130.0,86.66666666666667,24.0,2.9884289594740903,233.33333333333334,243.0,372.84666666666664,18.0,46.0,5.3466796875,0.000710093415445607,2.587968679816229,346.6666666666667,3996.0,1962.8099173553717
0.0,20,0,0,1,1,1,1736636.6666666667,840.0,10.0,43.33333333333337,0.5170871046563651,344.0,16,9,,,,,,,90,53.333333333333336,344.0,179.0,143.33333333333334,103.33333333333333,24.0,4.152448586062253,166.66666666666666,213.0,367.9733333333333,4.0,52.0,5.23681640625,0.0005746140734133002,2.617156118457351,346.6666666666667,3988.0,1576.4758497316636
0.0,20,0,0,1,1,1,1737520.0,883.3333333333334,43.33333333333337,0.0,0.5530008721160707,325.0,16,8,,,,,,,90,53.333333333333336,325.0,174.0,143.33333333333334,100.0,21.0,3.4124560367938503,233.33333333333334,236.0,371.29999999999995,3.0,58.0,4.94384765625,0.0006887491983170904,2.425163622390154,396.6666666666667,3911.0,1543.6328377504847
0.0,20,0,0,1,1,1,1738403.3333333333,883.3333333333334,0.0,13.333333333333258,0.5660377358490566,332.0,15,9,,,,,,,90,50.0,332.0,177.0,133.33333333333334,93.33333333333333,27.0,3.322063954428259,223.33333333333334,233.0,374.6333333333333,-1.0,47.0,4.833984375,0.0006809691446028515,2.399207159627938,390.0,3989.0,1166.2032746370094
0.0,20,0,0,1,1,1,1739300.0,896.6666666666666,13.333333333333258,-3.3333333333332575,0.5674836706977947,372.0,15,9,,,,,,,90,50.0,372.0,162.0,140.0,100.0,19.0,2.8268756371936234,166.66666666666666,196.0,375.9133333333333,-2.0,43.0,4.9560546875,0.0004863833311096242,2.500112483719687,396.6666666666667,4006.0,1077.5277853076716
0.0,20,0,0,0,1,1,1740193.3333333333,893.3333333333334,-3.3333333333332575,3.3333333333332575,0.63812498008349,335.0,15,9,,,,,,,90,50.0,335.0,176.0,,,,,243.33333333333334,229.0,373.0933333333333,15.0,49.0,3.7109375,0.000691992326355359,2.733857198389555,,4099.0,1706.5615319628273
0.0,20,0,0,0,1,1,1741090.0,896.6666666666666,3.3333333333332575,-3.3333333333332575,0.6779877834276758,364.0,15,10,,,,,,,90,50.0,364.0,134.0,,,,,186.66666666666666,203.0,375.9133333333333,-20.0,39.0,3.94287109375,0.0008406701541097759,2.5656340609131503,,3853.0,1550.480769230769
0.0,20,0,0,1,1,1,1741983.3333333333,893.3333333333334,-3.3333333333332575,10.0,0.5951053185048278,320.0,17,10,,,,,,,90,56.666666666666664,320.0,136.0,120.0,100.0,20.0,0.7812549884825977,230.0,212.0,383.09333333333336,11.0,23.0,4.79736328125,0.0004915034769947716,2.6670962338612734,410.0,3858.0,1074.6951219512193
0.0,20,0,0,1,1,1,1742886.6666666667,903.3333333333334,10.0,-6.6666666666667425,0.4756397821383272,364.0,17,11,,,,,,,90,56.666666666666664,364.0,119.0,133.33333333333334,113.33333333333333,14.0,2.3301083078846947,166.66666666666666,185.0,381.55333333333334,-2.0,27.0,4.8583984375,0.00048801503686783713,2.5934109699175423,396.6666666666667,3745.0,1066.580478345184
0.0,20,0,0,1,1,1,1743783.3333333333,896.6666666666666,-6.6666666666667425,-16.66666666666663,0.2712577502214349,352.0,16,9,,,,,,,90,53.333333333333336,352.0,134.0,130.0,90.0,11.0,2.679482864151206,183.33333333333334,198.0,375.9133333333333,4.0,24.0,4.9560546875,0.0004891896725692116,2.6058336596143503,403.3333333333333,3873.0,1183.3208114199851
0.0,20,0,0,1,1,1,1744663.3333333333,880.0,-16.66666666666663,-46.66666666666663,0.0,321.0,16,9,,,,,,,90,53.333333333333336,321.0,131.0,136.66666666666666,93.33333333333333,16.0,3.113890557532361,230.0,218.0,381.81333333333333,-4.0,28.0,4.84619140625,0.000488369585304374,2.475316446960648,380.0,3862.0,1426.463354648303
0.0,20,0,0,1,1,1,1745496.6666666667,833.3333333333334,-46.66666666666663,-16.666666666666742,0.0056878507507963,357.0,15,9,,,,,,,90,50.0,357.0,148.0,150.0,110.0,20.0,2.166030651722547,180.0,192.0,385.6666666666667,-8.0,24.0,5.84716796875,0.000363859244587686,2.753171710713535,316.6666666666667,3814.0,1132.2423706324635
0.0,20,0,0,0,1,1,1746313.3333333333,816.6666666666666,-16.666666666666742,-16.66666666666663,0.30440747727662487,332.0,16,9,,,,,,,90,53.333333333333336,332.0,145.0,,,,,213.33333333333334,216.0,374.90000000000003,-9.0,51.0,4.60205078125,0.0007937912770734096,2.7227868284605643,,3921.0,1694.277108433735
0.0,20,0,0,0,1,1,1747113.3333333333,800.0,-16.66666666666663,-20.0,0.5284955958700344,339.0,15,9,,,,,,,90,50.0,339.0,176.0,,,,,230.0,216.0,390.79999999999995,-11.0,64.0,4.79736328125,0.0008578616102426514,2.7047907139512604,,3892.0,1881.3503769255983
0.0,20,0,0,1,1,1,1747893.3333333333,780.0,-20.0,43.33333333333337,0.7173229471878795,321.0,15,9,,,,,,,90,50.0,321.0,143.0,146.66666666666666,100.0,17.0,3.66763362355829,180.0,199.0,387.2133333333333,-16.0,27.0,5.57861328125,0.0002677224012803107,2.8421570845012623,270.0,3927.0,1511.4803276797047
0.0,20,0,0,0,1,1,1748716.6666666667,823.3333333333334,43.33333333333337,23.333333333333258,0.8689978168335549,358.0,15,9,,,,,,,90,50.0,358.0,157.0,,,,,230.0,228.0,387.20666666666665,-2.0,51.0,4.62646484375,0.0005759189286842951,2.7697496072229564,,4040.0,1658.0207501995208
0.0,20,0,0,0,1,1,1749563.3333333333,846.6666666666666,23.333333333333258,33.33333333333337,0.8237089446120766,360.0,16,9,,,,,,,90,53.333333333333336,360.0,156.0,,,,,160.0,186.0,380.28000000000003,-4.0,53.0,4.1259765625,0.00113075841678466,2.61587709190821,,4058.0,1770.1149425287358
0.0,20,0,0,1,1,1,1750443.3333333333,880.0,33.33333333333337,-23.33333333333337,0.8008317410363044,320.0,15,8,,,,,,,90,50.0,320.0,154.0,143.33333333333334,96.66666666666667,15.0,3.9962612795904455,190.0,203.0,378.47999999999996,-3.0,37.0,4.9560546875,0.0005327767432007504,2.5112535255781907,380.0,3959.0,1422.6973684210527
0.0,20,0,0,1,1,1,1751300.0,856.6666666666666,-23.33333333333337,30.0,0.7698887938408896,322.0,16,9,,,,,,,90,53.333333333333336,322.0,189.0,140.0,100.0,21.0,1.636666039531148,186.66666666666666,194.0,382.0733333333333,-6.0,28.0,5.28564453125,0.0006027912590570787,2.6520113147765514,350.0,3941.0,1730.2573203194322
0.0,20,0,0,1,1,1,1752186.6666666667,886.6666666666666,30.0,-6.666666666666629,0.7107306722362325,347.0,16,9,,,,,,,90,53.333333333333336,347.0,142.0,143.33333333333334,100.0,23.0,3.7419534764778213,246.66666666666666,232.0,377.4533333333333,-2.0,27.0,4.931640625,0.0005060834561799291,2.665026130266514,380.0,4069.0,1251.3271651751857
0.0,20,0,0,1,1,1,1753066.6666666667,880.0,-6.666666666666629,10.0,0.8049008443804655,388.0,15,9,,,,,,,90,50.0,388.0,174.0,143.33333333333334,106.66666666666667,21.0,2.8390714164519846,246.66666666666666,234.0,378.47999999999996,-7.0,29.0,4.94384765625,0.0006498373711694771,2.4904074192100323,373.3333333333333,4076.0,1125.2761413843891
0.0,20,0,0,0,1,1,1753956.6666666667,890.0,10.0,-6.666666666666629,0.7701171811601261,344.0,16,9,,,,,,,90,53.333333333333336,344.0,157.0,,,,,186.66666666666666,199.0,373.6066666666667,6.0,46.0,3.7109375,0.0008585802019986802,2.67185034017777,,4100.0,1562.0400353252871
0.0,20,0,0,1,1,1,1754840.0,883.3333333333334,-6.666666666666629,-56.66666666666674,0.71840618177148,350.0,15,10,,,,,,,90,50.0,350.0,224.0,130.0,86.66666666666667,21.0,1.7265966268560398,170.0,189.0,377.96666666666664,-18.0,38.0,4.9072265625,0.0005886444845863509,2.662785144698626,390.0,3937.0,1648.3516483516482
0.0,20,0,0,0,1,1,1755666.6666666667,826.6666666666666,-56.66666666666674,3.3333333333333712,0.5254720342002137,326.0,16,9,,,,,,,90,53.333333333333336,326.0,147.0,,,,,163.33333333333334,205.0,386.6933333333333,-2.0,50.0,4.60205078125,0.000605780832726579,2.742340531838108,,4053.0,1879.9298860648553
0.0,20,0,0,1,1,1,1756496.6666666667,830.0,3.3333333333333712,6.666666666666629,0.5183913739675372,351.0,15,9,,,,,,,90,50.0,351.0,213.0,126.66666666666667,80.0,23.0,2.121555019049639,173.33333333333334,203.0,376.17999999999995,-1.0,33.0,5.3955078125,0.0005333908734218097,2.5960988778637253,340.0,4030.0,1726.1605496899615
0.0,20,0,0,0,1,1,1757333.3333333333,836.6666666666666,6.666666666666629,6.6666666666667425,0.5179890780597495,350.0,15,10,,,,,,,90,50.0,350.0,172.0,,,,,180.0,222.0,401.82000000000005,-6.0,54.0,4.6630859375,0.0006113035181871001,2.544883012612592,,4011.0,1720.2380952380952
0.0,20,0,0,1,1,1,1758176.6666666667,843.3333333333334,6.6666666666667425,-40.0,0.5992215241737231,333.0,17,12,,,,,,,90,56.666666666666664,333.0,137.0,140.0,103.33333333333333,16.0,4.260251235636009,203.33333333333334,217.0,407.46,6.0,28.0,5.94482421875,0.0004085376064108701,2.7484716189779768,316.6666666666667,3971.0,1479.3741109530583
0.0,20,0,0,0,1,1,1758980.0,803.3333333333334,-40.0,20.0,0.6790744466800803,339.0,16,9,,,,,,,90,53.333333333333336,339.0,149.0,,,,,186.66666666666666,206.0,393.62,-5.0,48.0,4.9072265625,0.0005608800668130024,2.7858613504281577,,3810.0,1341.2610619469028
0.0,20,0,0,1,1,1,1759803.3333333333,823.3333333333334,20.0,-16.666666666666742,0.7527372262773723,333.0,16,8,,,,,,,90,53.333333333333336,333.0,151.0,146.66666666666666,93.33333333333333,9.0,-0.6292123213206793,186.66666666666666,208.0,387.20666666666665,1.0,31.0,6.0791015625,0.00033262636677308026,2.7378463854468196,313.3333333333333,3937.0,1054.2457350967989
0.0,20,0,0,1,1,1,1760610.0,806.6666666666666,-16.666666666666742,0.0,0.6049296997049123,356.0,16,9,,,,,,,90,53.333333333333336,356.0,137.0,136.66666666666666,96.66666666666667,18.0,0.35811311357383957,223.33333333333334,230.0,386.44,0.0,30.0,6.01806640625,0.00036604180241600295,2.724178159384162,303.3333333333333,3938.0,926.0402518829486
0.0,20,0,0,1,1,1,1761416.6666666667,806.6666666666666,0.0,0.0,0.4825855962219599,341.0,16,9,,,,,,,90,53.333333333333336,341.0,168.0,140.0,100.0,13.0,3.416066926482628,223.33333333333334,222.0,389.7733333333333,5.0,37.0,5.96923828125,0.0003476368303339016,2.684946721755541,306.6666666666667,4023.0,1539.5894428152492
0.0,20,0,0,1,1,1,1762223.3333333333,806.6666666666666,0.0,16.666666666666742,0.2674144037780401,345.0,15,8,,,,,,,90,50.0,345.0,166.0,153.33333333333334,110.0,15.0,3.5374199164858986,263.3333333333333,225.0,386.44,-22.0,31.0,5.96923828125,0.00039093598660041256,2.7502459091221585,293.3333333333333,3905.0,1393.2806324110672
0.0,20,0,0,1,1,1,1763046.6666666667,823.3333333333334,16.666666666666742,-6.6666666666667425,0.35404496371039124,337.0,16,9,,,,,,,90,53.333333333333336,337.0,155.0,153.33333333333334,110.0,20.0,2.8992443606601483,183.33333333333334,201.0,387.20666666666665,-2.0,37.0,5.95703125,0.00034957650773898073,2.774409220498759,306.6666666666667,4139.0,1248.2260353502772
0.0,20,0,0,1,1,1,1763863.3333333333,816.6666666666666,-6.6666666666667425,-3.3333333333332575,0.34360683048729695,385.0,14,9,,,,,,,90,46.666666666666664,385.0,151.0,126.66666666666667,86.66666666666667,22.0,2.4328871977393867,183.33333333333334,197.0,388.2333333333333,-12.0,27.0,5.35888671875,0.0006034075943599909,2.6385690366456735,326.6666666666667,4190.0,1932.1494831698913
0.0,20,0,0,1,1,1,1764676.6666666667,813.3333333333334,-3.3333333333332575,-23.33333333333337,0.17144256674014205,349.0,14,10,,,,,,,90,46.666666666666664,349.0,156.0,146.66666666666666,100.0,11.0,1.4880615398201567,186.66666666666666,200.0,388.7466666666666,18.0,27.0,5.96923828125,0.0003816752752766229,2.7633106589314007,300.0,4171.0,983.7631327602675
0.0,20,0,0,1,1,1,1765466.6666666667,790.0,-23.33333333333337,-20.0,0.0017574486532085153,358.0,14,9,,,,,,,90,46.666666666666664,358.0,142.0,150.0,106.66666666666667,14.0,4.159608303041317,183.33333333333334,194.0,389.00666666666666,-19.0,28.0,5.5419921875,0.00030371967206420657,2.8924526949899363,280.0,4359.0,1117.31843575419
0.0,20,0,0,1,1,1,1766236.6666666667,770.0,-20.0,6.666666666666629,0.09498480243161093,367.0,14,9,,,,,,,90,46.666666666666664,367.0,170.0,146.66666666666666,100.0,14.0,2.6459773176730277,186.66666666666666,204.0,395.42,9.0,27.0,5.55419921875,0.00031086605266739164,2.8836033706601496,263.3333333333333,4389.0,1583.1407581140274
0.0,20,0,0,1,1,1,1767013.3333333333,776.6666666666666,6.666666666666629,10.0,0.3283290462999604,356.0,14,9,,,,,,,90,46.666666666666664,356.0,168.0,143.33333333333334,96.66666666666667,21.0,3.8422663772864922,163.33333333333334,190.0,391.06,-15.0,29.0,5.62744140625,0.0003489070753707246,2.855779103651541,270.0,4384.0,1737.4115688722432
0.0,20,0,0,1,1,1,1767800.0,786.6666666666666,10.0,-10.0,0.5056944257150213,345.0,14,9,,,,,,,90,46.666666666666664,345.0,182.0,140.0,100.0,20.0,4.1585472014502685,176.66666666666666,188.0,386.18666666666667,2.0,31.0,5.94482421875,0.00038085733701436435,2.765747117546739,286.6666666666667,4061.0,1759.3528816986855
0.0,20,0,0,1,1,1,1768576.6666666667,776.6666666666666,-10.0,-23.333333333333258,0.5004298913767423,320.0,17,10,,,,,,,90,56.666666666666664,320.0,139.0,133.33333333333334,93.33333333333333,12.0,3.223783833187902,193.33333333333334,190.0,401.06,0.0,38.0,6.0302734375,0.00033002226798938147,2.7944163174950054,283.3333333333333,3883.0,1202.2058823529412
0.0,20,0,0,1,1,1,1769330.0,753.3333333333334,-23.333333333333258,6.666666666666629,0.5512202304266205,325.0,17,10,,,,,,,90,56.666666666666664,325.0,164.0,136.66666666666666,100.0,19.0,3.2434867741481845,166.66666666666666,185.0,404.65333333333336,1.0,23.0,5.810546875,0.00023454079563482957,2.964523125799367,246.66666666666666,3911.0,1484.4074844074844
0.0,20,0,0,0,1,1,1770090.0,760.0,6.666666666666629,6.666666666666629,0.5185555021867179,362.0,17,10,,,,,,,90,56.666666666666664,362.0,156.0,,,,,190.0,191.0,403.62666666666667,4.0,48.0,5.517578125,0.0004595987318776696,2.8126335229840316,,4078.0,1537.044907210653
0.0,20,0,0,1,1,1,1770856.6666666667,766.6666666666666,6.666666666666629,13.333333333333371,0.37117548299797026,368.0,15,8,,,,,,,90,50.0,368.0,150.0,156.66666666666666,113.33333333333333,21.0,4.074851931083611,163.33333333333334,183.0,395.93333333333334,-24.0,21.0,5.87158203125,0.00024089466681518568,2.904572717555417,246.66666666666666,4165.0,1046.5628672150413
0.0,20,0,0,0,1,1,1771636.6666666667,780.0,13.333333333333371,-13.333333333333371,0.13784025432147826,351.0,15,8,,,,,,,90,50.0,351.0,164.0,,,,,186.66666666666666,178.0,390.5466666666667,-13.0,50.0,5.16357421875,0.000823214114259966,2.6128053673784084,,4090.0,1682.0512820512822
0.0,20,0,0,1,1,1,1772403.3333333333,766.6666666666666,-13.333333333333371,-10.0,0.0458032050029314,328.0,15,8,,,,,,,90,50.0,328.0,145.0,143.33333333333334,100.0,15.0,3.8246648798141294,186.66666666666666,172.0,392.6000000000001,-23.0,25.0,5.74951171875,0.0002778519365455766,2.9195545691677407,263.3333333333333,3993.0,1319.8518061129978
0.0,20,0,0,1,1,1,1773160.0,756.6666666666666,-10.0,-10.0,0.047527926539842696,331.0,15,8,,,,,,,90,50.0,331.0,197.0,156.66666666666666,110.0,20.0,4.066402993803276,186.66666666666666,180.0,394.14000000000004,-15.0,25.0,6.57958984375,0.00021863245684251707,2.94527760754842,240.0,3980.0,1623.867069486405
0.0,20,0,0,1,1,1,1773906.6666666667,746.6666666666666,-10.0,0.0,0.09442395094990495,331.0,15,8,,,,,,,90,50.0,331.0,220.0,150.0,103.33333333333333,23.0,3.4611334752901612,180.0,182.0,389.0133333333333,-16.0,22.0,6.48193359375,0.00025187259297544933,2.8989772519398356,236.66666666666666,3897.0,1991.4046210799545
0.0,20,0,0,1,1,1,1774653.3333333333,746.6666666666666,0.0,6.6666666666667425,0.09566326530612246,307.0,15,7,,,,,,,90,50.0,307.0,127.0,150.0,106.66666666666667,19.0,3.143862095030828,203.33333333333334,196.0,389.0133333333333,-12.0,25.0,5.87158203125,0.00026714174282241695,2.9415926204279357,246.66666666666666,3966.0,1479.0034334008278
0.0,20,0,0,1,1,1,1775406.6666666667,753.3333333333334,6.6666666666667425,-26.666666666666742,0.09564618563011708,354.0,15,8,,,,,,,90,50.0,354.0,187.0,160.0,113.33333333333333,18.0,3.9107924438541097,173.33333333333334,168.0,387.9866666666666,-20.0,25.0,6.55517578125,0.00023518843046215832,2.9211836732500904,236.66666666666666,3817.0,2005.2518500835524
0.0,20,0,0,1,1,1,1776133.3333333333,726.6666666666666,-26.666666666666742,0.0,0.0977303780173068,296.0,15,8,,,,,,,90,50.0,296.0,171.0,150.0,103.33333333333333,15.0,4.024891503881868,180.0,182.0,385.4266666666666,-18.0,25.0,6.591796875,0.00025598553392249787,2.924695658167214,223.33333333333334,3811.0,1800.1210165389268
0.0,20,0,0,1,1,1,1776860.0,726.6666666666666,0.0,3.3333333333333712,0.24672346002621234,325.0,15,8,,,,,,,90,50.0,325.0,142.0,143.33333333333334,93.33333333333333,19.0,3.834678747365235,230.0,207.0,385.4266666666666,3.0,39.0,6.77490234375,0.00021203982688340527,2.9369068879032345,236.66666666666666,3651.0,1222.1018418201518
0.0,20,0,0,1,1,1,1777590.0,730.0,3.3333333333333712,20.0,0.2919129306616693,337.0,15,7,,,,,,,90,50.0,337.0,150.0,146.66666666666666,100.0,17.0,4.00901056741078,176.66666666666666,181.0,384.91333333333336,-13.0,35.0,6.8115234375,0.0002341550905448184,2.933688659683952,240.0,3844.0,1322.9475766567755
0.0,20,0,0,0,1,1,1778340.0,750.0,20.0,0.0,0.14375684556407448,356.0,16,9,,,,,,,90,53.333333333333336,356.0,149.0,,,,,176.66666666666666,180.0,388.49999999999994,-6.0,50.0,5.38330078125,0.0003991779854077399,2.7920957284798598,,3890.0,1742.0451326598056
0.0,20,0,0,1,1,1,1779090.0,750.0,0.0,-33.33333333333337,0.0,336.0,16,10,,,,,,,90,53.333333333333336,336.0,151.0,160.0,116.66666666666667,15.0,4.193844294594868,190.0,181.0,401.8333333333333,-10.0,34.0,6.70166015625,0.00021857569742914602,2.9396184289319907,233.33333333333334,4008.0,1352.0408163265306
0.0,20,0,0,1,1,1,1779806.6666666667,716.6666666666666,-33.33333333333337,10.0,0.002859684799186579,354.0,16,9,,,,,,,90,53.333333333333336,354.0,178.0,136.66666666666666,93.33333333333333,17.0,3.928941251871702,180.0,182.0,396.9666666666667,-11.0,21.0,6.48193359375,0.00025850023571284393,2.918952446779733,216.66666666666666,3985.0,1629.7262059973923
0.0,20,0,0,0,1,1,1780533.3333333333,726.6666666666666,10.0,6.6666666666667425,0.14945995137569582,351.0,16,9,,,,,,,90,53.333333333333336,351.0,173.0,,,,,180.0,193.0,402.0933333333333,-2.0,58.0,6.01806640625,0.0008316436972840819,2.619505350500973,,4011.0,1786.4017864017862
0.0,20,0,0,1,1,1,1781266.6666666667,733.3333333333334,6.6666666666667425,13.333333333333258,0.14643446811856278,340.0,16,9,,,,,,,90,53.333333333333336,340.0,182.0,140.0,96.66666666666667,17.0,2.8228556916343717,170.0,187.0,387.7333333333333,-6.0,20.0,6.48193359375,0.00030154203900019215,2.9073551401733395,230.0,4007.0,1406.6496163682864
0.0,20,0,0,1,1,1,1782013.3333333333,746.6666666666666,13.333333333333258,-6.666666666666629,0.09736719115126966,355.0,16,9,,,,,,,90,53.333333333333336,355.0,148.0,143.33333333333334,103.33333333333333,14.0,4.416822781635048,186.66666666666666,197.0,402.3466666666667,-1.0,39.0,5.6640625,0.00032067089701326657,2.8638910542571328,253.33333333333334,4118.0,1367.6797627872497
0.0,20,0,0,1,1,1,1782753.3333333333,740.0,-6.666666666666629,-13.333333333333371,0.09568035108310158,351.0,16,10,,,,,,,90,53.333333333333336,351.0,184.0,136.66666666666666,93.33333333333333,14.0,3.249845066025987,173.33333333333334,188.0,386.7066666666667,-18.0,22.0,6.494140625,0.00033186272802035536,2.9094816094928664,233.33333333333334,4117.0,1782.6617826617826
0.0,20,0,0,1,1,1,1783480.0,726.6666666666666,-13.333333333333371,0.0,0.09655989288289216,336.0,16,9,,,,,,,90,53.333333333333336,336.0,130.0,146.66666666666666,93.33333333333333,14.0,3.0675979549719443,173.33333333333334,199.0,385.4266666666666,6.0,41.0,6.8359375,0.000279084236380434,2.9278106343404864,233.33333333333334,4175.0,1645.4081632653063
0.0,20,0,0,0,1,1,1784206.6666666667,726.6666666666666,0.0,13.333333333333371,0.0973132372214941,384.0,16,9,,,,,,,90,53.333333333333336,384.0,145.0,,,,,156.66666666666666,183.0,385.4266666666666,-5.0,51.0,5.9814453125,0.000742342437477395,2.6534097621674286,,4003.0,1528.234649122807
0.0,20,0,0,1,1,1,1784946.6666666667,740.0,13.333333333333371,13.333333333333371,0.048147468818782097,331.0,16,9,,,,,,,90,53.333333333333336,331.0,136.0,143.33333333333334,103.33333333333333,20.0,3.8115521120881084,173.33333333333334,194.0,386.7066666666667,1.0,44.0,5.810546875,0.0002897740950466639,2.83257781193724,250.0,4024.0,1546.8277945619334
0.0,20,0,0,0,1,1,1785700.0,753.3333333333334,13.333333333333371,0.0,0.0,317.0,16,8,,,,,,,90,53.333333333333336,317.0,177.0,,,,,206.66666666666666,211.0,377.9866666666667,4.0,50.0,5.31005859375,0.0009107487482793098,2.528631302110395,,4029.0,1993.5874230749337
0.0,20,0,0,0,1,1,1786453.3333333333,753.3333333333334,0.0,-16.666666666666742,0.0,334.0,15,9,,,,,,,90,50.0,334.0,194.0,,,,,186.66666666666666,205.0,377.9866666666667,-15.0,63.0,5.43212890625,0.0010371725614491155,2.5292093805603417,,4119.0,2260.2336310984588
0.0,20,0,0,1,1,1,1787190.0,736.6666666666666,-16.666666666666742,-10.0,0.0,341.0,16,9,,,,,,,90,53.333333333333336,341.0,176.0,143.33333333333334,96.66666666666667,13.0,3.3446902156051905,206.66666666666666,225.0,423.88666666666666,9.0,44.0,5.92041015625,0.00027285864777502644,2.8938082797653135,250.0,4261.0,1794.7214076246332
0.0,20,0,0,1,1,1,1787916.6666666667,726.6666666666666,-10.0,16.666666666666742,0.0,367.0,16,8,,,,,,,90,53.333333333333336,367.0,171.0,143.33333333333334,100.0,17.0,3.765598057372822,186.66666666666666,200.0,398.76,-4.0,23.0,8.251953125,0.00020955178202280376,3.0555532836000365,200.0,4576.0,1512.2615803814713
0.0,20,0,0,1,1,1,1788660.0,743.3333333333334,16.666666666666742,-6.6666666666667425,0.0,368.0,16,9,,,,,,,90,53.333333333333336,368.0,429.0,146.66666666666666,126.66666666666667,66.0,2.5999259294775996,186.66666666666666,191.0,399.52666666666664,2.0,61.0,6.87255859375,0.00041773684892921505,3.047186807438602,233.33333333333334,4529.0,5170.807453416149
0.0,20,0,0,1,1,1,1789396.6666666667,736.6666666666666,-6.6666666666667425,-6.666666666666629,0.0,320.0,16,9,,,,,,,90,53.333333333333336,320.0,155.0,143.33333333333334,100.0,16.0,3.2773739880675947,186.66666666666666,190.0,403.88666666666666,-11.0,21.0,6.5185546875,0.00034753879460995004,2.931835396736893,230.0,4317.0,1494.5652173913045
0.0,20,0,0,1,1,1,1790126.6666666667,730.0,-6.666666666666629,-10.0,0.0,353.0,16,9,,,,,,,90,53.333333333333336,353.0,160.0,130.0,80.0,18.0,1.5980326105235907,170.0,189.0,388.24666666666667,1.0,23.0,6.55517578125,0.00025430457884750195,2.95424862353104,233.33333333333334,4075.0,1541.8858761634965
0.0,20,0,0,1,1,1,1790846.6666666667,720.0,-10.0,6.666666666666629,0.0019574834592647693,349.0,16,8,,,,,,,90,53.333333333333336,349.0,170.0,143.33333333333334,93.33333333333333,19.0,3.1497210780303853,170.0,193.0,386.4533333333333,-2.0,37.0,6.7626953125,0.0003049692300699035,2.92712728655328,230.0,4040.0,1432.6647564469915
0.0,20,0,0,0,1,1,1791573.3333333333,726.6666666666666,6.666666666666629,3.3333333333333712,0.09819610125109107,334.0,16,8,,,,,,,90,53.333333333333336,334.0,167.0,,,,,163.33333333333334,182.0,388.76,-5.0,56.0,6.005859375,0.0007306830334636447,2.6504788808160673,,4102.0,1867.3179955877717
0.0,20,0,0,1,1,1,1792303.3333333333,730.0,3.3333333333333712,-20.0,0.04816071920007338,347.0,15,9,,,,,,,90,50.0,347.0,120.0,143.33333333333334,96.66666666666667,12.0,3.1820427309421895,180.0,190.0,391.58,-12.0,30.0,6.6650390625,0.00033993451005107024,2.914203203394601,233.33333333333334,4102.0,1247.426924660354
0.0,20,0,0,1,1,1,1793013.3333333333,710.0,-20.0,3.3333333333333712,0.0009790100250626566,329.0,15,9,,,,,,,90,50.0,329.0,159.0,143.33333333333334,100.0,19.0,3.2719259545923958,173.33333333333334,191.0,387.9933333333333,-6.0,22.0,6.5673828125,0.00034917738635749287,2.9293406907452515,213.33333333333334,4121.0,1510.2583586626138
0.0,20,0,0,1,1,1,1793726.6666666667,713.3333333333334,3.3333333333333712,3.3333333333332575,0.05130302989658919,359.0,16,8,,,,,,,90,53.333333333333336,359.0,151.0,140.0,100.0,21.0,4.293694185275413,170.0,199.0,387.48,4.0,31.0,6.6650390625,0.0004005358021223733,2.925417505686209,230.0,4193.0,1162.64987283517
0.0,20,0,0,1,1,1,1794443.3333333333,716.6666666666666,3.3333333333332575,16.666666666666742,0.09812167087188112,360.0,16,9,,,,,,,90,53.333333333333336,360.0,167.0,143.33333333333334,93.33333333333333,20.0,3.977706044098344,233.33333333333334,227.0,390.29999999999995,-11.0,37.0,6.73828125,0.00034877898993850834,2.915441628404233,223.33333333333334,4239.0,1417.910447761194
0.0,20,0,0,1,1,1,1795176.6666666667,733.3333333333334,16.666666666666742,0.0,0.0,350.0,16,9,,,,,,,90,53.333333333333336,350.0,229.0,150.0,106.66666666666667,28.0,3.625395507117503,173.33333333333334,190.0,384.4,4.0,28.0,6.6162109375,0.00038859769383706334,2.9345723281961975,233.33333333333334,4134.0,2130.612244897959
0.0,20,0,0,1,1,1,1795910.0,733.3333333333334,0.0,10.0,0.0,337.0,16,10,,,,,,,90,53.333333333333336,337.0,118.0,156.66666666666666,113.33333333333333,13.0,4.222335798612477,170.0,185.0,384.4,3.0,33.0,6.65283203125,0.00038841966846644803,2.9176105757061315,226.66666666666666,4200.0,1125.8509338453484
0.0,20,0,0,1,1,1,1796653.3333333333,743.3333333333334,10.0,0.0,0.001947520806013944,391.0,15,10,,,,,,,90,50.0,391.0,192.0,146.66666666666666,100.0,21.0,4.17479979328748,246.66666666666666,230.0,379.5266666666667,-13.0,34.0,5.8837890625,0.0003402887128667533,2.915559133388122,250.0,4186.0,1514.0664961636828
0.0,20,0,0,1,1,1,1797396.6666666667,743.3333333333334,0.0,43.33333333333326,0.09801409352978858,340.0,17,10,,,,,,,90,56.666666666666664,340.0,171.0,140.0,100.0,22.0,3.902828378000436,186.66666666666666,202.0,389.52666666666664,10.0,41.0,5.74951171875,0.0003473436771762322,2.8493299317974303,260.0,4453.0,1821.2669683257918
0.0,20,0,0,1,1,1,1798183.3333333333,786.6666666666666,43.33333333333326,3.3333333333333712,0.19867931047721424,401.0,15,9,,,,,,,90,50.0,401.0,163.0,143.33333333333334,100.0,16.0,3.128614333381046,173.33333333333334,200.0,376.18666666666667,-19.0,34.0,6.2255859375,0.00032637589098704646,2.7502441696351076,293.3333333333333,4424.0,1615.279981863523
0.0,20,0,0,1,1,1,1798973.3333333333,790.0,3.3333333333333712,-10.0,0.5020760952461656,398.0,15,9,,,,,,,90,50.0,398.0,151.0,143.33333333333334,93.33333333333333,16.0,3.1186392416645017,186.66666666666666,192.0,389.00666666666666,-27.0,43.0,6.0546875,0.0004043431104948341,2.8043570815732966,300.0,4478.0,1566.1641541038525
0.0,20,0,0,1,1,1,1799753.3333333333,780.0,-10.0,-10.0,0.6339760518033497,362.0,15,9,,,,,,,90,50.0,362.0,140.0,146.66666666666666,100.0,17.0,3.318343054696994,333.3333333333333,193.0,430.5466666666666,-11.0,22.0,5.99365234375,0.0003135025582008563,2.994487046290889,273.3333333333333,2784.0,1111.7100121277458
